0.000000000000000000e+00	0.000000000000000000e+00	3.749202297383535409e+01	2.552648372686662270e+01	1.475749840459476658e+01	5.982769623484364807e+00	2.393107849393746100e+00	1.395979578813018485e+01	2.512763241863433095e+01	3.749202297383535409e+01	1.555520102105934832e+01	1.475749840459476658e+01	1.794830887045309353e+01	4.387364390555200444e+00	2.153797064454371224e+01	2.632418634333120622e+01	1.515634971282705656e+01	1.076898532227185612e+01	2.113911933631142048e+01	1.794830887045309353e+01
0.000000000000000000e+00	0.000000000000000000e+00	7.977026164645819151e+00	0.000000000000000000e+00	4.786215698787492201e+00	0.000000000000000000e+00	0.000000000000000000e+00	5.982769623484364807e+00	0.000000000000000000e+00	0.000000000000000000e+00	0.000000000000000000e+00	0.000000000000000000e+00	2.393107849393746100e+00	7.179323548181237413e+00	0.000000000000000000e+00	5.583918315252073938e+00	2.791959157626036969e+01	4.599121268486629788e+01	0.000000000000000000e+00	5.185067007019783070e+00
3.749202297383535409e+01	7.977026164645819151e+00	0.000000000000000000e+00	4.028398213146138573e+01	7.788400961733404415e+01	0.000000000000000000e+00	1.635290363752393006e+01	1.914486279514996880e+01	1.954371410338225701e+01	3.588981430707706011e+01	2.712188895979578618e+01	1.356094447989789309e+01	1.435864709636247483e+01	2.765085594001003955e+01	1.914486279514996880e+01	2.871729419272494965e+01	3.031269942565411313e+01	7.190634256922152190e+01	6.977856863916355223e+01	1.555520102105934832e+01
2.552648372686662270e+01	0.000000000000000000e+00	4.028398213146138573e+01	0.000000000000000000e+00	1.156668793873643786e+01	3.190810465858327838e+00	7.977026164645819595e-01	1.435864709636247483e+01	7.977026164645819151e+00	4.786215698787492201e+00	6.845019818402742828e+01	3.988513082322909575e+00	1.037013401403956614e+01	3.988513082322909575e+00	6.326343031855036259e+01	1.116783663050414788e+01	5.982769623484364807e+00	7.977026164645819151e+00	3.509891512444160355e+01	1.635290363752393006e+01
1.475749840459476658e+01	4.786215698787492201e+00	7.788400961733404415e+01	1.156668793873643786e+01	0.000000000000000000e+00	2.791959157626036969e+00	3.749202297383535409e+01	1.994256541161454876e+01	7.961293223915973272e+01	8.375877472878110908e+00	8.958251408650971825e+01	7.179323548181237413e+00	1.196553924696872961e+01	1.794830887045309353e+01	3.988513082322909797e-01	7.578174856413528282e+00	6.780472239948946545e+00	6.844679646711286125e+01	1.037013401403956614e+01	1.715060625398851357e+01
5.982769623484364807e+00	0.000000000000000000e+00	0.000000000000000000e+00	3.190810465858327838e+00	2.791959157626036969e+00	0.000000000000000000e+00	7.977026164645819595e-01	1.116783663050414788e+01	1.555520102105934832e+01	7.179323548181237413e+00	4.904680490337082688e+01	4.067603000586455408e+01	6.699001119845206631e+01	0.000000000000000000e+00	0.000000000000000000e+00	3.589661774090618707e+00	0.000000000000000000e+00	2.791959157626036969e+00	1.156668793873643786e+01	1.156668793873643786e+01
2.393107849393746100e+00	0.000000000000000000e+00	1.635290363752393006e+01	7.977026164645819595e-01	3.749202297383535409e+01	7.977026164645819595e-01	0.000000000000000000e+00	6.525938771816909423e+01	1.196553924696872961e+01	0.000000000000000000e+00	3.309955600790831198e+01	1.994256541161454788e+00	7.977026164645819595e-01	2.871729419272494965e+01	1.156668793873643786e+01	2.791959157626036969e+00	1.475749840459476658e+01	1.874601148691767705e+01	7.977026164645819595e-01	1.435864709636247483e+01
1.395979578813018485e+01	5.982769623484364807e+00	1.914486279514996880e+01	1.435864709636247483e+01	1.994256541161454876e+01	1.116783663050414788e+01	6.525938771816909423e+01	0.000000000000000000e+00	7.179323548181237413e+00	9.173580089342692645e+00	3.336488992724407154e+01	4.226633266342187767e+01	1.236439055520101959e+01	2.831844288449265790e+01	8.745814187336630141e+01	2.393107849393745923e+01	3.031269942565411313e+01	2.100220023050033546e+01	6.780472239948946545e+00	8.227307486634651923e+01
2.512763241863433095e+01	0.000000000000000000e+00	1.954371410338225701e+01	7.977026164645819151e+00	7.961293223915973272e+01	1.555520102105934832e+01	1.196553924696872961e+01	7.179323548181237413e+00	0.000000000000000000e+00	5.968227283674615080e+01	7.071829293681105355e+01	3.270580727504786012e+01	2.592533503509891446e+01	3.988513082322909797e-01	3.988513082322909575e+00	6.087542504452846970e+01	7.977026164645819151e+00	7.977026164645819151e+00	1.914486279514996880e+01	1.754945756222080178e+01
3.749202297383535409e+01	0.000000000000000000e+00	3.588981430707706011e+01	4.786215698787492201e+00	8.375877472878110908e+00	7.179323548181237413e+00	0.000000000000000000e+00	9.173580089342692645e+00	5.968227283674615080e+01	0.000000000000000000e+00	9.572431397574984402e+00	2.632418634333120622e+01	1.715060625398851357e+01	1.196553924696873050e+00	7.977026164645819151e+00	3.310465858328014832e+01	1.316209317166560311e+01	2.393107849393746100e+00	1.635290363752393006e+01	2.393107849393746100e+00
1.555520102105934832e+01	0.000000000000000000e+00	2.712188895979578618e+01	6.845019818402742828e+01	8.958251408650971825e+01	4.904680490337082688e+01	3.309955600790831198e+01	3.336488992724407154e+01	7.071829293681105355e+01	9.572431397574984402e+00	0.000000000000000000e+00	2.951499680918953317e+01	7.324151645818676570e+01	8.375877472878110908e+00	2.432992980216975099e+01	1.834716017868538529e+01	2.791959157626036969e+00	1.914486279514996880e+01	8.532866708485104823e+01	6.752408075403816667e+01
1.475749840459476658e+01	0.000000000000000000e+00	1.356094447989789309e+01	3.988513082322909575e+00	7.179323548181237413e+00	4.067603000586455408e+01	1.994256541161454788e+00	4.226633266342187767e+01	3.270580727504786012e+01	2.632418634333120622e+01	2.951499680918953317e+01	0.000000000000000000e+00	3.430121250797702714e+01	0.000000000000000000e+00	7.578174856413528282e+00	2.552648372686662270e+01	7.578174856413528282e+00	2.393107849393746100e+00	1.994256541161454876e+01	7.578174856413528282e+00
1.794830887045309353e+01	2.393107849393746100e+00	1.435864709636247483e+01	1.037013401403956614e+01	1.196553924696872961e+01	6.699001119845206631e+01	7.977026164645819595e-01	1.236439055520101959e+01	2.592533503509891446e+01	1.715060625398851357e+01	7.324151645818676570e+01	3.430121250797702714e+01	0.000000000000000000e+00	2.393107849393746100e+00	4.786215698787492201e+00	2.233567326100829575e+01	0.000000000000000000e+00	1.156668793873643786e+01	2.712188895979578618e+01	4.293221874944721606e+01
4.387364390555200444e+00	7.179323548181237413e+00	2.765085594001003955e+01	3.988513082322909575e+00	1.794830887045309353e+01	0.000000000000000000e+00	2.871729419272494965e+01	2.831844288449265790e+01	3.988513082322909797e-01	1.196553924696873050e+00	8.375877472878110908e+00	0.000000000000000000e+00	2.393107849393746100e+00	0.000000000000000000e+00	1.395979578813018485e+01	1.794660801199581357e+01	4.970928927248159823e+01	2.911444464249995789e+01	7.977026164645819595e-01	3.203651947210796180e+01
2.153797064454371224e+01	0.000000000000000000e+00	1.914486279514996880e+01	6.326343031855036259e+01	3.988513082322909797e-01	0.000000000000000000e+00	1.156668793873643786e+01	8.745814187336630141e+01	3.988513082322909575e+00	7.977026164645819151e+00	2.432992980216975099e+01	7.578174856413528282e+00	4.786215698787492201e+00	1.395979578813018485e+01	0.000000000000000000e+00	4.239814919386111569e+01	2.233567326100829575e+01	1.675175494575622182e+01	1.196553924696872961e+01	8.347132964950068867e+01
2.632418634333120622e+01	5.583918315252073938e+00	2.871729419272494965e+01	1.116783663050414788e+01	7.578174856413528282e+00	3.589661774090618707e+00	2.791959157626036969e+00	2.393107849393745923e+01	6.087542504452846970e+01	3.310465858328014832e+01	1.834716017868538529e+01	2.552648372686662270e+01	2.233567326100829575e+01	1.794660801199581357e+01	4.239814919386111569e+01	0.000000000000000000e+00	7.562612001529409156e+01	2.791959157626036969e+00	6.286457901031806728e+01	1.063546793337533281e+01
1.515634971282705656e+01	2.791959157626036969e+01	3.031269942565411313e+01	5.982769623484364807e+00	6.780472239948946545e+00	0.000000000000000000e+00	1.475749840459476658e+01	3.031269942565411313e+01	7.977026164645819151e+00	1.316209317166560311e+01	2.791959157626036969e+00	7.578174856413528282e+00	0.000000000000000000e+00	4.970928927248159823e+01	2.233567326100829575e+01	7.562612001529409156e+01	0.000000000000000000e+00	3.390236119974473183e+01	1.236439055520101959e+01	1.276324186343331135e+01
1.076898532227185612e+01	4.599121268486629788e+01	7.190634256922152190e+01	7.977026164645819151e+00	6.844679646711286125e+01	2.791959157626036969e+00	1.874601148691767705e+01	2.100220023050033546e+01	7.977026164645819151e+00	2.393107849393746100e+00	1.914486279514996880e+01	2.393107849393746100e+00	1.156668793873643786e+01	2.911444464249995789e+01	1.675175494575622182e+01	2.791959157626036969e+00	3.390236119974473183e+01	0.000000000000000000e+00	9.572431397574984402e+00	3.549776643267389886e+01
2.113911933631142048e+01	0.000000000000000000e+00	6.977856863916355223e+01	3.509891512444160355e+01	1.037013401403956614e+01	1.156668793873643786e+01	7.977026164645819595e-01	6.780472239948946545e+00	1.914486279514996880e+01	1.635290363752393006e+01	8.532866708485104823e+01	1.994256541161454876e+01	2.712188895979578618e+01	7.977026164645819595e-01	1.196553924696872961e+01	6.286457901031806728e+01	1.236439055520101959e+01	9.572431397574984402e+00	0.000000000000000000e+00	1.156668793873643786e+01
1.794830887045309353e+01	5.185067007019783070e+00	1.555520102105934832e+01	1.635290363752393006e+01	1.715060625398851357e+01	1.156668793873643786e+01	1.435864709636247483e+01	8.227307486634651923e+01	1.754945756222080178e+01	2.393107849393746100e+00	6.752408075403816667e+01	7.578174856413528282e+00	4.293221874944721606e+01	3.203651947210796180e+01	8.347132964950068867e+01	1.063546793337533281e+01	1.276324186343331135e+01	3.549776643267389886e+01	1.156668793873643786e+01	0.000000000000000000e+00
