0.000000000000000000e+00	5.053908355795147855e+00	7.412398921832883403e+00	1.684636118598382692e+00	6.401617250673854009e+00	5.803170324733667229e+01	9.770889487870618950e+00	2.257412398921832875e+01	1.448787061994609182e+01	9.433962264150942190e+00	3.234501347708894770e+01	1.381401617250673830e+01	1.482479784366576681e+01	1.111859838274932599e+01	8.760107816711590445e+00	2.392183288409703579e+01	2.255273178453771266e+01	1.920485175202156114e+01	6.401617250673854009e+00	1.583557951482479709e+01
5.053908355795147855e+00	0.000000000000000000e+00	2.695417789757412308e+00	6.401617250673854009e+00	8.423180592991913684e+00	1.583557951482479709e+01	2.358490566037735547e+00	6.371668164120993083e+01	1.010781671159029615e+00	2.320519402729645364e+01	7.412398921832883403e+00	1.145552560646900275e+01	2.425876010781671255e+01	2.628032345013476956e+01	4.960852265434475328e+01	2.358490566037735547e+00	1.785714285714285765e+01	8.760107816711590445e+00	2.358490566037735547e+00	9.097035040431267205e+00
7.412398921832883403e+00	2.695417789757412308e+00	0.000000000000000000e+00	9.532009868937091568e+00	4.137787190347837196e+01	1.280323450134770802e+01	2.695417789757412308e+00	7.074936892996191773e+01	2.257412398921832875e+01	1.078167115902964923e+01	1.381401617250673830e+01	2.863881401617250688e+01	2.500926995536159936e+01	1.347708894878706154e+01	6.401617250673854009e+00	4.716981132075471095e+00	3.659671415736105615e+01	1.920485175202156114e+01	1.246630727762803126e+01	1.044474393530997247e+01
1.684636118598382692e+00	6.401617250673854009e+00	9.532009868937091568e+00	0.000000000000000000e+00	6.401617250673854009e+00	2.055256064690026818e+01	5.727762803234501376e+00	3.425961579600392781e+01	8.086253369272236924e+00	6.159707069410572444e+01	1.044474393530997247e+01	2.459568733153638576e+01	2.190026954177897522e+01	6.401617250673854009e+00	1.010781671159029571e+01	3.923686875169354771e+00	2.324797843665768227e+01	7.412398921832883403e+00	5.003101869678688729e+01	8.423180592991913684e+00
6.401617250673854009e+00	8.423180592991913684e+00	4.137787190347837196e+01	6.401617250673854009e+00	0.000000000000000000e+00	9.433962264150942190e+00	4.380053908355795222e+00	1.819407008086253441e+01	1.078167115902964923e+01	2.486843794121422135e+01	1.381401617250673830e+01	2.156334231805929846e+01	2.171665311827036859e+01	3.077090374934040540e+01	4.043126684636118462e+00	4.716981132075471095e+00	1.954177897574123790e+01	4.196615753219526113e+01	2.358490566037735547e+00	1.314016172506738478e+01
5.803170324733667229e+01	1.583557951482479709e+01	1.280323450134770802e+01	2.055256064690026818e+01	9.433962264150942190e+00	0.000000000000000000e+00	6.064690026954178137e+00	6.683459547340947893e+01	1.853099730458221117e+01	2.729110512129379984e+01	2.863881401617250688e+01	5.496548724311526968e+01	2.628032345013476956e+01	2.526954177897573928e+01	1.853099730458221117e+01	1.718328840970350413e+01	3.470350404312668502e+01	2.830188679245283012e+01	2.055256064690026818e+01	2.354212125101613040e+01
9.770889487870618950e+00	2.358490566037735547e+00	2.695417789757412308e+00	5.727762803234501376e+00	4.380053908355795222e+00	6.064690026954178137e+00	0.000000000000000000e+00	5.053908355795147855e+00	6.738544474393530770e+00	8.423180592991913684e+00	1.010781671159029571e+01	2.594339622641509280e+01	1.987870619946091466e+01	6.064690026954178137e+00	6.738544474393530770e+00	2.055256064690026818e+01	1.179245283018867951e+01	1.246630727762803126e+01	3.032345013477089068e+00	2.830188679245283012e+01
2.257412398921832875e+01	6.371668164120993083e+01	7.074936892996191773e+01	3.425961579600392781e+01	1.819407008086253441e+01	6.683459547340947893e+01	5.053908355795147855e+00	0.000000000000000000e+00	1.718328840970350413e+01	4.935716424934753377e+01	2.481317474578930060e+01	3.369272237196765474e+01	6.619461201671443007e+01	2.931266846361186040e+01	1.415094339622641506e+01	8.760107816711590445e+00	2.964959568733153361e+01	2.055256064690026818e+01	5.218450063463539834e+01	1.381401617250673830e+01
1.448787061994609182e+01	1.010781671159029615e+00	2.257412398921832875e+01	8.086253369272236924e+00	1.078167115902964923e+01	1.853099730458221117e+01	6.738544474393530770e+00	1.718328840970350413e+01	0.000000000000000000e+00	3.369272237196765385e+00	1.179245283018867951e+01	1.482479784366576681e+01	5.307584249632765960e+01	7.412398921832883403e+00	6.401617250673854009e+00	1.280323450134770802e+01	2.324797843665768227e+01	1.145552560646900275e+01	3.742387940501147625e+01	2.190026954177897522e+01
9.433962264150942190e+00	2.320519402729645364e+01	1.078167115902964923e+01	6.159707069410572444e+01	2.486843794121422135e+01	2.729110512129379984e+01	8.423180592991913684e+00	4.935716424934753377e+01	3.369272237196765385e+00	0.000000000000000000e+00	4.380053908355795222e+00	3.672506738544474558e+01	2.628032345013476956e+01	3.673754617150843416e+01	1.078167115902964923e+01	7.412398921832883403e+00	3.874663072776279904e+01	1.549865229110512033e+01	1.111859838274932599e+01	2.459568733153638576e+01
3.234501347708894770e+01	7.412398921832883403e+00	1.381401617250673830e+01	1.044474393530997247e+01	1.381401617250673830e+01	2.863881401617250688e+01	1.010781671159029571e+01	2.481317474578930060e+01	1.179245283018867951e+01	4.380053908355795222e+00	0.000000000000000000e+00	2.223719676549865198e+01	2.291105121293800551e+01	1.044474393530997247e+01	2.594339622641509280e+01	6.382364266461301128e+01	2.358490566037735903e+01	7.685684336627731739e+01	1.482479784366576681e+01	1.583557951482479709e+01
1.381401617250673830e+01	1.145552560646900275e+01	2.863881401617250688e+01	2.459568733153638576e+01	2.156334231805929846e+01	5.496548724311526968e+01	2.594339622641509280e+01	3.369272237196765474e+01	1.482479784366576681e+01	3.672506738544474558e+01	2.223719676549865198e+01	0.000000000000000000e+00	3.133423180592991741e+01	2.291105121293800551e+01	2.987956188764813703e+01	2.594339622641509280e+01	5.358390735749226508e+01	2.863881401617250688e+01	5.741311199532222531e+01	7.733460260414436505e+01
1.482479784366576681e+01	2.425876010781671255e+01	2.500926995536159936e+01	2.190026954177897522e+01	2.171665311827036859e+01	2.628032345013476956e+01	1.987870619946091466e+01	6.619461201671443007e+01	5.307584249632765960e+01	2.628032345013476956e+01	2.291105121293800551e+01	3.133423180592991741e+01	0.000000000000000000e+00	1.886792452830188438e+01	3.335579514824797798e+01	1.954177897574123790e+01	5.966107617051012824e+01	6.599851680714213842e+01	1.549865229110512033e+01	2.964959568733153361e+01
1.111859838274932599e+01	2.628032345013476956e+01	1.347708894878706154e+01	6.401617250673854009e+00	3.077090374934040540e+01	2.526954177897573928e+01	6.064690026954178137e+00	2.931266846361186040e+01	7.412398921832883403e+00	3.673754617150843416e+01	1.044474393530997247e+01	2.291105121293800551e+01	1.886792452830188438e+01	0.000000000000000000e+00	1.179245283018867951e+01	9.433962264150942190e+00	2.021563342318059142e+01	9.770889487870618950e+00	4.043126684636118462e+00	2.291105121293800551e+01
8.760107816711590445e+00	4.960852265434475328e+01	6.401617250673854009e+00	1.010781671159029571e+01	4.043126684636118462e+00	1.853099730458221117e+01	6.738544474393530770e+00	1.415094339622641506e+01	6.401617250673854009e+00	1.078167115902964923e+01	2.594339622641509280e+01	2.987956188764813703e+01	3.335579514824797798e+01	1.179245283018867951e+01	0.000000000000000000e+00	2.661725067385444632e+01	7.144461558208188023e+01	2.897574123989218364e+01	5.727762803234501376e+00	1.010781671159029571e+01
2.392183288409703579e+01	2.358490566037735547e+00	4.716981132075471095e+00	3.923686875169354771e+00	4.716981132075471095e+00	1.718328840970350413e+01	2.055256064690026818e+01	8.760107816711590445e+00	1.280323450134770802e+01	7.412398921832883403e+00	6.382364266461301128e+01	2.594339622641509280e+01	1.954177897574123790e+01	9.433962264150942190e+00	2.661725067385444632e+01	0.000000000000000000e+00	6.364002624110440109e+01	6.277007658409274882e+01	3.706199460916441701e+00	3.200808625336927093e+01
2.255273178453771266e+01	1.785714285714285765e+01	3.659671415736105615e+01	2.324797843665768227e+01	1.954177897574123790e+01	3.470350404312668502e+01	1.179245283018867951e+01	2.964959568733153361e+01	2.324797843665768227e+01	3.874663072776279904e+01	2.358490566037735903e+01	5.358390735749226508e+01	5.966107617051012824e+01	2.021563342318059142e+01	7.144461558208188023e+01	6.364002624110440109e+01	0.000000000000000000e+00	3.436657681940700826e+01	1.111859838274932599e+01	3.706199460916442234e+01
1.920485175202156114e+01	8.760107816711590445e+00	1.920485175202156114e+01	7.412398921832883403e+00	4.196615753219526113e+01	2.830188679245283012e+01	1.246630727762803126e+01	2.055256064690026818e+01	1.145552560646900275e+01	1.549865229110512033e+01	7.685684336627731739e+01	2.863881401617250688e+01	6.599851680714213842e+01	9.770889487870618950e+00	2.897574123989218364e+01	6.277007658409274882e+01	3.436657681940700826e+01	0.000000000000000000e+00	3.032345013477089068e+00	2.560646900269541604e+01
6.401617250673854009e+00	2.358490566037735547e+00	1.246630727762803126e+01	5.003101869678688729e+01	2.358490566037735547e+00	2.055256064690026818e+01	3.032345013477089068e+00	5.218450063463539834e+01	3.742387940501147625e+01	1.111859838274932599e+01	1.482479784366576681e+01	5.741311199532222531e+01	1.549865229110512033e+01	4.043126684636118462e+00	5.727762803234501376e+00	3.706199460916441701e+00	1.111859838274932599e+01	3.032345013477089068e+00	0.000000000000000000e+00	7.412398921832883403e+00
1.583557951482479709e+01	9.097035040431267205e+00	1.044474393530997247e+01	8.423180592991913684e+00	1.314016172506738478e+01	2.354212125101613040e+01	2.830188679245283012e+01	1.381401617250673830e+01	2.190026954177897522e+01	2.459568733153638576e+01	1.583557951482479709e+01	7.733460260414436505e+01	2.964959568733153361e+01	2.291105121293800551e+01	1.010781671159029571e+01	3.200808625336927093e+01	3.706199460916442234e+01	2.560646900269541604e+01	7.412398921832883403e+00	0.000000000000000000e+00
