0.000000000000000000e+00	7.780284758422157942e+00	2.334085427526647383e+00	5.057185092974402885e+00	9.336341710106589531e+00	3.034311055784641553e+01	8.716154643443857708e+01	2.334085427526647383e+00	3.112113903368863177e+00	3.112113903368863177e+00	5.057185092974402885e+00	1.167042713763323647e+01	1.167042713763323691e+00	7.002256282579942592e+00	3.890142379211078971e+00	1.556056951684431588e+00	3.034311055784641553e+01	5.858017851729234593e+01	1.128141289971212835e+01	3.890142379211078971e+00
7.780284758422157942e+00	0.000000000000000000e+00	3.151015327160973811e+01	7.780284758422157942e+00	8.169298996343265173e+00	3.193941036172958192e+01	4.710649421263070735e+01	5.835213568816618235e+00	1.322648408931766895e+01	6.150002101571169533e+01	7.002256282579942592e+00	1.167042713763323647e+01	6.613242044658834473e+00	7.780284758422157942e+00	1.983972613397650164e+01	7.391270520501049823e+00	3.890142379211078971e-01	1.633859799268653035e+01	2.800902513031977037e+01	1.050338442386991389e+01
2.334085427526647383e+00	3.151015327160973811e+01	0.000000000000000000e+00	6.096792108108397912e+01	8.558313234264373293e+00	2.450789698902979907e+01	1.205944137555434459e+01	1.478254104100209965e+01	1.439352680308099153e+01	9.008138893285791937e+01	1.322648408931766895e+01	1.361549832723877707e+01	5.328153631112553512e+01	3.112113903368863177e+00	1.867268342021317906e+01	3.947823800695933016e+01	0.000000000000000000e+00	2.295184003734536660e+01	4.668170855053294588e+01	2.528592546487201176e+01
5.057185092974402885e+00	7.780284758422157942e+00	6.096792108108397912e+01	0.000000000000000000e+00	1.011437018594880577e+01	5.858017851729234593e+01	1.244845561347545271e+01	6.844414873400458532e+01	3.501128141289971296e+00	1.439352680308099153e+01	1.157205572114743930e+01	1.594958375476542400e+01	6.655273468066401676e+01	0.000000000000000000e+00	6.613242044658834473e+00	7.002256282579942592e+00	0.000000000000000000e+00	7.330459099400738410e+01	1.556056951684431588e+01	1.789465494437096282e+01
9.336341710106589531e+00	8.169298996343265173e+00	8.558313234264373293e+00	1.011437018594880577e+01	0.000000000000000000e+00	7.871054747270416385e+01	1.050338442386991389e+01	8.169298996343265173e+00	1.400451256515988518e+01	8.947327472185481412e+00	5.057185092974402885e+00	8.169298996343265173e+00	5.119337942481338644e+01	1.478254104100209965e+01	2.334085427526647294e+01	4.279156617132186646e+00	1.711662646852874659e+01	1.089239866179102023e+01	2.489691122695090542e+01	1.361549832723877707e+01
3.034311055784641553e+01	3.193941036172958192e+01	2.450789698902979907e+01	5.858017851729234593e+01	7.871054747270416385e+01	0.000000000000000000e+00	6.364183503828883914e+01	5.570952172711589867e+01	2.567493970279312165e+01	1.439352680308099153e+01	1.167042713763323647e+01	9.513857402583232670e+01	5.557537888645344992e+01	8.169298996343265173e+00	3.267719598537306069e+01	1.828366918229207272e+01	3.180079609304505084e+01	3.578930988874192565e+01	4.201353769547965555e+01	5.883057848652893540e+01
8.716154643443857708e+01	4.710649421263070735e+01	1.205944137555434459e+01	1.244845561347545271e+01	1.050338442386991389e+01	6.364183503828883914e+01	0.000000000000000000e+00	6.224227806737726354e+00	4.668170855053294765e+00	2.995409631992530919e+01	3.393813868760010166e+01	4.045748074379522308e+01	2.139578308566093412e+01	2.567493970279312165e+01	1.789465494437096282e+01	2.334085427526647383e+00	1.478254104100209965e+01	6.903884866094145423e+01	2.995409631992530919e+01	1.945071189605539530e+01
2.334085427526647383e+00	5.835213568816618235e+00	1.478254104100209965e+01	6.844414873400458532e+01	8.169298996343265173e+00	5.570952172711589867e+01	6.224227806737726354e+00	0.000000000000000000e+00	7.002256282579942592e+00	7.391270520501049823e+00	0.000000000000000000e+00	1.439352680308099153e+01	1.594958375476542400e+01	3.501128141289971296e+00	5.446199330895510116e+00	1.128141289971212835e+01	0.000000000000000000e+00	8.558313234264373293e+00	2.129741166917513695e+01	7.267411964289385651e+01
3.112113903368863177e+00	1.322648408931766895e+01	1.439352680308099153e+01	3.501128141289971296e+00	1.400451256515988518e+01	2.567493970279312165e+01	4.668170855053294765e+00	7.002256282579942592e+00	0.000000000000000000e+00	1.205944137555434459e+01	0.000000000000000000e+00	6.224227806737726354e+00	3.501128141289971296e+00	6.613242044658834473e+00	2.528592546487201176e+01	2.878705360616198305e+01	0.000000000000000000e+00	1.322648408931766895e+01	7.685937627156232566e+01	1.556056951684431588e+01
3.112113903368863177e+00	6.150002101571169533e+01	9.008138893285791937e+01	1.439352680308099153e+01	8.947327472185481412e+00	1.439352680308099153e+01	2.995409631992530919e+01	7.391270520501049823e+00	1.205944137555434459e+01	0.000000000000000000e+00	6.144636387944672151e+01	2.839803936824087671e+01	2.645296817863533789e+01	5.057185092974402885e+00	6.796123450761976414e+01	1.050338442386991389e+01	0.000000000000000000e+00	2.022874037189761154e+01	3.306621022329417059e+01	3.028945342158143461e+01
5.057185092974402885e+00	7.002256282579942592e+00	1.322648408931766895e+01	1.157205572114743930e+01	5.057185092974402885e+00	1.167042713763323647e+01	3.393813868760010166e+01	0.000000000000000000e+00	0.000000000000000000e+00	6.144636387944672151e+01	0.000000000000000000e+00	3.272191026559388405e+01	2.606395394071422800e+01	3.112113903368863177e+00	5.446199330895510116e+00	0.000000000000000000e+00	0.000000000000000000e+00	1.050338442386991389e+01	6.613242044658834473e+00	1.361549832723877707e+01
1.167042713763323647e+01	1.167042713763323647e+01	1.361549832723877707e+01	1.594958375476542400e+01	8.169298996343265173e+00	9.513857402583232670e+01	4.045748074379522308e+01	1.439352680308099153e+01	6.224227806737726354e+00	2.839803936824087671e+01	3.272191026559388405e+01	0.000000000000000000e+00	4.259035191032818801e+01	2.723099665447755058e+00	1.478254104100209965e+01	6.224227806737726354e+00	0.000000000000000000e+00	3.073212479576752543e+01	1.128141289971212835e+01	8.527013238109802273e+01
1.167042713763323691e+00	6.613242044658834473e+00	5.328153631112553512e+01	6.655273468066401676e+01	5.119337942481338644e+01	5.557537888645344992e+01	2.139578308566093412e+01	1.594958375476542400e+01	3.501128141289971296e+00	2.645296817863533789e+01	2.606395394071422800e+01	4.259035191032818801e+01	0.000000000000000000e+00	3.501128141289971296e+00	1.672761223060764024e+01	8.947327472185481412e+00	7.391270520501049823e+00	1.128141289971212835e+01	1.672761223060764024e+01	2.762001089239866047e+01
7.002256282579942592e+00	7.780284758422157942e+00	3.112113903368863177e+00	0.000000000000000000e+00	1.478254104100209965e+01	8.169298996343265173e+00	2.567493970279312165e+01	3.501128141289971296e+00	6.613242044658834473e+00	5.057185092974402885e+00	3.112113903368863177e+00	2.723099665447755058e+00	3.501128141289971296e+00	0.000000000000000000e+00	3.112113903368863177e+00	3.501128141289971296e+00	1.945071189605539486e+00	4.668170855053294765e+00	6.995549140546819444e+01	3.501128141289971296e+00
3.890142379211078971e+00	1.983972613397650164e+01	1.867268342021317906e+01	6.613242044658834473e+00	2.334085427526647294e+01	3.267719598537306069e+01	1.789465494437096282e+01	5.446199330895510116e+00	2.528592546487201176e+01	6.796123450761976414e+01	5.446199330895510116e+00	1.478254104100209965e+01	1.672761223060764024e+01	3.112113903368863177e+00	0.000000000000000000e+00	1.478254104100209965e+01	6.613242044658834473e+00	8.127714715737904783e+01	3.501128141289971296e+01	1.789465494437096282e+01
1.556056951684431588e+00	7.391270520501049823e+00	3.947823800695933016e+01	7.002256282579942592e+00	4.279156617132186646e+00	1.828366918229207272e+01	2.334085427526647383e+00	1.128141289971212835e+01	2.878705360616198305e+01	1.050338442386991389e+01	0.000000000000000000e+00	6.224227806737726354e+00	8.947327472185481412e+00	3.501128141289971296e+00	1.478254104100209965e+01	0.000000000000000000e+00	0.000000000000000000e+00	1.556056951684431588e+00	5.270472209627699556e+01	1.906169765813428540e+01
3.034311055784641553e+01	3.890142379211078971e-01	0.000000000000000000e+00	0.000000000000000000e+00	1.711662646852874659e+01	3.180079609304505084e+01	1.478254104100209965e+01	0.000000000000000000e+00	0.000000000000000000e+00	0.000000000000000000e+00	0.000000000000000000e+00	0.000000000000000000e+00	7.391270520501049823e+00	1.945071189605539486e+00	6.613242044658834473e+00	0.000000000000000000e+00	0.000000000000000000e+00	1.283746985139656083e+01	1.283746985139656083e+01	3.890142379211078971e-01
5.858017851729234593e+01	1.633859799268653035e+01	2.295184003734536660e+01	7.330459099400738410e+01	1.089239866179102023e+01	3.578930988874192565e+01	6.903884866094145423e+01	8.558313234264373293e+00	1.322648408931766895e+01	2.022874037189761154e+01	1.050338442386991389e+01	3.073212479576752543e+01	1.128141289971212835e+01	4.668170855053294765e+00	8.127714715737904783e+01	1.556056951684431588e+00	1.283746985139656083e+01	0.000000000000000000e+00	9.725355948027697650e+00	1.867268342021317906e+01
1.128141289971212835e+01	2.800902513031977037e+01	4.668170855053294588e+01	1.556056951684431588e+01	2.489691122695090542e+01	4.201353769547965555e+01	2.995409631992530919e+01	2.129741166917513695e+01	7.685937627156232566e+01	3.306621022329417059e+01	6.613242044658834473e+00	1.128141289971212835e+01	1.672761223060764024e+01	6.995549140546819444e+01	3.501128141289971296e+01	5.270472209627699556e+01	1.283746985139656083e+01	9.725355948027697650e+00	0.000000000000000000e+00	2.450789698902979907e+01
3.890142379211078971e+00	1.050338442386991389e+01	2.528592546487201176e+01	1.789465494437096282e+01	1.361549832723877707e+01	5.883057848652893540e+01	1.945071189605539530e+01	7.267411964289385651e+01	1.556056951684431588e+01	3.028945342158143461e+01	1.361549832723877707e+01	8.527013238109802273e+01	2.762001089239866047e+01	3.501128141289971296e+00	1.789465494437096282e+01	1.906169765813428540e+01	3.890142379211078971e-01	1.867268342021317906e+01	2.450789698902979907e+01	0.000000000000000000e+00
