0.000000000000000000e+00	2.895679341613960389e+01	6.606414684104053947e+01	1.181132363026747001e+01	1.371637582869770711e+01	0.000000000000000000e+00	2.857578297645355647e+01	3.162386649394193583e+01	2.819477253676750905e+01	1.257334450963956485e+01	1.981254286367446582e+01	3.276689781300007809e+01	1.409738626838375453e+01	8.382229673093043232e+00	2.362264726053494002e+01	2.628972033833727195e+01	9.848066821955544015e+01	1.257334450963956485e+01	1.790749066524422872e+01	6.845168462138477139e+01
2.895679341613960389e+01	0.000000000000000000e+00	1.981254286367446582e+01	4.341795849628390869e+01	8.001219233406995812e+00	1.181132363026747001e+01	8.763240112779090651e+00	1.028728187152328033e+01	9.906271431837232910e+00	1.409738626838375453e+01	1.638344890650003904e+01	2.209860550179075034e+01	1.524041758744189679e+01	9.906271431837232910e+00	5.452087075628083568e+01	7.170846229930418758e+01	1.714546978587213388e+01	4.337009286315752377e+01	1.692528787349074904e+01	2.362264726053494002e+01
6.606414684104053947e+01	1.981254286367446582e+01	0.000000000000000000e+00	1.066829231120932775e+01	1.143031319058142259e+01	8.001219233406995812e+00	3.276689781300007809e+01	2.514668901927912970e+01	2.019355330336051324e+01	7.062478436532278181e+01	8.763240112779090651e+00	8.382229673093043232e+00	1.447839670806980195e+01	8.001219233406995812e+00	4.495923188295359552e+01	1.524041758744189679e+01	9.326522883410423503e+01	3.543397089080241358e+01	4.276890051109008795e+01	7.620208793720948393e+00
1.181132363026747001e+01	4.341795849628390869e+01	1.066829231120932775e+01	0.000000000000000000e+00	3.657700220986055228e+01	8.264480215602129931e+01	2.476567857959308228e+01	1.905052198430237098e+00	3.467195001143031163e+01	0.000000000000000000e+00	2.095557418273260808e+01	2.286062638116284518e+00	9.968305292369032600e+01	1.524041758744189679e+01	5.334146155604663875e+00	1.104930275089537517e+01	3.810104396860474196e-01	2.400365770022098744e+01	2.895679341613960389e+01	2.035438183066517581e+01
1.371637582869770711e+01	8.001219233406995812e+00	1.143031319058142259e+01	3.657700220986055228e+01	0.000000000000000000e+00	1.524041758744189679e+01	9.113425084731744619e+01	8.001219233406995812e+00	6.605265908909021277e+01	4.953135715918616455e+00	2.356329387545821774e+01	4.953135715918616455e+00	4.495923188295359552e+01	1.600243846681399162e+01	1.524041758744189679e+00	1.447839670806980195e+01	6.858187914348853553e+00	3.810104396860474196e-01	1.562142802712794420e+01	1.219233406995351743e+01
0.000000000000000000e+00	1.181132363026747001e+01	8.001219233406995812e+00	8.264480215602129931e+01	1.524041758744189679e+01	0.000000000000000000e+00	1.028728187152328033e+01	4.572125276232569036e+00	2.286062638116284518e+01	3.810104396860474196e+00	7.620208793720948393e+00	3.429093957174426777e+00	1.752648022555818130e+01	5.359227747362891847e+01	4.572125276232569036e+00	6.096167034976758714e+00	8.763240112779090651e+00	2.438466813990703486e+01	1.447839670806980195e+01	9.906271431837232910e+00
2.857578297645355647e+01	8.763240112779090651e+00	3.276689781300007809e+01	2.476567857959308228e+01	9.113425084731744619e+01	1.028728187152328033e+01	0.000000000000000000e+00	2.438466813990703486e+01	1.638344890650003904e+01	7.239198354034900973e+00	9.525260992151185491e+00	1.219233406995351743e+01	5.756895427376921504e+01	1.295435494932561227e+01	7.239198354034900973e+00	9.906271431837232910e+00	1.752648022555818130e+01	7.239198354034900973e+00	9.144250552465138071e+00	1.181132363026747001e+01
3.162386649394193583e+01	1.028728187152328033e+01	2.514668901927912970e+01	1.905052198430237098e+00	8.001219233406995812e+00	4.572125276232569036e+00	2.438466813990703486e+01	0.000000000000000000e+00	9.144250552465138071e+00	8.763240112779090651e+00	7.239198354034900973e+00	1.001655385056043031e+02	5.334146155604663875e+00	6.477177474662806134e+00	6.477177474662806134e+00	2.667073077802331937e+01	1.028728187152328033e+01	1.028728187152328033e+01	7.239198354034900973e+00	1.219233406995351743e+01
2.819477253676750905e+01	9.906271431837232910e+00	2.019355330336051324e+01	3.467195001143031163e+01	6.605265908909021277e+01	2.286062638116284518e+01	1.638344890650003904e+01	9.144250552465138071e+00	0.000000000000000000e+00	6.392742497827858017e+01	8.001219233406995812e+00	6.697550849576695953e+01	8.830634924221044457e+01	1.943153242398841840e+01	1.866951154461632356e+01	2.819477253676750905e+01	2.209860550179075034e+01	9.906271431837232910e+00	5.715156595290711294e+00	3.467195001143031163e+01
1.257334450963956485e+01	1.409738626838375453e+01	7.062478436532278181e+01	0.000000000000000000e+00	4.953135715918616455e+00	3.810104396860474196e+00	7.239198354034900973e+00	8.763240112779090651e+00	6.392742497827858017e+01	0.000000000000000000e+00	4.572125276232569036e+00	9.525260992151185491e+00	3.810104396860474196e+00	7.239198354034900973e+00	3.238588737331403422e+01	2.400365770022098744e+01	4.707297824181488721e+01	1.295435494932561227e+01	5.334146155604663875e+00	3.810104396860474196e+00
1.981254286367446582e+01	1.638344890650003904e+01	8.763240112779090651e+00	2.095557418273260808e+01	2.356329387545821774e+01	7.620208793720948393e+00	9.525260992151185491e+00	7.239198354034900973e+00	8.001219233406995812e+00	4.572125276232569036e+00	0.000000000000000000e+00	1.257334450963956485e+01	1.752648022555818130e+01	5.334146155604663875e+00	0.000000000000000000e+00	1.866951154461632356e+01	9.144250552465138071e+00	7.239198354034900973e+00	4.696001534763660601e+01	8.382229673093043232e+00
3.276689781300007809e+01	2.209860550179075034e+01	8.382229673093043232e+00	2.286062638116284518e+00	4.953135715918616455e+00	3.429093957174426777e+00	1.219233406995351743e+01	1.001655385056043031e+02	6.697550849576695953e+01	9.525260992151185491e+00	1.257334450963956485e+01	0.000000000000000000e+00	1.562142802712794420e+01	1.143031319058142259e+01	3.810104396860474196e-01	9.130082325059727566e+01	6.858187914348853553e+00	2.667073077802331937e+00	3.810104396860474196e-01	3.276689781300007809e+01
1.409738626838375453e+01	1.524041758744189679e+01	1.447839670806980195e+01	9.968305292369032600e+01	4.495923188295359552e+01	1.752648022555818130e+01	5.756895427376921504e+01	5.334146155604663875e+00	8.830634924221044457e+01	3.810104396860474196e+00	1.752648022555818130e+01	1.562142802712794420e+01	0.000000000000000000e+00	1.104930275089537517e+01	1.143031319058142259e+00	3.810104396860474196e+00	4.191114836546521616e+00	1.257334450963956485e+01	2.667073077802331937e+01	7.813203026486544900e+01
8.382229673093043232e+00	9.906271431837232910e+00	8.001219233406995812e+00	1.524041758744189679e+01	1.600243846681399162e+01	5.359227747362891847e+01	1.295435494932561227e+01	6.477177474662806134e+00	1.943153242398841840e+01	7.239198354034900973e+00	5.334146155604663875e+00	1.143031319058142259e+01	1.104930275089537517e+01	0.000000000000000000e+00	4.191114836546521616e+00	1.943153242398841840e+01	1.333536538901165969e+01	6.858187914348853553e+00	7.620208793720948393e-01	4.572125276232569036e+00
2.362264726053494002e+01	5.452087075628083568e+01	4.495923188295359552e+01	5.334146155604663875e+00	1.524041758744189679e+00	4.572125276232569036e+00	7.239198354034900973e+00	6.477177474662806134e+00	1.866951154461632356e+01	3.238588737331403422e+01	0.000000000000000000e+00	3.810104396860474196e-01	1.143031319058142259e+00	4.191114836546521616e+00	0.000000000000000000e+00	1.866951154461632356e+01	3.848205440829079294e+01	5.196676057265678139e+01	1.143031319058142259e+01	4.953135715918616455e+00
2.628972033833727195e+01	7.170846229930418758e+01	1.524041758744189679e+01	1.104930275089537517e+01	1.447839670806980195e+01	6.096167034976758714e+00	9.906271431837232910e+00	2.667073077802331937e+01	2.819477253676750905e+01	2.400365770022098744e+01	1.866951154461632356e+01	9.130082325059727566e+01	3.810104396860474196e+00	1.943153242398841840e+01	1.866951154461632356e+01	0.000000000000000000e+00	1.143031319058142259e+01	7.620208793720948393e+00	9.525260992151185491e+00	1.752648022555818130e+01
9.848066821955544015e+01	1.714546978587213388e+01	9.326522883410423503e+01	3.810104396860474196e-01	6.858187914348853553e+00	8.763240112779090651e+00	1.752648022555818130e+01	1.028728187152328033e+01	2.209860550179075034e+01	4.707297824181488721e+01	9.144250552465138071e+00	6.858187914348853553e+00	4.191114836546521616e+00	1.333536538901165969e+01	3.848205440829079294e+01	1.143031319058142259e+01	0.000000000000000000e+00	1.562142802712794420e+01	6.096167034976758714e+00	1.447839670806980195e+01
1.257334450963956485e+01	4.337009286315752377e+01	3.543397089080241358e+01	2.400365770022098744e+01	3.810104396860474196e-01	2.438466813990703486e+01	7.239198354034900973e+00	1.028728187152328033e+01	9.906271431837232910e+00	1.295435494932561227e+01	7.239198354034900973e+00	2.667073077802331937e+00	1.257334450963956485e+01	6.858187914348853553e+00	5.196676057265678139e+01	7.620208793720948393e+00	1.562142802712794420e+01	0.000000000000000000e+00	7.938228060212668424e+01	4.191114836546521616e+00
1.790749066524422872e+01	1.692528787349074904e+01	4.276890051109008795e+01	2.895679341613960389e+01	1.562142802712794420e+01	1.447839670806980195e+01	9.144250552465138071e+00	7.239198354034900973e+00	5.715156595290711294e+00	5.334146155604663875e+00	4.696001534763660601e+01	3.810104396860474196e-01	2.667073077802331937e+01	7.620208793720948393e-01	1.143031319058142259e+01	9.525260992151185491e+00	6.096167034976758714e+00	7.938228060212668424e+01	0.000000000000000000e+00	6.858187914348853553e+00
6.845168462138477139e+01	2.362264726053494002e+01	7.620208793720948393e+00	2.035438183066517581e+01	1.219233406995351743e+01	9.906271431837232910e+00	1.181132363026747001e+01	1.219233406995351743e+01	3.467195001143031163e+01	3.810104396860474196e+00	8.382229673093043232e+00	3.276689781300007809e+01	7.813203026486544900e+01	4.572125276232569036e+00	4.953135715918616455e+00	1.752648022555818130e+01	1.447839670806980195e+01	4.191114836546521616e+00	6.858187914348853553e+00	0.000000000000000000e+00
