0.000000000000000000e+00	7.780284758422157942e+00	2.334085427526647383e+00	5.057185092974402885e+00	9.336341710106589531e+00	3.934049621203520530e+01	3.462226717497860307e+01	2.334085427526647383e+00	3.112113903368863177e+00	3.112113903368863177e+00	5.057185092974402885e+00	1.167042713763323647e+01	1.167042713763323691e+00	7.002256282579942592e+00	3.890142379211078971e+00	1.556056951684431588e+00	6.551470902422076392e+01	2.839803936824087671e+01	2.518646345618570592e+01	3.890142379211078971e+00
7.780284758422157942e+00	0.000000000000000000e+00	6.995352833950728666e+01	7.780284758422157942e+00	8.169298996343265173e+00	1.517155527892320777e+01	2.139578308566093412e+01	5.835213568816618235e+00	1.322648408931766895e+01	3.578930988874192565e+01	7.002256282579942592e+00	1.167042713763323647e+01	6.613242044658834473e+00	7.780284758422157942e+00	3.783449744235407763e+01	7.391270520501049823e+00	3.890142379211078971e-01	1.633859799268653035e+01	6.727034434859810119e+01	1.050338442386991389e+01
2.334085427526647383e+00	6.995352833950728666e+01	0.000000000000000000e+00	7.356426099694827769e+01	8.558313234264373293e+00	2.450789698902979907e+01	1.205944137555434459e+01	2.541581499595248772e+01	1.439352680308099153e+01	4.692120259776444158e+01	1.322648408931766895e+01	1.361549832723877707e+01	2.645296817863533789e+01	3.112113903368863177e+00	2.685212492402116879e+01	3.669722789566461785e+01	0.000000000000000000e+00	3.522100229305734587e+01	7.530975381386090817e+01	2.528592546487201176e+01
5.057185092974402885e+00	7.780284758422157942e+00	7.356426099694827769e+01	0.000000000000000000e+00	1.011437018594880577e+01	2.839803936824087671e+01	1.244845561347545271e+01	2.372986851318758283e+01	3.501128141289971296e+00	1.439352680308099153e+01	9.336341710106589531e+00	1.594958375476542400e+01	3.189916750953084801e+01	0.000000000000000000e+00	6.613242044658834473e+00	7.002256282579942592e+00	0.000000000000000000e+00	2.411888275110868918e+01	1.556056951684431588e+01	1.789465494437096282e+01
9.336341710106589531e+00	8.169298996343265173e+00	8.558313234264373293e+00	1.011437018594880577e+01	0.000000000000000000e+00	6.346952147060861193e+01	1.050338442386991389e+01	8.169298996343265173e+00	1.400451256515988518e+01	8.947327472185481412e+00	5.057185092974402885e+00	8.169298996343265173e+00	2.995409631992530919e+01	2.050815009366769104e+01	4.787917878669043859e+01	4.279156617132186646e+00	3.020373287462152945e+01	1.089239866179102023e+01	4.289168253532847785e+01	1.361549832723877707e+01
3.934049621203520530e+01	1.517155527892320777e+01	2.450789698902979907e+01	2.839803936824087671e+01	6.346952147060861193e+01	0.000000000000000000e+00	4.240255193340075834e+01	2.217381156150315036e+01	6.493625892107145603e+01	1.439352680308099153e+01	1.167042713763323647e+01	8.633204200673239370e+01	7.250682279933599261e+01	8.169298996343265173e+00	3.267719598537306069e+01	2.646311068610005890e+01	2.956508208200419929e+01	5.950969024978508770e+01	4.201353769547965555e+01	4.318058040924297813e+01
3.462226717497860307e+01	2.139578308566093412e+01	1.205944137555434459e+01	1.244845561347545271e+01	1.050338442386991389e+01	4.240255193340075834e+01	0.000000000000000000e+00	6.224227806737726354e+00	4.668170855053294765e+00	2.995409631992530919e+01	6.076670682009029889e+01	7.481113505978876788e+01	2.139578308566093412e+01	5.348504081574027680e+01	2.034848739551335939e+01	2.334085427526647383e+00	1.641842934176369795e+01	8.594302776881127670e+01	2.995409631992530919e+01	4.071725980595616079e+01
2.334085427526647383e+00	5.835213568816618235e+00	2.541581499595248772e+01	2.372986851318758283e+01	8.169298996343265173e+00	2.217381156150315036e+01	6.224227806737726354e+00	0.000000000000000000e+00	7.002256282579942592e+00	7.391270520501049823e+00	0.000000000000000000e+00	1.439352680308099153e+01	1.594958375476542400e+01	3.501128141289971296e+00	5.446199330895510116e+00	1.128141289971212835e+01	0.000000000000000000e+00	8.558313234264373293e+00	5.177946367336623723e+01	6.119563673254999259e+01
3.112113903368863177e+00	1.322648408931766895e+01	1.439352680308099153e+01	3.501128141289971296e+00	1.400451256515988518e+01	6.493625892107145603e+01	4.668170855053294765e+00	7.002256282579942592e+00	0.000000000000000000e+00	1.205944137555434459e+01	0.000000000000000000e+00	6.224227806737726354e+00	3.501128141289971296e+00	6.613242044658834473e+00	6.045752393124636370e+01	5.823304301987074894e+01	0.000000000000000000e+00	1.322648408931766895e+01	3.773438107834746802e+01	1.556056951684431588e+01
3.112113903368863177e+00	3.578930988874192565e+01	4.692120259776444158e+01	1.439352680308099153e+01	8.947327472185481412e+00	1.439352680308099153e+01	2.995409631992530919e+01	7.391270520501049823e+00	1.205944137555434459e+01	0.000000000000000000e+00	2.567493970279312165e+01	5.130047557890323873e+01	2.645296817863533789e+01	5.057185092974402885e+00	2.995409631992530919e+01	1.050338442386991389e+01	0.000000000000000000e+00	2.595434942456320115e+01	6.823780868966852609e+01	2.022874037189761154e+01
5.057185092974402885e+00	7.002256282579942592e+00	1.322648408931766895e+01	9.336341710106589531e+00	5.057185092974402885e+00	1.167042713763323647e+01	6.076670682009029889e+01	0.000000000000000000e+00	0.000000000000000000e+00	2.567493970279312165e+01	0.000000000000000000e+00	2.489691122695090542e+01	4.651255770023419700e+01	3.112113903368863177e+00	5.446199330895510116e+00	0.000000000000000000e+00	0.000000000000000000e+00	1.050338442386991389e+01	6.613242044658834473e+00	1.361549832723877707e+01
1.167042713763323647e+01	1.167042713763323647e+01	1.361549832723877707e+01	1.594958375476542400e+01	8.169298996343265173e+00	8.633204200673239370e+01	7.481113505978876788e+01	1.439352680308099153e+01	6.224227806737726354e+00	5.130047557890323873e+01	2.489691122695090542e+01	0.000000000000000000e+00	2.917606784408309295e+01	2.723099665447755058e+00	1.478254104100209965e+01	6.224227806737726354e+00	0.000000000000000000e+00	4.790895195376430138e+01	1.128141289971212835e+01	4.279156617132186824e+01
1.167042713763323691e+00	6.613242044658834473e+00	2.645296817863533789e+01	3.189916750953084801e+01	2.995409631992530919e+01	7.250682279933599261e+01	2.139578308566093412e+01	1.594958375476542400e+01	3.501128141289971296e+00	2.645296817863533789e+01	4.651255770023419700e+01	2.917606784408309295e+01	0.000000000000000000e+00	3.501128141289971296e+00	1.672761223060764024e+01	8.947327472185481412e+00	7.391270520501049823e+00	1.128141289971212835e+01	1.672761223060764024e+01	5.788394445648821574e+01
7.002256282579942592e+00	7.780284758422157942e+00	3.112113903368863177e+00	0.000000000000000000e+00	2.050815009366769104e+01	8.169298996343265173e+00	5.348504081574027680e+01	3.501128141289971296e+00	6.613242044658834473e+00	5.057185092974402885e+00	3.112113903368863177e+00	2.723099665447755058e+00	3.501128141289971296e+00	0.000000000000000000e+00	3.112113903368863177e+00	3.501128141289971296e+00	1.945071189605539486e+00	4.668170855053294765e+00	3.306621022329417059e+01	3.501128141289971296e+00
3.890142379211078971e+00	3.783449744235407763e+01	2.685212492402116879e+01	6.613242044658834473e+00	4.787917878669043859e+01	3.267719598537306069e+01	2.034848739551335939e+01	5.446199330895510116e+00	6.045752393124636370e+01	2.995409631992530919e+01	5.446199330895510116e+00	1.478254104100209965e+01	1.672761223060764024e+01	3.112113903368863177e+00	0.000000000000000000e+00	1.478254104100209965e+01	6.613242044658834473e+00	2.762001089239866047e+01	3.501128141289971296e+01	4.897653265884131457e+01
1.556056951684431588e+00	7.391270520501049823e+00	3.669722789566461785e+01	7.002256282579942592e+00	4.279156617132186646e+00	2.646311068610005890e+01	2.334085427526647383e+00	1.128141289971212835e+01	5.823304301987074894e+01	1.050338442386991389e+01	0.000000000000000000e+00	6.224227806737726354e+00	8.947327472185481412e+00	3.501128141289971296e+00	1.478254104100209965e+01	0.000000000000000000e+00	0.000000000000000000e+00	1.556056951684431588e+00	3.929043803003190050e+01	4.360002216955825105e+01
6.551470902422076392e+01	3.890142379211078971e-01	0.000000000000000000e+00	0.000000000000000000e+00	3.020373287462152945e+01	2.956508208200419929e+01	1.641842934176369795e+01	0.000000000000000000e+00	0.000000000000000000e+00	0.000000000000000000e+00	0.000000000000000000e+00	0.000000000000000000e+00	7.391270520501049823e+00	1.945071189605539486e+00	6.613242044658834473e+00	0.000000000000000000e+00	0.000000000000000000e+00	1.283746985139656083e+01	1.283746985139656083e+01	3.890142379211078971e-01
2.839803936824087671e+01	1.633859799268653035e+01	3.522100229305734587e+01	2.411888275110868918e+01	1.089239866179102023e+01	5.950969024978508770e+01	8.594302776881127670e+01	8.558313234264373293e+00	1.322648408931766895e+01	2.595434942456320115e+01	1.050338442386991389e+01	4.790895195376430138e+01	1.128141289971212835e+01	4.668170855053294765e+00	2.762001089239866047e+01	1.556056951684431588e+00	1.283746985139656083e+01	0.000000000000000000e+00	9.725355948027697650e+00	1.867268342021317906e+01
2.518646345618570592e+01	6.727034434859810119e+01	7.530975381386090817e+01	1.556056951684431588e+01	4.289168253532847785e+01	4.201353769547965555e+01	2.995409631992530919e+01	5.177946367336623723e+01	3.773438107834746802e+01	6.823780868966852609e+01	6.613242044658834473e+00	1.128141289971212835e+01	1.672761223060764024e+01	3.306621022329417059e+01	3.501128141289971296e+01	3.929043803003190050e+01	1.283746985139656083e+01	9.725355948027697650e+00	0.000000000000000000e+00	4.004883584626497139e+01
3.890142379211078971e+00	1.050338442386991389e+01	2.528592546487201176e+01	1.789465494437096282e+01	1.361549832723877707e+01	4.318058040924297813e+01	4.071725980595616079e+01	6.119563673254999259e+01	1.556056951684431588e+01	2.022874037189761154e+01	1.361549832723877707e+01	4.279156617132186824e+01	5.788394445648821574e+01	3.501128141289971296e+00	4.897653265884131457e+01	4.360002216955825105e+01	3.890142379211078971e-01	1.867268342021317906e+01	4.004883584626497139e+01	0.000000000000000000e+00
