0.000000000000000000e+00	3.402738394231548114e+01	2.673580166896216426e+01	1.620351616300737163e+01	1.033640533762060016e+02	8.458796597822765762e+01	7.696670177428501347e+00	0.000000000000000000e+00	0.000000000000000000e+00	2.025439520375921632e+01	1.174754921818034425e+01	2.795106538118771766e+01	1.377298873855626660e+01	9.317021793729239221e+00	3.709973895504155195e+01	0.000000000000000000e+00	1.053228550595479263e+01	8.911933889654054752e+00	1.255772502633071319e+01	2.146965891598476972e+01
3.402738394231548114e+01	0.000000000000000000e+00	7.953576575467525345e+01	3.848335088714250674e+01	1.620351616300737163e+01	5.192139681323833855e+01	2.187474682005995064e+01	1.377298873855626660e+01	6.481406465202948830e+00	1.539334035485700269e+01	4.372318923076436903e+01	2.309001053228550404e+01	2.876124118933808660e+01	3.569332986816580444e+01	4.172405411974398248e+01	0.000000000000000000e+00	7.843974869819477647e+01	1.701369197115774057e+01	3.281212023008993128e+01	7.846429948025993895e+01
2.673580166896216426e+01	7.953576575467525345e+01	0.000000000000000000e+00	1.660860406708255610e+01	2.227983472413513510e+01	3.016589664892346434e+01	2.880858912617804179e+01	3.240703232601474415e+00	5.315945768023868823e+01	1.863404358745847844e+01	2.106457101190958525e+01	3.693314436245652388e+01	2.268492262821031957e+01	1.965816192503383419e+01	5.170570065652297842e+01	1.620351616300737208e+00	1.863404358745847844e+01	7.758222495320444523e+01	3.652805645838133586e+01	2.106457101190958525e+01
1.620351616300737163e+01	3.848335088714250674e+01	1.660860406708255610e+01	0.000000000000000000e+00	1.296281293040589766e+01	7.696670177428501347e+00	0.000000000000000000e+00	7.696670177428501347e+00	0.000000000000000000e+00	1.296281293040589766e+01	6.076318561127764362e+00	2.390018634043587298e+01	8.101758081503686038e-01	5.266142752977396313e+00	1.539334035485700269e+01	0.000000000000000000e+00	9.317021793729239221e+00	0.000000000000000000e+00	7.696670177428501347e+00	8.280101976934189167e+01
1.033640533762060016e+02	1.620351616300737163e+01	2.227983472413513510e+01	1.296281293040589766e+01	0.000000000000000000e+00	1.822895568338329397e+01	8.101758081503685816e+00	6.886494369278133298e+00	4.050879040751843019e-01	5.668600216117026491e+01	1.944421939560884738e+01	6.007050283158198312e+01	1.296281293040589766e+01	0.000000000000000000e+00	1.903913149153366291e+01	0.000000000000000000e+00	4.861054848902211845e+00	4.570128081430033262e+01	4.455966944827027376e+00	3.150040701689409417e+01
8.458796597822765762e+01	5.192139681323833855e+01	3.016589664892346434e+01	7.696670177428501347e+00	1.822895568338329397e+01	0.000000000000000000e+00	6.733578069557977130e+01	3.645791136676658883e+00	1.377298873855626660e+01	1.822895568338329397e+01	9.722109697804423689e+00	1.134246131410515979e+01	2.430527424451105745e+01	2.430527424451105922e+00	1.498825245078182000e+01	5.671230657052579893e+00	1.215263712225552872e+01	1.012719760187960816e+01	1.498825245078182000e+01	6.886494369278133298e+00
7.696670177428501347e+00	2.187474682005995064e+01	2.880858912617804179e+01	0.000000000000000000e+00	8.101758081503685816e+00	6.733578069557977130e+01	0.000000000000000000e+00	1.417807664263145107e+01	6.626606804845482657e+01	3.564773555861621901e+01	5.963911051815126285e+01	8.506845985578870284e+00	2.349509843636068851e+01	0.000000000000000000e+00	1.174754921818034425e+01	6.504905070893889274e+01	9.317021793729239221e+00	8.506845985578870284e+00	6.683599691782467289e+01	3.645791136676658883e+00
0.000000000000000000e+00	1.377298873855626660e+01	3.240703232601474415e+00	7.696670177428501347e+00	6.886494369278133298e+00	3.645791136676658883e+00	1.417807664263145107e+01	0.000000000000000000e+00	1.053228550595479263e+01	8.506845985578870284e+00	6.969440940112575333e+01	5.671230657052579893e+00	2.430527424451105745e+01	4.667805121503573673e+01	1.741877987523292504e+01	4.172230049245361272e+01	4.861054848902211845e+00	8.101758081503685816e+00	3.645791136676658883e+00	2.390018634043587298e+01
0.000000000000000000e+00	6.481406465202948830e+00	5.315945768023868823e+01	0.000000000000000000e+00	4.050879040751843019e-01	1.377298873855626660e+01	6.626606804845482657e+01	1.053228550595479263e+01	0.000000000000000000e+00	1.515484704336685162e+01	6.076318561127764362e+00	4.861054848902211845e+00	1.620351616300737208e+00	4.050879040751843019e-01	4.455966944827027376e+00	2.957141699748845554e+01	0.000000000000000000e+00	1.053228550595479263e+01	8.101758081503685816e+00	0.000000000000000000e+00
2.025439520375921632e+01	1.539334035485700269e+01	1.863404358745847844e+01	1.296281293040589766e+01	5.668600216117026491e+01	1.822895568338329397e+01	3.564773555861621901e+01	8.506845985578870284e+00	1.515484704336685162e+01	0.000000000000000000e+00	8.101758081503685816e+00	2.957141699748845554e+01	8.913862879673459361e+01	6.481406465202948830e+00	3.321720813416511220e+01	7.291582273353317767e+00	1.215263712225552872e+01	1.174754921818034425e+01	5.075348103785274390e+01	2.511545005266142638e+01
1.174754921818034425e+01	4.372318923076436903e+01	2.106457101190958525e+01	6.076318561127764362e+00	1.944421939560884738e+01	9.722109697804423689e+00	5.963911051815126285e+01	6.969440940112575333e+01	6.076318561127764362e+00	8.101758081503685816e+00	0.000000000000000000e+00	3.240703232601474415e+00	2.754597747711253319e+01	9.722109697804423689e+00	6.076318561127764362e+00	1.539334035485700269e+01	5.175304859336293362e+01	3.402738394231548114e+01	9.317021793729239221e+00	1.377298873855626660e+01
2.795106538118771766e+01	2.309001053228550404e+01	3.693314436245652388e+01	2.390018634043587298e+01	6.007050283158198312e+01	1.134246131410515979e+01	8.506845985578870284e+00	5.671230657052579893e+00	4.861054848902211845e+00	2.957141699748845554e+01	3.240703232601474415e+00	0.000000000000000000e+00	9.722109697804423689e+00	1.215263712225552961e+00	2.146965891598476972e+01	0.000000000000000000e+00	0.000000000000000000e+00	9.317021793729239221e+00	6.481406465202948830e+00	4.000725300247296445e+01
1.377298873855626660e+01	2.876124118933808660e+01	2.268492262821031957e+01	8.101758081503686038e-01	1.296281293040589766e+01	2.430527424451105745e+01	2.349509843636068851e+01	2.430527424451105745e+01	1.620351616300737208e+00	8.913862879673459361e+01	2.754597747711253319e+01	9.722109697804423689e+00	0.000000000000000000e+00	1.620351616300737163e+01	3.767317507899213780e+01	9.722109697804423689e+00	3.078668070971400539e+01	4.184154714819868559e+01	2.957141699748845554e+01	2.025439520375921632e+01
9.317021793729239221e+00	3.569332986816580444e+01	1.965816192503383419e+01	5.266142752977396313e+00	0.000000000000000000e+00	2.430527424451105922e+00	0.000000000000000000e+00	4.667805121503573673e+01	4.050879040751843019e-01	6.481406465202948830e+00	9.722109697804423689e+00	1.215263712225552961e+00	1.620351616300737163e+01	0.000000000000000000e+00	4.391433460541456668e+01	4.861054848902211845e+00	8.506845985578870284e+00	1.620351616300737208e+00	9.722109697804423689e+00	1.741877987523292504e+01
3.709973895504155195e+01	4.172405411974398248e+01	5.170570065652297842e+01	1.539334035485700269e+01	1.903913149153366291e+01	1.498825245078182000e+01	1.174754921818034425e+01	1.741877987523292504e+01	4.455966944827027376e+00	3.321720813416511220e+01	6.076318561127764362e+00	2.146965891598476972e+01	3.767317507899213780e+01	4.391433460541456668e+01	0.000000000000000000e+00	0.000000000000000000e+00	2.187474682005995064e+01	1.336790083448108213e+01	4.491565578821513327e+01	3.645791136676658795e+01
0.000000000000000000e+00	0.000000000000000000e+00	1.620351616300737208e+00	0.000000000000000000e+00	0.000000000000000000e+00	5.671230657052579893e+00	6.504905070893889274e+01	4.172230049245361272e+01	2.957141699748845554e+01	7.291582273353317767e+00	1.539334035485700269e+01	0.000000000000000000e+00	9.722109697804423689e+00	4.861054848902211845e+00	0.000000000000000000e+00	0.000000000000000000e+00	0.000000000000000000e+00	0.000000000000000000e+00	4.861054848902211845e+00	6.481406465202948830e+00
1.053228550595479263e+01	7.843974869819477647e+01	1.863404358745847844e+01	9.317021793729239221e+00	4.861054848902211845e+00	1.215263712225552872e+01	9.317021793729239221e+00	4.861054848902211845e+00	0.000000000000000000e+00	1.215263712225552872e+01	5.175304859336293362e+01	0.000000000000000000e+00	3.078668070971400539e+01	8.506845985578870284e+00	2.187474682005995064e+01	0.000000000000000000e+00	0.000000000000000000e+00	1.863404358745847844e+01	3.433602234542038190e+01	1.134246131410515979e+01
8.911933889654054752e+00	1.701369197115774057e+01	7.758222495320444523e+01	0.000000000000000000e+00	4.570128081430033262e+01	1.012719760187960816e+01	8.506845985578870284e+00	8.101758081503685816e+00	1.053228550595479263e+01	1.174754921818034425e+01	3.402738394231548114e+01	9.317021793729239221e+00	4.184154714819868559e+01	1.620351616300737208e+00	1.336790083448108213e+01	0.000000000000000000e+00	1.863404358745847844e+01	0.000000000000000000e+00	5.671230657052579893e+00	1.620351616300737208e+00
1.255772502633071319e+01	3.281212023008993128e+01	3.652805645838133586e+01	7.696670177428501347e+00	4.455966944827027376e+00	1.498825245078182000e+01	6.683599691782467289e+01	3.645791136676658883e+00	8.101758081503685816e+00	5.075348103785274390e+01	9.317021793729239221e+00	6.481406465202948830e+00	2.957141699748845554e+01	9.722109697804423689e+00	4.491565578821513327e+01	4.861054848902211845e+00	3.433602234542038190e+01	5.671230657052579893e+00	0.000000000000000000e+00	1.782386777930810950e+01
2.146965891598476972e+01	7.846429948025993895e+01	2.106457101190958525e+01	8.280101976934189167e+01	3.150040701689409417e+01	6.886494369278133298e+00	3.645791136676658883e+00	2.390018634043587298e+01	0.000000000000000000e+00	2.511545005266142638e+01	1.377298873855626660e+01	4.000725300247296445e+01	2.025439520375921632e+01	1.741877987523292504e+01	3.645791136676658795e+01	6.481406465202948830e+00	1.134246131410515979e+01	1.620351616300737208e+00	1.782386777930810950e+01	0.000000000000000000e+00
