0.000000000000000000e+00	2.820422452471825281e+01	2.882255988096683197e+01	2.524068226060977338e+01	2.560444881901286607e+01	2.858637575147519172e+01	1.879555600283249461e+01	2.290023458419993219e+01	1.939151194383954646e+01	2.508692171108700109e+01	2.353905917192898656e+01	2.460677094471935078e+01	2.748682063871148173e+01	1.558747992615765554e+01	2.315206996276241824e+01	2.010458001540002115e+01	2.415549546593742747e+01	2.351716867893989260e+01	2.323435835285886242e+01	2.676896213708879912e+01
2.820422452471825281e+01	0.000000000000000000e+00	3.045174951539478769e+01	3.043782706330888743e+01	2.515614964470733739e+01	3.069995006514436042e+01	2.250738109007020427e+01	2.463477347261846617e+01	2.329599022537537323e+01	2.752952706817726991e+01	2.574984671097461231e+01	2.804516686592267405e+01	2.966490145409789037e+01	2.019731765807568635e+01	2.879603907842373900e+01	2.170878619628081552e+01	2.537630319894123332e+01	2.744078077799350979e+01	2.757355541215579109e+01	2.866434518646861207e+01
2.882255988096683197e+01	3.045174951539478769e+01	0.000000000000000000e+00	2.596078498803844070e+01	2.388427185184068335e+01	2.945785731191043055e+01	2.253411096869183083e+01	2.355769518871526103e+01	2.426346750317464895e+01	2.858574046003345970e+01	2.576287436961222355e+01	2.464789564800094723e+01	2.715611146676357279e+01	1.911623407435823196e+01	2.683756506096938210e+01	2.303204103622949006e+01	2.666253902819727273e+01	2.943457832074875213e+01	2.672686397168096306e+01	2.469780083618888611e+01
2.524068226060977338e+01	3.043782706330888743e+01	2.596078498803844070e+01	0.000000000000000000e+00	2.266925015036212088e+01	2.341130697528400262e+01	1.863161888131314470e+01	2.390848482407367825e+01	2.142738601018749733e+01	2.396380356646583110e+01	2.521215700134336046e+01	2.742462078331804776e+01	2.510033310158367215e+01	1.618213828725144054e+01	2.295646647303485466e+01	1.879122906686527728e+01	2.463134422697364556e+01	2.578042176890227921e+01	2.338316695667466760e+01	2.811178499078267023e+01
2.560444881901286607e+01	2.515614964470733739e+01	2.388427185184068335e+01	2.266925015036212088e+01	0.000000000000000000e+00	2.202095586744653488e+01	1.746109969155661190e+01	2.089210064687043555e+01	2.006478968030228671e+01	2.428993138443005151e+01	2.012470674159652262e+01	2.175551828487503769e+01	2.367294833411977351e+01	1.601414691034752380e+01	2.086248688376928229e+01	2.035784018288400787e+01	1.983375629089415426e+01	2.137716468507672118e+01	2.050208208164992385e+01	2.158270217127238766e+01
2.858637575147519172e+01	3.069995006514436042e+01	2.945785731191043055e+01	2.341130697528400262e+01	2.202095586744653488e+01	0.000000000000000000e+00	2.141959913557131401e+01	2.440926808308672946e+01	1.934366205354299240e+01	2.556716101259455343e+01	2.221799960221597914e+01	2.370063950756791016e+01	2.736355968497745295e+01	1.740797621940012618e+01	2.365240437661427109e+01	2.148050948234398305e+01	2.495331987841265331e+01	2.178413644651315906e+01	2.550064079887519597e+01	2.327499742270866889e+01
1.879555600283249461e+01	2.250738109007020427e+01	2.253411096869183083e+01	1.863161888131314470e+01	1.746109969155661190e+01	2.141959913557131401e+01	0.000000000000000000e+00	2.199630869898614449e+01	2.355892080646050957e+01	2.511369127485333053e+01	1.924804052638778984e+01	1.775898957977086212e+01	2.364341363164310650e+01	1.514169377338379263e+01	2.151252759175933349e+01	1.845678727568576605e+01	2.251105010479769675e+01	1.912873312559870342e+01	2.213654529793780767e+01	1.995301473611291598e+01
2.290023458419993219e+01	2.463477347261846617e+01	2.355769518871526103e+01	2.390848482407367825e+01	2.089210064687043555e+01	2.440926808308672946e+01	2.199630869898614449e+01	0.000000000000000000e+00	2.059049278835837526e+01	2.472949730945126845e+01	2.314756686221664950e+01	2.480148191854290829e+01	2.998392023246615423e+01	1.907604384966962030e+01	2.410804546523174707e+01	2.312933073502124870e+01	2.297654612925878581e+01	2.536034059541941232e+01	2.487830591326707363e+01	2.654592140955472601e+01
1.939151194383954646e+01	2.329599022537537323e+01	2.426346750317464895e+01	2.142738601018749733e+01	2.006478968030228671e+01	1.934366205354299240e+01	2.355892080646050957e+01	2.059049278835837526e+01	0.000000000000000000e+00	2.337275061559542166e+01	2.169397931473023888e+01	1.958983860958846179e+01	2.306941098094268483e+01	1.757867531620502177e+01	2.105553996765826597e+01	2.156481778528412008e+01	2.022648257601564481e+01	2.543136390968453853e+01	2.214247318740508064e+01	2.061110035036799459e+01
2.508692171108700109e+01	2.752952706817726991e+01	2.858574046003345970e+01	2.396380356646583110e+01	2.428993138443005151e+01	2.556716101259455343e+01	2.511369127485333053e+01	2.472949730945126845e+01	2.337275061559542166e+01	0.000000000000000000e+00	2.375613441453861441e+01	2.517947520831992136e+01	2.851902943280175151e+01	1.868958173910216303e+01	2.854057695748766221e+01	2.239089396925654185e+01	2.327403612788215881e+01	2.423321715098398954e+01	2.802686713422315634e+01	2.660920529597596484e+01
2.353905917192898656e+01	2.574984671097461231e+01	2.576287436961222355e+01	2.521215700134336046e+01	2.012470674159652262e+01	2.221799960221597914e+01	1.924804052638778984e+01	2.314756686221664950e+01	2.169397931473023888e+01	2.375613441453861441e+01	0.000000000000000000e+00	2.199108407269653398e+01	2.796428861581393477e+01	1.930978495897873515e+01	2.523084197369995607e+01	1.850914026652808886e+01	2.527951130088099418e+01	2.982369919564687422e+01	2.510038205715398973e+01	2.498202130225762119e+01
2.460677094471935078e+01	2.804516686592267405e+01	2.464789564800094723e+01	2.742462078331804776e+01	2.175551828487503769e+01	2.370063950756791016e+01	1.775898957977086212e+01	2.480148191854290829e+01	1.958983860958846179e+01	2.517947520831992136e+01	2.199108407269653398e+01	0.000000000000000000e+00	2.578288971972058974e+01	1.488162267504393199e+01	2.344776458074100489e+01	1.917573428114318901e+01	2.089250053646131278e+01	2.412471133193123407e+01	2.352111037425002849e+01	2.740863545956992908e+01
2.748682063871148173e+01	2.966490145409789037e+01	2.715611146676357279e+01	2.510033310158367215e+01	2.367294833411977351e+01	2.736355968497745295e+01	2.364341363164310650e+01	2.998392023246615423e+01	2.306941098094268483e+01	2.851902943280175151e+01	2.796428861581393477e+01	2.578288971972058974e+01	0.000000000000000000e+00	2.157234943469725508e+01	2.980743591132259240e+01	2.162694665134556615e+01	2.784788744293096840e+01	2.833866621366559002e+01	2.917382647536774698e+01	2.926166231189306188e+01
1.558747992615765554e+01	2.019731765807568635e+01	1.911623407435823196e+01	1.618213828725144054e+01	1.601414691034752380e+01	1.740797621940012618e+01	1.514169377338379263e+01	1.907604384966962030e+01	1.757867531620502177e+01	1.868958173910216303e+01	1.930978495897873515e+01	1.488162267504393199e+01	2.157234943469725508e+01	0.000000000000000000e+00	1.760353156074394576e+01	1.625006864095850645e+01	1.701789404967549402e+01	1.814423236386296168e+01	1.791190139454155883e+01	1.912658681093336099e+01
2.315206996276241824e+01	2.879603907842373900e+01	2.683756506096938210e+01	2.295646647303485466e+01	2.086248688376928229e+01	2.365240437661427109e+01	2.151252759175933349e+01	2.410804546523174707e+01	2.105553996765826597e+01	2.854057695748766221e+01	2.523084197369995607e+01	2.344776458074100489e+01	2.980743591132259240e+01	1.760353156074394576e+01	0.000000000000000000e+00	2.008578248296898394e+01	2.597582776190106912e+01	2.398029326858675958e+01	2.466959721307543774e+01	2.803112248482205970e+01
2.010458001540002115e+01	2.170878619628081552e+01	2.303204103622949006e+01	1.879122906686527728e+01	2.035784018288400787e+01	2.148050948234398305e+01	1.845678727568576605e+01	2.312933073502124870e+01	2.156481778528412008e+01	2.239089396925654185e+01	1.850914026652808886e+01	1.917573428114318901e+01	2.162694665134556615e+01	1.625006864095850645e+01	2.008578248296898394e+01	0.000000000000000000e+00	1.938216945766124866e+01	2.117401328262907256e+01	2.189777037585143304e+01	2.205771684649032593e+01
2.415549546593742747e+01	2.537630319894123332e+01	2.666253902819727273e+01	2.463134422697364556e+01	1.983375629089415426e+01	2.495331987841265331e+01	2.251105010479769675e+01	2.297654612925878581e+01	2.022648257601564481e+01	2.327403612788215881e+01	2.527951130088099418e+01	2.089250053646131278e+01	2.784788744293096840e+01	1.701789404967549402e+01	2.597582776190106912e+01	1.938216945766124866e+01	0.000000000000000000e+00	2.342245760544313526e+01	2.391241187045001482e+01	2.470456281147443534e+01
2.351716867893989260e+01	2.744078077799350979e+01	2.943457832074875213e+01	2.578042176890227921e+01	2.137716468507672118e+01	2.178413644651315906e+01	1.912873312559870342e+01	2.536034059541941232e+01	2.543136390968453853e+01	2.423321715098398954e+01	2.982369919564687422e+01	2.412471133193123407e+01	2.833866621366559002e+01	1.814423236386296168e+01	2.398029326858675958e+01	2.117401328262907256e+01	2.342245760544313526e+01	0.000000000000000000e+00	2.558017251350034371e+01	2.444860957302326554e+01
2.323435835285886242e+01	2.757355541215579109e+01	2.672686397168096306e+01	2.338316695667466760e+01	2.050208208164992385e+01	2.550064079887519597e+01	2.213654529793780767e+01	2.487830591326707363e+01	2.214247318740508064e+01	2.802686713422315634e+01	2.510038205715398973e+01	2.352111037425002849e+01	2.917382647536774698e+01	1.791190139454155883e+01	2.466959721307543774e+01	2.189777037585143304e+01	2.391241187045001482e+01	2.558017251350034371e+01	0.000000000000000000e+00	2.557424392242161915e+01
2.676896213708879912e+01	2.866434518646861207e+01	2.469780083618888611e+01	2.811178499078267023e+01	2.158270217127238766e+01	2.327499742270866889e+01	1.995301473611291598e+01	2.654592140955472601e+01	2.061110035036799459e+01	2.660920529597596484e+01	2.498202130225762119e+01	2.740863545956992908e+01	2.926166231189306188e+01	1.912658681093336099e+01	2.803112248482205970e+01	2.205771684649032593e+01	2.470456281147443534e+01	2.444860957302326554e+01	2.557424392242161915e+01	0.000000000000000000e+00
