0.000000000000000000e+00	2.153731757620853315e+01	2.807925862575994458e+01	2.294845876509518590e+01	2.456873594834241459e+01	2.296922955326711957e+01	2.173338881154241875e+01	2.386691946114827800e+01	2.514801352740486351e+01	2.384158170218329786e+01	2.428541121982332029e+01	2.442051478646263973e+01	2.687051792342222356e+01	1.872289803451864643e+01	2.628396252711815606e+01	1.870640255857042078e+01	2.534260401408413799e+01	2.409381311136001358e+01	2.379234472399704359e+01	2.721936716462698769e+01
2.153731757620853315e+01	0.000000000000000000e+00	2.427481678318651248e+01	1.790127373924528342e+01	2.045582943293177891e+01	1.702935992903467266e+01	1.834593722488461509e+01	2.143452729990361760e+01	1.959286187646232946e+01	1.757866981532338357e+01	2.104907932933880232e+01	1.512847899051886635e+01	2.291924182370115659e+01	1.832376940517858799e+01	2.065665532690363904e+01	1.623118638747506992e+01	2.324042796198416028e+01	2.335265756757246436e+01	2.110131881254297070e+01	2.109888949786178003e+01
2.807925862575994458e+01	2.427481678318651248e+01	0.000000000000000000e+00	2.694768890899476332e+01	2.955016007357048480e+01	2.665574046621060234e+01	2.827442230277594959e+01	2.830262771512768438e+01	2.645192219402277445e+01	2.754734458132214314e+01	3.138022772421614093e+01	2.518572825703253670e+01	2.904409877341448265e+01	2.666278805363383952e+01	3.010761069208840013e+01	2.368946060376966400e+01	3.303671813433162896e+01	3.276592927306699465e+01	2.971416541187038618e+01	2.943857671484098049e+01
2.294845876509518590e+01	1.790127373924528342e+01	2.694768890899476332e+01	0.000000000000000000e+00	2.084564655964276980e+01	1.757848212747845196e+01	2.207349974045483876e+01	2.115288113468600528e+01	2.313253853225817380e+01	1.741275396060815694e+01	2.243787001312249529e+01	2.091362064061351589e+01	2.372978220912151315e+01	1.728632524274454951e+01	2.550084388753097997e+01	1.826687923406085545e+01	2.289940947475385613e+01	2.119683127160625702e+01	2.411633555265108697e+01	2.367931513314128722e+01
2.456873594834241459e+01	2.045582943293177891e+01	2.955016007357048480e+01	2.084564655964276980e+01	0.000000000000000000e+00	2.226313775384927496e+01	2.302190737517685548e+01	2.406923623057668493e+01	2.701482374187714797e+01	2.086333112567627524e+01	2.788408263197478831e+01	2.143666495601547695e+01	2.271821811508243272e+01	2.293794804557889933e+01	2.539791959262479537e+01	1.833903478333284554e+01	2.491797069203897763e+01	2.348419472092593807e+01	2.470625870286097836e+01	2.535777554831593150e+01
2.296922955326711957e+01	1.702935992903467266e+01	2.665574046621060234e+01	1.757848212747845196e+01	2.226313775384927496e+01	0.000000000000000000e+00	2.203867341831872295e+01	2.250463987475802341e+01	2.171307711618085534e+01	1.903013260956188191e+01	2.587027141564544763e+01	2.262926823887767114e+01	2.404461183920106748e+01	1.965393351588130955e+01	2.159847293274803093e+01	1.861396619484361992e+01	2.373472455560441219e+01	2.196669543008972170e+01	2.152584816386372424e+01	2.549324436384315717e+01
2.173338881154241875e+01	1.834593722488461509e+01	2.827442230277594959e+01	2.207349974045483876e+01	2.302190737517685548e+01	2.203867341831872295e+01	0.000000000000000000e+00	2.704191330969637264e+01	2.171541258693958198e+01	1.988063947824811706e+01	2.244440254810416491e+01	2.054101886032371027e+01	2.203867341831872295e+01	2.335802452363295600e+01	2.605121897210564086e+01	2.035350837623918352e+01	2.426354518548857442e+01	2.428513981485787454e+01	2.196885333980545951e+01	2.340252759728604914e+01
2.386691946114827800e+01	2.143452729990361760e+01	2.830262771512768438e+01	2.115288113468600528e+01	2.406923623057668493e+01	2.250463987475802341e+01	2.704191330969637264e+01	0.000000000000000000e+00	2.354675497870951162e+01	2.185292521465619942e+01	2.729688007695403229e+01	2.303884446898319638e+01	2.602067808899517942e+01	2.275870665417439653e+01	2.913112291534362086e+01	2.295730104811193684e+01	2.586927686105450164e+01	2.462727877100729046e+01	2.295610183122471781e+01	2.948240147122957211e+01
2.514801352740486351e+01	1.959286187646232946e+01	2.645192219402277445e+01	2.313253853225817380e+01	2.701482374187714797e+01	2.171307711618085534e+01	2.171541258693958198e+01	2.354675497870951162e+01	0.000000000000000000e+00	2.065525986292988847e+01	2.664286958697578811e+01	2.331863123070380084e+01	2.513488580536245465e+01	1.830887940271418302e+01	2.448867655527831033e+01	1.912272340122895287e+01	2.175488959698925839e+01	2.415275722146908066e+01	2.413468715294377986e+01	2.588744077350227002e+01
2.384158170218329786e+01	1.757866981532338357e+01	2.754734458132214314e+01	1.741275396060815694e+01	2.086333112567627524e+01	1.903013260956188191e+01	1.988063947824811706e+01	2.185292521465619942e+01	2.065525986292988847e+01	0.000000000000000000e+00	2.229544091738173250e+01	2.167974166950129700e+01	2.216639519699201344e+01	1.858352928245756530e+01	2.123174131086289051e+01	2.155507523205968923e+01	2.265928413177530842e+01	2.135854540441635052e+01	2.168245251594987266e+01	2.221304605355890160e+01
2.428541121982332029e+01	2.104907932933880232e+01	3.138022772421614093e+01	2.243787001312249529e+01	2.788408263197478831e+01	2.587027141564544763e+01	2.244440254810416491e+01	2.729688007695403229e+01	2.664286958697578811e+01	2.229544091738173250e+01	0.000000000000000000e+00	2.399027208367538933e+01	2.788744710672807159e+01	2.108128864894879584e+01	2.503041696575606423e+01	2.133144536502937072e+01	2.616079759243596925e+01	2.205959088662689283e+01	2.894810769076412882e+01	2.742784969812123208e+01
2.442051478646263973e+01	1.512847899051886635e+01	2.518572825703253670e+01	2.091362064061351589e+01	2.143666495601547695e+01	2.262926823887767114e+01	2.054101886032371027e+01	2.303884446898319638e+01	2.331863123070380084e+01	2.167974166950129700e+01	2.399027208367538933e+01	0.000000000000000000e+00	2.517584356406673862e+01	1.819771606300483668e+01	2.250697534551675005e+01	2.141384022885220162e+01	2.275984290804590415e+01	2.000697435218925690e+01	2.089535275744134069e+01	2.171354633579317195e+01
2.687051792342222356e+01	2.291924182370115659e+01	2.904409877341448265e+01	2.372978220912151315e+01	2.271821811508243272e+01	2.404461183920106748e+01	2.203867341831872295e+01	2.602067808899517942e+01	2.513488580536245465e+01	2.216639519699201344e+01	2.788744710672807159e+01	2.517584356406673862e+01	0.000000000000000000e+00	2.178571201186710482e+01	2.464135059042477849e+01	2.007995374265861344e+01	2.525192993077933679e+01	2.517064043992126088e+01	2.770927384799625770e+01	2.876986425500906464e+01
1.872289803451864643e+01	1.832376940517858799e+01	2.666278805363383952e+01	1.728632524274454951e+01	2.293794804557889933e+01	1.965393351588130955e+01	2.335802452363295600e+01	2.275870665417439653e+01	1.830887940271418302e+01	1.858352928245756530e+01	2.108128864894879584e+01	1.819771606300483668e+01	2.178571201186710482e+01	0.000000000000000000e+00	2.200961328386287619e+01	1.808119708353589061e+01	2.484338035896604779e+01	2.067903587988345038e+01	1.900426266796887376e+01	2.356931155846755033e+01
2.628396252711815606e+01	2.065665532690363904e+01	3.010761069208840013e+01	2.550084388753097997e+01	2.539791959262479537e+01	2.159847293274803093e+01	2.605121897210564086e+01	2.913112291534362086e+01	2.448867655527831033e+01	2.123174131086289051e+01	2.503041696575606423e+01	2.250697534551675005e+01	2.464135059042477849e+01	2.200961328386287619e+01	0.000000000000000000e+00	2.074786074810332437e+01	2.637548120572513000e+01	2.133162292607235244e+01	2.513349890063030756e+01	3.061809672996037790e+01
1.870640255857042078e+01	1.623118638747506992e+01	2.368946060376966400e+01	1.826687923406085545e+01	1.833903478333284554e+01	1.861396619484361992e+01	2.035350837623918352e+01	2.295730104811193684e+01	1.912272340122895287e+01	2.155507523205968923e+01	2.133144536502937072e+01	2.141384022885220162e+01	2.007995374265861344e+01	1.808119708353589061e+01	2.074786074810332437e+01	0.000000000000000000e+00	2.353167954549213903e+01	2.090290197964841568e+01	2.215472543526731286e+01	1.961850020970730668e+01
2.534260401408413799e+01	2.324042796198416028e+01	3.303671813433162896e+01	2.289940947475385613e+01	2.491797069203897763e+01	2.373472455560441219e+01	2.426354518548857442e+01	2.586927686105450164e+01	2.175488959698925839e+01	2.265928413177530842e+01	2.616079759243596925e+01	2.275984290804590415e+01	2.525192993077933679e+01	2.484338035896604779e+01	2.637548120572513000e+01	2.353167954549213903e+01	0.000000000000000000e+00	2.688716007950668185e+01	2.309091373929470237e+01	2.818969196819439205e+01
2.409381311136001358e+01	2.335265756757246436e+01	3.276592927306699465e+01	2.119683127160625702e+01	2.348419472092593807e+01	2.196669543008972170e+01	2.428513981485787454e+01	2.462727877100729046e+01	2.415275722146908066e+01	2.135854540441635052e+01	2.205959088662689283e+01	2.000697435218925690e+01	2.517064043992126088e+01	2.067903587988345038e+01	2.133162292607235244e+01	2.090290197964841568e+01	2.688716007950668185e+01	0.000000000000000000e+00	2.048179321844725109e+01	2.566638690128936773e+01
2.379234472399704359e+01	2.110131881254297070e+01	2.971416541187038618e+01	2.411633555265108697e+01	2.470625870286097836e+01	2.152584816386372424e+01	2.196885333980545951e+01	2.295610183122471781e+01	2.413468715294377986e+01	2.168245251594987266e+01	2.894810769076412882e+01	2.089535275744134069e+01	2.770927384799625770e+01	1.900426266796887376e+01	2.513349890063030756e+01	2.215472543526731286e+01	2.309091373929470237e+01	2.048179321844725109e+01	0.000000000000000000e+00	2.845783503567975004e+01
2.721936716462698769e+01	2.109888949786178003e+01	2.943857671484098049e+01	2.367931513314128722e+01	2.535777554831593150e+01	2.549324436384315717e+01	2.340252759728604914e+01	2.948240147122957211e+01	2.588744077350227002e+01	2.221304605355890160e+01	2.742784969812123208e+01	2.171354633579317195e+01	2.876986425500906464e+01	2.356931155846755033e+01	3.061809672996037790e+01	1.961850020970730668e+01	2.818969196819439205e+01	2.566638690128936773e+01	2.845783503567975004e+01	0.000000000000000000e+00
