0.000000000000000000e+00	2.327404375624059440e+01	2.255433313658073047e+01	2.274424794923695003e+01	2.263830645603209391e+01	2.386987091962093288e+01	2.040811509177536109e+01	2.254451835352375610e+01	2.274078467899378708e+01	1.699911527334545980e+01	2.276936209253616639e+01	2.178986023496735314e+01	2.340619989105681853e+01	1.875704314189738042e+01	2.045439817225473789e+01	1.942652082683428816e+01	2.596660485136277075e+01	2.353510207433467727e+01	2.248820685127120811e+01	2.284789575763843672e+01
2.327404375624059440e+01	0.000000000000000000e+00	2.552831974983132213e+01	2.414699450715278317e+01	2.453212086347094001e+01	2.675385720062620365e+01	2.383553420924467403e+01	2.492286053201305052e+01	2.345619277982354589e+01	2.448930773307417041e+01	2.952445501030744879e+01	2.423584672974465448e+01	2.624229498005108141e+01	2.038887446502778289e+01	3.022339682777493763e+01	2.303525074812501217e+01	2.920706712728242138e+01	2.740144516800805619e+01	2.378205315511393181e+01	2.637195617881818066e+01
2.255433313658073047e+01	2.552831974983132213e+01	0.000000000000000000e+00	2.505932461418351664e+01	2.338882626779615137e+01	2.815327858160494401e+01	2.623731868917423071e+01	2.306684279947748450e+01	2.319505279547369980e+01	2.744082300412503628e+01	2.725659000471167204e+01	2.383434769675417897e+01	2.902083118099903203e+01	2.378658514293119453e+01	2.793586228920725745e+01	2.189026856398384879e+01	2.763841150052310880e+01	3.001758506811286153e+01	2.741401985822722764e+01	2.367687396586998716e+01
2.274424794923695003e+01	2.414699450715278317e+01	2.505932461418351664e+01	0.000000000000000000e+00	1.901238956785487844e+01	2.415876261853696505e+01	2.087927839982997114e+01	2.296949900764659702e+01	2.201651517636155120e+01	1.729654925597127146e+01	2.210650940678707954e+01	1.797100126356814798e+01	2.249736631403612819e+01	1.765488329772352216e+01	2.365742381477656409e+01	1.862104363525308770e+01	2.254642411850520745e+01	2.394156611950657521e+01	1.986559149255457513e+01	2.291201724076432455e+01
2.263830645603209391e+01	2.453212086347094001e+01	2.338882626779615137e+01	1.901238956785487844e+01	0.000000000000000000e+00	2.261301951044925573e+01	2.478030602008644223e+01	1.960502990331003303e+01	2.320291119151455561e+01	1.987052410992245655e+01	2.580941507562081583e+01	2.507462170961143499e+01	2.447325671735720576e+01	1.743475855134617447e+01	2.433421809006701864e+01	1.968906964935065673e+01	2.701983384450456072e+01	2.708085078189904493e+01	2.369823399631520644e+01	2.212312794430174989e+01
2.386987091962093288e+01	2.675385720062620365e+01	2.815327858160494401e+01	2.415876261853696505e+01	2.261301951044925573e+01	0.000000000000000000e+00	2.870725209766280273e+01	2.472960968338335874e+01	2.639781142303556294e+01	2.376117229938606457e+01	2.734035694158010799e+01	2.468925896149679389e+01	2.755414914916563873e+01	2.041732381463231505e+01	2.534225560809728606e+01	2.048892440810564963e+01	2.562550804419378281e+01	3.064631949067511485e+01	2.673214616116128894e+01	2.347585104603973960e+01
2.040811509177536109e+01	2.383553420924467403e+01	2.623731868917423071e+01	2.087927839982997114e+01	2.478030602008644223e+01	2.870725209766280273e+01	0.000000000000000000e+00	2.188773735904915441e+01	2.212784517927011763e+01	2.375786679091725517e+01	2.498057381426423262e+01	2.149490567076975012e+01	2.480758260456989106e+01	1.836593154390689975e+01	2.426656967339203419e+01	1.862299898284710054e+01	2.266657909576336394e+01	2.793348435221183834e+01	2.438275546393383664e+01	2.508814792974769858e+01
2.254451835352375610e+01	2.492286053201305052e+01	2.306684279947748450e+01	2.296949900764659702e+01	1.960502990331003303e+01	2.472960968338335874e+01	2.188773735904915441e+01	0.000000000000000000e+00	2.311737563450502009e+01	1.842863077070790112e+01	2.429525670992099506e+01	2.251780054672725484e+01	2.281241940109351063e+01	1.776596735082145528e+01	2.352246975937745432e+01	2.178935441733293032e+01	2.622741843309871612e+01	2.447838816940529583e+01	2.496534008673665639e+01	2.540328076932332380e+01
2.274078467899378708e+01	2.345619277982354589e+01	2.319505279547369980e+01	2.201651517636155120e+01	2.320291119151455561e+01	2.639781142303556294e+01	2.212784517927011763e+01	2.311737563450502009e+01	0.000000000000000000e+00	1.972972261154774287e+01	2.112390075642539955e+01	2.220704865015609997e+01	2.271825936913679911e+01	1.795151644467662777e+01	2.521244186176029345e+01	1.854070037355892708e+01	2.331003776206374667e+01	2.542312375452904405e+01	2.299993494335710409e+01	2.532634465212188601e+01
1.699911527334545980e+01	2.448930773307417041e+01	2.744082300412503628e+01	1.729654925597127146e+01	1.987052410992245655e+01	2.376117229938606457e+01	2.375786679091725517e+01	1.842863077070790112e+01	1.972972261154774287e+01	0.000000000000000000e+00	2.073017279313173589e+01	2.240993316888409836e+01	2.113569403063154795e+01	1.588919710534045926e+01	2.677314049937900009e+01	1.742404760206531833e+01	2.532234740657485617e+01	2.441958795549045291e+01	2.251984771940953323e+01	1.972855627666126210e+01
2.276936209253616639e+01	2.952445501030744879e+01	2.725659000471167204e+01	2.210650940678707954e+01	2.580941507562081583e+01	2.734035694158010799e+01	2.498057381426423262e+01	2.429525670992099506e+01	2.112390075642539955e+01	2.073017279313173589e+01	0.000000000000000000e+00	2.521772691804484623e+01	2.805180984861043925e+01	1.942295811578249953e+01	2.551280921954687742e+01	2.403016593811822332e+01	2.654660507151324111e+01	2.747511328360327099e+01	2.707388119583703556e+01	2.747837632392652552e+01
2.178986023496735314e+01	2.423584672974465448e+01	2.383434769675417897e+01	1.797100126356814798e+01	2.507462170961143499e+01	2.468925896149679389e+01	2.149490567076975012e+01	2.251780054672725484e+01	2.220704865015609997e+01	2.240993316888409836e+01	2.521772691804484623e+01	0.000000000000000000e+00	2.515599670110444919e+01	1.749440240884426601e+01	2.346294483733257863e+01	1.873128644171792345e+01	2.253994680656786898e+01	2.546847046168382178e+01	2.370228560405170626e+01	2.282586750445626578e+01
2.340619989105681853e+01	2.624229498005108141e+01	2.902083118099903203e+01	2.249736631403612819e+01	2.447325671735720576e+01	2.755414914916563873e+01	2.480758260456989106e+01	2.281241940109351063e+01	2.271825936913679911e+01	2.113569403063154795e+01	2.805180984861043925e+01	2.515599670110444919e+01	0.000000000000000000e+00	1.986508055904605996e+01	2.511690854604752943e+01	2.065322583265868062e+01	2.712812438209310528e+01	2.327178426390505805e+01	2.669911726039374145e+01	2.501272150154072804e+01
1.875704314189738042e+01	2.038887446502778289e+01	2.378658514293119453e+01	1.765488329772352216e+01	1.743475855134617447e+01	2.041732381463231505e+01	1.836593154390689975e+01	1.776596735082145528e+01	1.795151644467662777e+01	1.588919710534045926e+01	1.942295811578249953e+01	1.749440240884426601e+01	1.986508055904605996e+01	0.000000000000000000e+00	2.055308444886642150e+01	1.616277214856113531e+01	2.196593777511168355e+01	2.161922050253713223e+01	1.944793425275583587e+01	1.690139979761370626e+01
2.045439817225473789e+01	3.022339682777493763e+01	2.793586228920725745e+01	2.365742381477656409e+01	2.433421809006701864e+01	2.534225560809728606e+01	2.426656967339203419e+01	2.352246975937745432e+01	2.521244186176029345e+01	2.677314049937900009e+01	2.551280921954687742e+01	2.346294483733257863e+01	2.511690854604752943e+01	2.055308444886642150e+01	0.000000000000000000e+00	1.972500405632458609e+01	2.506835571230024939e+01	2.743445891218310706e+01	2.560991273910657995e+01	2.540743241398436325e+01
1.942652082683428816e+01	2.303525074812501217e+01	2.189026856398384879e+01	1.862104363525308770e+01	1.968906964935065673e+01	2.048892440810564963e+01	1.862299898284710054e+01	2.178935441733293032e+01	1.854070037355892708e+01	1.742404760206531833e+01	2.403016593811822332e+01	1.873128644171792345e+01	2.065322583265868062e+01	1.616277214856113531e+01	1.972500405632458609e+01	0.000000000000000000e+00	2.150106458430031964e+01	2.164211416465575866e+01	2.126507438810815032e+01	2.127181615266074388e+01
2.596660485136277075e+01	2.920706712728242138e+01	2.763841150052310880e+01	2.254642411850520745e+01	2.701983384450456072e+01	2.562550804419378281e+01	2.266657909576336394e+01	2.622741843309871612e+01	2.331003776206374667e+01	2.532234740657485617e+01	2.654660507151324111e+01	2.253994680656786898e+01	2.712812438209310528e+01	2.196593777511168355e+01	2.506835571230024939e+01	2.150106458430031964e+01	0.000000000000000000e+00	2.839261683668924263e+01	2.707032906645674686e+01	2.570554524483127068e+01
2.353510207433467727e+01	2.740144516800805619e+01	3.001758506811286153e+01	2.394156611950657521e+01	2.708085078189904493e+01	3.064631949067511485e+01	2.793348435221183834e+01	2.447838816940529583e+01	2.542312375452904405e+01	2.441958795549045291e+01	2.747511328360327099e+01	2.546847046168382178e+01	2.327178426390505805e+01	2.161922050253713223e+01	2.743445891218310706e+01	2.164211416465575866e+01	2.839261683668924263e+01	0.000000000000000000e+00	2.726406726173361150e+01	2.483869467745994442e+01
2.248820685127120811e+01	2.378205315511393181e+01	2.741401985822722764e+01	1.986559149255457513e+01	2.369823399631520644e+01	2.673214616116128894e+01	2.438275546393383664e+01	2.496534008673665639e+01	2.299993494335710409e+01	2.251984771940953323e+01	2.707388119583703556e+01	2.370228560405170626e+01	2.669911726039374145e+01	1.944793425275583587e+01	2.560991273910657995e+01	2.126507438810815032e+01	2.707032906645674686e+01	2.726406726173361150e+01	0.000000000000000000e+00	2.248610857186190870e+01
2.284789575763843672e+01	2.637195617881818066e+01	2.367687396586998716e+01	2.291201724076432455e+01	2.212312794430174989e+01	2.347585104603973960e+01	2.508814792974769858e+01	2.540328076932332380e+01	2.532634465212188601e+01	1.972855627666126210e+01	2.747837632392652552e+01	2.282586750445626578e+01	2.501272150154072804e+01	1.690139979761370626e+01	2.540743241398436325e+01	2.127181615266074388e+01	2.570554524483127068e+01	2.483869467745994442e+01	2.248610857186190870e+01	0.000000000000000000e+00
