0.000000000000000000e+00	2.371593500462427073e+01	2.661614118325689660e+01	2.101383828918799779e+01	1.948447347918301986e+01	2.717881701156834495e+01	2.252022422405718061e+01	1.872244139906491966e+01	2.097934744028217224e+01	2.106688580634827090e+01	2.115846299174369349e+01	2.260989161556633320e+01	1.934858246483737432e+01	2.278111897056750124e+01	2.318767347130145495e+01	2.023030820730036083e+01	2.325145641329830326e+01	2.318468997755660865e+01	2.632199280287292709e+01	2.481965626407939851e+01
2.371593500462427073e+01	0.000000000000000000e+00	2.616332981718399253e+01	2.120876515834862985e+01	2.825643848835935756e+01	2.833654978445687433e+01	2.528344810547917376e+01	2.374695492017343668e+01	2.518385332244812957e+01	2.243360845002189308e+01	2.605163626319017212e+01	2.585505291992614474e+01	2.468108415080105544e+01	2.492863370990991001e+01	2.231506052846762600e+01	2.925225018384135467e+01	2.923116318389374868e+01	2.597169094561971647e+01	2.906355169600248090e+01	3.004204808733383558e+01
2.661614118325689660e+01	2.616332981718399253e+01	0.000000000000000000e+00	2.458930748735716421e+01	2.585060249348311601e+01	2.740333384822251617e+01	2.665080657091400695e+01	2.107051702005168181e+01	2.404105486860470720e+01	2.734582978773698869e+01	2.564684102839138546e+01	2.662203433345031911e+01	2.587094612391642912e+01	2.622509196681113863e+01	2.531784659522186232e+01	2.199260969415659517e+01	2.499848162138888341e+01	2.893239058465252711e+01	2.980295887251839915e+01	2.611527393665324226e+01
2.101383828918799779e+01	2.120876515834862985e+01	2.458930748735716421e+01	0.000000000000000000e+00	1.955284470361178251e+01	2.405569841449568713e+01	1.826533774767940344e+01	1.640676966004340898e+01	1.849108567127293412e+01	2.063749731792168873e+01	2.413248183905964694e+01	2.033419320369438665e+01	2.044526354651175026e+01	1.981405967144857527e+01	1.761512328393710192e+01	1.691586840889356935e+01	1.801971211133360029e+01	2.304490519643571034e+01	2.230087574123246341e+01	2.171818531901028493e+01
1.948447347918301986e+01	2.825643848835935756e+01	2.585060249348311601e+01	1.955284470361178251e+01	0.000000000000000000e+00	2.310553858509669922e+01	2.171855689578081083e+01	2.027283645479627339e+01	2.211072137096722301e+01	2.214336194923663825e+01	2.267403608400504922e+01	2.516247846649460129e+01	1.869079143599891424e+01	2.358988127362778187e+01	2.032539714857849589e+01	2.024160178488844508e+01	2.168362440009196135e+01	2.864681712337762676e+01	2.563402016779444637e+01	2.419031842869222615e+01
2.717881701156834495e+01	2.833654978445687433e+01	2.740333384822251617e+01	2.405569841449568713e+01	2.310553858509669922e+01	0.000000000000000000e+00	2.837955736211636193e+01	2.330325292235221823e+01	2.591452367836134485e+01	2.464198837515322893e+01	2.766181730724164467e+01	2.758372619970006312e+01	2.218761509424266976e+01	2.546078252509565232e+01	2.603257141232709415e+01	2.188512191113746397e+01	2.586038710376213956e+01	2.702242486253268083e+01	3.087064581520082740e+01	2.722305475714162881e+01
2.252022422405718061e+01	2.528344810547917376e+01	2.665080657091400695e+01	1.826533774767940344e+01	2.171855689578081083e+01	2.837955736211636193e+01	0.000000000000000000e+00	2.047535827848421874e+01	2.215043501919699764e+01	2.270510469862306735e+01	2.216797474536343060e+01	2.242975381703289983e+01	2.197766960661893165e+01	2.393087435091210935e+01	2.386804923669758338e+01	2.140206564441498571e+01	2.323499385521316540e+01	2.673150801337946803e+01	2.673092662133770148e+01	2.891121224712321336e+01
1.872244139906491966e+01	2.374695492017343668e+01	2.107051702005168181e+01	1.640676966004340898e+01	2.027283645479627339e+01	2.330325292235221823e+01	2.047535827848421874e+01	0.000000000000000000e+00	2.026549017332062874e+01	1.899927670972309457e+01	2.245198772379119490e+01	2.004179741908386703e+01	2.089913282574989850e+01	1.975402522612155920e+01	1.982703345887158619e+01	1.946759712543994070e+01	1.762762250058816349e+01	2.159370299373577851e+01	2.558733623581094463e+01	2.705335255398432182e+01
2.097934744028217224e+01	2.518385332244812957e+01	2.404105486860470720e+01	1.849108567127293412e+01	2.211072137096722301e+01	2.591452367836134485e+01	2.215043501919699764e+01	2.026549017332062874e+01	0.000000000000000000e+00	2.114696557922782105e+01	2.353463721103183559e+01	2.351707564112203031e+01	2.214656060145287242e+01	2.152159226301060002e+01	2.181259944836100928e+01	1.994120432074215543e+01	2.079078044231120614e+01	2.247448691781750085e+01	3.015713644925185832e+01	2.964530854593649423e+01
2.106688580634827090e+01	2.243360845002189308e+01	2.734582978773698869e+01	2.063749731792168873e+01	2.214336194923663825e+01	2.464198837515322893e+01	2.270510469862306735e+01	1.899927670972309457e+01	2.114696557922782105e+01	0.000000000000000000e+00	1.980172540153990113e+01	2.088236465757439220e+01	1.890345645849937384e+01	2.174374091799220210e+01	2.330975152125592587e+01	1.691877068774769199e+01	2.212948375739061291e+01	2.379314945446913399e+01	2.821248381930716675e+01	2.339850889523215471e+01
2.115846299174369349e+01	2.605163626319017212e+01	2.564684102839138546e+01	2.413248183905964694e+01	2.267403608400504922e+01	2.766181730724164467e+01	2.216797474536343060e+01	2.245198772379119490e+01	2.353463721103183559e+01	1.980172540153990113e+01	0.000000000000000000e+00	2.550299733978640049e+01	2.721619298690756850e+01	2.481574453891225929e+01	2.269621154509810523e+01	2.052114813238138780e+01	2.437365035763935239e+01	2.463756312891610278e+01	3.054751213426339618e+01	2.619894866548952095e+01
2.260989161556633320e+01	2.585505291992614474e+01	2.662203433345031911e+01	2.033419320369438665e+01	2.516247846649460129e+01	2.758372619970006312e+01	2.242975381703289983e+01	2.004179741908386703e+01	2.351707564112203031e+01	2.088236465757439220e+01	2.550299733978640049e+01	0.000000000000000000e+00	2.525345390530532441e+01	2.243655952016569799e+01	2.410221311618105133e+01	2.222199070668833443e+01	2.259091244701629719e+01	2.439677016005692067e+01	2.753702704906281085e+01	2.617505357002787036e+01
1.934858246483737432e+01	2.468108415080105544e+01	2.587094612391642912e+01	2.044526354651175026e+01	1.869079143599891424e+01	2.218761509424266976e+01	2.197766960661893165e+01	2.089913282574989850e+01	2.214656060145287242e+01	1.890345645849937384e+01	2.721619298690756850e+01	2.525345390530532441e+01	0.000000000000000000e+00	2.161962745607905845e+01	1.830992563913100213e+01	2.094355007358736387e+01	1.903602929374824626e+01	2.429191916605706325e+01	2.414734102380263181e+01	2.335632433712873279e+01
2.278111897056750124e+01	2.492863370990991001e+01	2.622509196681113863e+01	1.981405967144857527e+01	2.358988127362778187e+01	2.546078252509565232e+01	2.393087435091210935e+01	1.975402522612155920e+01	2.152159226301060002e+01	2.174374091799220210e+01	2.481574453891225929e+01	2.243655952016569799e+01	2.161962745607905845e+01	0.000000000000000000e+00	2.282863174162685738e+01	2.079830737601719903e+01	2.404768609557715919e+01	2.796904341918988024e+01	2.815323141509488991e+01	2.538729199264264480e+01
2.318767347130145495e+01	2.231506052846762600e+01	2.531784659522186232e+01	1.761512328393710192e+01	2.032539714857849589e+01	2.603257141232709415e+01	2.386804923669758338e+01	1.982703345887158619e+01	2.181259944836100928e+01	2.330975152125592587e+01	2.269621154509810523e+01	2.410221311618105133e+01	1.830992563913100213e+01	2.282863174162685738e+01	0.000000000000000000e+00	1.984501656727967500e+01	2.215936375372109879e+01	2.012319219411160276e+01	2.668173194890135136e+01	2.401500340556784252e+01
2.023030820730036083e+01	2.925225018384135467e+01	2.199260969415659517e+01	1.691586840889356935e+01	2.024160178488844508e+01	2.188512191113746397e+01	2.140206564441498571e+01	1.946759712543994070e+01	1.994120432074215543e+01	1.691877068774769199e+01	2.052114813238138780e+01	2.222199070668833443e+01	2.094355007358736387e+01	2.079830737601719903e+01	1.984501656727967500e+01	0.000000000000000000e+00	1.865561122734737154e+01	2.190978060305754482e+01	2.322214681621165155e+01	2.342830822846063654e+01
2.325145641329830326e+01	2.923116318389374868e+01	2.499848162138888341e+01	1.801971211133360029e+01	2.168362440009196135e+01	2.586038710376213956e+01	2.323499385521316540e+01	1.762762250058816349e+01	2.079078044231120614e+01	2.212948375739061291e+01	2.437365035763935239e+01	2.259091244701629719e+01	1.903602929374824626e+01	2.404768609557715919e+01	2.215936375372109879e+01	1.865561122734737154e+01	0.000000000000000000e+00	2.222867127062310999e+01	2.674843865909789997e+01	2.334156817344277357e+01
2.318468997755660865e+01	2.597169094561971647e+01	2.893239058465252711e+01	2.304490519643571034e+01	2.864681712337762676e+01	2.702242486253268083e+01	2.673150801337946803e+01	2.159370299373577851e+01	2.247448691781750085e+01	2.379314945446913399e+01	2.463756312891610278e+01	2.439677016005692067e+01	2.429191916605706325e+01	2.796904341918988024e+01	2.012319219411160276e+01	2.190978060305754482e+01	2.222867127062310999e+01	0.000000000000000000e+00	2.689415999605202146e+01	2.514242722828878485e+01
2.632199280287292709e+01	2.906355169600248090e+01	2.980295887251839915e+01	2.230087574123246341e+01	2.563402016779444637e+01	3.087064581520082740e+01	2.673092662133770148e+01	2.558733623581094463e+01	3.015713644925185832e+01	2.821248381930716675e+01	3.054751213426339618e+01	2.753702704906281085e+01	2.414734102380263181e+01	2.815323141509488991e+01	2.668173194890135136e+01	2.322214681621165155e+01	2.674843865909789997e+01	2.689415999605202146e+01	0.000000000000000000e+00	2.895827958930620483e+01
2.481965626407939851e+01	3.004204808733383558e+01	2.611527393665324226e+01	2.171818531901028493e+01	2.419031842869222615e+01	2.722305475714162881e+01	2.891121224712321336e+01	2.705335255398432182e+01	2.964530854593649423e+01	2.339850889523215471e+01	2.619894866548952095e+01	2.617505357002787036e+01	2.335632433712873279e+01	2.538729199264264480e+01	2.401500340556784252e+01	2.342830822846063654e+01	2.334156817344277357e+01	2.514242722828878485e+01	2.895827958930620483e+01	0.000000000000000000e+00
