0.000000000000000000e+00	2.460785383020435191e+01	2.204298411834376381e+01	2.557003810507790575e+01	2.155368614175917230e+01	2.250048904019505969e+01	1.943729982262110312e+01	2.119167495367436871e+01	2.248854516287633487e+01	1.615929266766001504e+01	2.169291680757768859e+01	2.140649289106150377e+01	2.177646666402545605e+01	2.152723805756746600e+01	1.900766394784683300e+01	1.874908043601602614e+01	2.509027680855107079e+01	2.343136676887264969e+01	2.211210247779252924e+01	2.227770851792877238e+01
2.460785383020435191e+01	0.000000000000000000e+00	2.457709107732902609e+01	2.344729193863095063e+01	2.578788745546595607e+01	2.570689021602710511e+01	2.329611739549370952e+01	2.431850756549821924e+01	2.386498393608649593e+01	2.392069338784889254e+01	2.851547721420982029e+01	2.391671209540931997e+01	2.472826562046626719e+01	2.041592441818194459e+01	2.837624654839130756e+01	2.810951867699640871e+01	3.292313808812104270e+01	2.697592002054370042e+01	2.293410620740890593e+01	3.070726903023156851e+01
2.204298411834376381e+01	2.457709107732902609e+01	0.000000000000000000e+00	2.698278730623623645e+01	2.224190552836425283e+01	2.668949610402751560e+01	2.641100612999883523e+01	2.172871979714220814e+01	2.266756011069895038e+01	3.168490739141675405e+01	2.703160082991444568e+01	2.300571218653795214e+01	3.117475307319563171e+01	2.486994755102807275e+01	2.932842305976044273e+01	2.108028469254122683e+01	2.693613573853960119e+01	2.998738107879482939e+01	2.984058620166984710e+01	2.231351150749329548e+01
2.557003810507790575e+01	2.344729193863095063e+01	2.698278730623623645e+01	0.000000000000000000e+00	1.755165661062847704e+01	2.347911363575589760e+01	1.991468256427862471e+01	2.195946290428764769e+01	2.275205984658537517e+01	1.656506943018849043e+01	2.071429221201685067e+01	1.732489479592261716e+01	2.144229588062603042e+01	1.735671649304756414e+01	2.228965239524750075e+01	1.740446335993081206e+01	2.159347042376326797e+01	2.353727435226158704e+01	1.895991708096358508e+01	2.152186444463422532e+01
2.155368614175917230e+01	2.578788745546595607e+01	2.224190552836425283e+01	1.755165661062847704e+01	0.000000000000000000e+00	2.246066840325397251e+01	2.431452627305864311e+01	1.885250811227001932e+01	2.260391671644905287e+01	1.975006275851802684e+01	2.439807612950641413e+01	2.475610602515164160e+01	2.286250022827986328e+01	1.703050829452728365e+01	2.276305384446544267e+01	1.874509914357645002e+01	3.055613084203131180e+01	3.182263667193064194e+01	2.238909877906191781e+01	2.096889443140808140e+01
2.250048904019505969e+01	2.570689021602710511e+01	2.668949610402751560e+01	2.347911363575589760e+01	2.246066840325397251e+01	0.000000000000000000e+00	3.366699421661454039e+01	2.438215095974811319e+01	3.125424892732984716e+01	2.326031440592918642e+01	2.660992754001932425e+01	2.825974334069498894e+01	2.621609465480957368e+01	1.933785343880668961e+01	2.381726571159489936e+01	1.983909529271000594e+01	2.540852242219219548e+01	3.054035109202096621e+01	2.823840820306645938e+01	2.277895037183208871e+01
1.943729982262110312e+01	2.329611739549370952e+01	2.641100612999883523e+01	1.991468256427862471e+01	2.431452627305864311e+01	3.366699421661454039e+01	0.000000000000000000e+00	2.129112133748878577e+01	2.229758633773499810e+01	2.945460683652828493e+01	2.431850756549821924e+01	2.150593927487592438e+01	2.392069338784889254e+01	1.898775748564895949e+01	2.595941090185608147e+01	1.780227753758013520e+01	2.317278325704184283e+01	3.305984477932229026e+01	2.444977564643758683e+01	2.435431055506274234e+01
2.119167495367436871e+01	2.431850756549821924e+01	2.172871979714220814e+01	2.195946290428764769e+01	1.885250811227001932e+01	2.438215095974811319e+01	2.129112133748878577e+01	0.000000000000000000e+00	2.310515857035237275e+01	1.751187232862437781e+01	2.454870687932301720e+01	2.198332201653344598e+01	2.169689810001726116e+01	1.728909180635809406e+01	2.210267486254573654e+01	2.100469742097260806e+01	2.584612088184561784e+01	2.434634797018359365e+01	2.474416214783291679e+01	2.672771400339834358e+01
2.248854516287633487e+01	2.386498393608649593e+01	2.266756011069895038e+01	2.275205984658537517e+01	2.260391671644905287e+01	3.125424892732984716e+01	2.229758633773499810e+01	2.310515857035237275e+01	0.000000000000000000e+00	1.918269760322987239e+01	2.091716627208526447e+01	2.266357881825937426e+01	2.216233696435605793e+01	1.808472016165674390e+01	2.413949261767560373e+01	1.790968650627370096e+01	2.289830321784438638e+01	2.557957478513566230e+01	2.295796531965470422e+01	2.913841411405775972e+01
1.615929266766001504e+01	2.392069338784889254e+01	3.168490739141675405e+01	1.656506943018849043e+01	1.975006275851802684e+01	2.326031440592918642e+01	2.945460683652828493e+01	1.751187232862437781e+01	1.918269760322987239e+01	0.000000000000000000e+00	2.027271245992385218e+01	2.159347042376326797e+01	2.041990571062151716e+01	1.597231513495825261e+01	2.779189727909523100e+01	1.689127762870877092e+01	3.037806577364736071e+01	2.394853379253426695e+01	2.266756011069895038e+01	1.860586847775793373e+01
2.169291680757768859e+01	2.851547721420982029e+01	2.703160082991444568e+01	2.071429221201685067e+01	2.439807612950641413e+01	2.660992754001932425e+01	2.431850756549821924e+01	2.454870687932301720e+01	2.091716627208526447e+01	2.027271245992385218e+01	0.000000000000000000e+00	2.460493148201440050e+01	3.355907780953732811e+01	1.935773125861291177e+01	2.390925694891381781e+01	2.340750765662685140e+01	2.617232908036590189e+01	2.701172301010821997e+01	3.134525393027312390e+01	2.711116939392264058e+01
2.140649289106150377e+01	2.391671209540931997e+01	2.300571218653795214e+01	1.732489479592261716e+01	2.475610602515164160e+01	2.825974334069498894e+01	2.150593927487592438e+01	2.198332201653344598e+01	2.266357881825937426e+01	2.159347042376326797e+01	2.460493148201440050e+01	0.000000000000000000e+00	2.743083597044908828e+01	1.750390974374522912e+01	2.228965239524750075e+01	1.812450444366083957e+01	2.230953021505371936e+01	2.533691644306315283e+01	2.365414729113893344e+01	2.223394294348510414e+01
2.177646666402545605e+01	2.472826562046626719e+01	3.117475307319563171e+01	2.144229588062603042e+01	2.286250022827986328e+01	2.621609465480957368e+01	2.392069338784889254e+01	2.169689810001726116e+01	2.216233696435605793e+01	2.041990571062151716e+01	3.355907780953732811e+01	2.743083597044908828e+01	0.000000000000000000e+00	1.914689461366534928e+01	2.309324333542529573e+01	1.991070127183905214e+01	2.621211336236999756e+01	2.426622790030942411e+01	2.652637768357154968e+01	2.355868219976409250e+01
2.152723805756746600e+01	2.041592441818194459e+01	2.486994755102807275e+01	1.735671649304756414e+01	1.703050829452728365e+01	1.933785343880668961e+01	1.898775748564895949e+01	1.728909180635809406e+01	1.808472016165674390e+01	1.597231513495825261e+01	1.935773125861291177e+01	1.750390974374522912e+01	1.914689461366534928e+01	0.000000000000000000e+00	1.995048555384314781e+01	1.543527029149041141e+01	2.198730330897301855e+01	2.669826314859736982e+01	2.309956682779719728e+01	1.655710684530933818e+01
1.900766394784683300e+01	2.837624654839130756e+01	2.932842305976044273e+01	2.228965239524750075e+01	2.276305384446544267e+01	2.381726571159489936e+01	2.595941090185608147e+01	2.210267486254573654e+01	2.413949261767560373e+01	2.779189727909523100e+01	2.390925694891381781e+01	2.228965239524750075e+01	2.309324333542529573e+01	1.995048555384314781e+01	0.000000000000000000e+00	1.882466770758464492e+01	2.413949261767560373e+01	2.600127671742243507e+01	2.428668586837327226e+01	2.356664478464324119e+01
1.874908043601602614e+01	2.810951867699640871e+01	2.108028469254122683e+01	1.740446335993081206e+01	1.874509914357645002e+01	1.983909529271000594e+01	1.780227753758013520e+01	2.100469742097260806e+01	1.790968650627370096e+01	1.689127762870877092e+01	2.340750765662685140e+01	1.812450444366083957e+01	1.991070127183905214e+01	1.543527029149041141e+01	1.882466770758464492e+01	0.000000000000000000e+00	2.132692432705331242e+01	2.115587196410984561e+01	2.088932586739989006e+01	2.056311766887960601e+01
2.509027680855107079e+01	3.292313808812104270e+01	2.693613573853960119e+01	2.159347042376326797e+01	3.055613084203131180e+01	2.540852242219219548e+01	2.317278325704184283e+01	2.584612088184561784e+01	2.289830321784438638e+01	3.037806577364736071e+01	2.617232908036590189e+01	2.230953021505371936e+01	2.621211336236999756e+01	2.198730330897301855e+01	2.413949261767560373e+01	2.132692432705331242e+01	0.000000000000000000e+00	2.813754085636672642e+01	2.718872913424255344e+01	2.518972319236548429e+01
2.343136676887264969e+01	2.697592002054370042e+01	2.998738107879482939e+01	2.353727435226158704e+01	3.182263667193064194e+01	3.054035109202096621e+01	3.305984477932229026e+01	2.434634797018359365e+01	2.557957478513566230e+01	2.394853379253426695e+01	2.701172301010821997e+01	2.533691644306315283e+01	2.426622790030942411e+01	2.669826314859736982e+01	2.600127671742243507e+01	2.115587196410984561e+01	2.813754085636672642e+01	0.000000000000000000e+00	2.758058955070100993e+01	2.402810235654246185e+01
2.211210247779252924e+01	2.293410620740890593e+01	2.984058620166984710e+01	1.895991708096358508e+01	2.238909877906191781e+01	2.823840820306645938e+01	2.444977564643758683e+01	2.474416214783291679e+01	2.295796531965470422e+01	2.266756011069895038e+01	3.134525393027312390e+01	2.365414729113893344e+01	2.652637768357154968e+01	2.309956682779719728e+01	2.428668586837327226e+01	2.088932586739989006e+01	2.718872913424255344e+01	2.758058955070100993e+01	0.000000000000000000e+00	2.129112133748878577e+01
2.227770851792877238e+01	3.070726903023156851e+01	2.231351150749329548e+01	2.152186444463422532e+01	2.096889443140808140e+01	2.277895037183208871e+01	2.435431055506274234e+01	2.672771400339834358e+01	2.913841411405775972e+01	1.860586847775793373e+01	2.711116939392264058e+01	2.223394294348510414e+01	2.355868219976409250e+01	1.655710684530933818e+01	2.356664478464324119e+01	2.056311766887960601e+01	2.518972319236548429e+01	2.402810235654246185e+01	2.129112133748878577e+01	0.000000000000000000e+00
