0.000000000000000000e+00	2.169931494603222077e+01	3.020225028592369299e+01	2.105201683704453686e+01	2.589705266532039474e+01	3.198501025974368162e+01	2.394345408728646163e+01	2.401128126107362348e+01	2.205546117500096770e+01	2.423660034090097071e+01	2.722199594497829267e+01	2.578768111043202893e+01	2.665411667184680056e+01	2.083545351980253457e+01	2.728669018977625882e+01	2.337561457346552274e+01	2.517209053377291994e+01	2.562775152374651455e+01	2.619018027966106388e+01	2.552730367864953820e+01
2.169931494603222077e+01	0.000000000000000000e+00	2.495159235819992816e+01	1.859054597511174478e+01	2.188126231575369118e+01	2.545101101528682719e+01	2.075514733116254007e+01	2.127365799312547878e+01	1.996511333614371608e+01	2.243411023634232038e+01	2.175556836951709272e+01	2.064389944453642656e+01	2.231934329049046895e+01	1.845640740364846621e+01	2.707891302869436245e+01	1.842070229557191041e+01	1.830107559526569005e+01	2.233063438504840903e+01	2.492689787729768724e+01	2.252339855706881266e+01
3.020225028592369299e+01	2.495159235819992816e+01	0.000000000000000000e+00	2.635168760021730705e+01	2.788055167285434877e+01	3.240259186733968733e+01	2.656230690567828034e+01	2.856453624823829429e+01	2.387772732684455335e+01	2.472457665308973418e+01	2.667788363431440146e+01	2.397109581424455627e+01	2.793356520046145874e+01	2.172051393192812085e+01	3.207914277604638897e+01	2.104848510072276824e+01	2.521720822841205845e+01	2.925264376086278162e+01	2.930423550024434221e+01	2.784257477544914394e+01
2.105201683704453686e+01	1.859054597511174478e+01	2.635168760021730705e+01	0.000000000000000000e+00	1.979934009328388456e+01	2.338551114228354066e+01	2.145268837011566632e+01	2.046765289124314080e+01	1.974980860940516791e+01	1.824206125550796997e+01	1.906600191529308219e+01	1.996201101695959323e+01	2.234670074770901138e+01	1.666402165388393897e+01	2.682708900640763972e+01	1.624985470098506468e+01	2.141621382490166425e+01	2.523614454642462945e+01	2.355350966637465859e+01	2.212936225618462061e+01
2.589705266532039474e+01	2.188126231575369118e+01	2.788055167285434877e+01	1.979934009328388456e+01	0.000000000000000000e+00	2.746016128471380924e+01	2.321098442619008040e+01	2.140026821508314114e+01	2.306381112163082747e+01	2.078965928727598822e+01	2.359890276992807046e+01	2.104373291052697681e+01	2.149881534355885648e+01	1.685058520404588833e+01	2.451158674359241019e+01	2.058221402265484201e+01	2.237495646679473538e+01	2.409022692528766640e+01	2.518894414535874660e+01	2.311960924334810130e+01
3.198501025974368162e+01	2.545101101528682719e+01	3.240259186733968733e+01	2.338551114228354066e+01	2.746016128471380924e+01	0.000000000000000000e+00	2.540608913184994933e+01	2.795706040423785765e+01	2.390105805931458605e+01	2.813731552244322032e+01	2.728455570541070330e+01	2.798593563804114837e+01	2.889322462483989895e+01	2.197548815081866991e+01	3.200610919659294495e+01	2.492442295004389052e+01	2.573091869534585285e+01	2.978151531815659325e+01	3.102088632166787008e+01	2.779762315259105065e+01
2.394345408728646163e+01	2.075514733116254007e+01	2.656230690567828034e+01	2.145268837011566632e+01	2.321098442619008040e+01	2.540608913184994933e+01	0.000000000000000000e+00	2.100000342894730565e+01	2.282681488074115705e+01	2.243271175256045780e+01	2.470350374815621919e+01	2.351724133050002408e+01	2.652185964642609406e+01	2.066866572639197486e+01	2.767691178556504639e+01	2.016436708675701084e+01	2.278622421717203395e+01	2.451173308822620811e+01	2.638206595177587133e+01	2.331006077342050631e+01
2.401128126107362348e+01	2.127365799312547878e+01	2.856453624823829429e+01	2.046765289124314080e+01	2.140026821508314114e+01	2.795706040423785765e+01	2.100000342894730565e+01	0.000000000000000000e+00	1.943542266838700883e+01	2.368609680387237049e+01	2.371186754804750763e+01	2.064100728795616035e+01	2.321644253031119831e+01	1.673839516320469656e+01	2.587735621986080758e+01	2.009631630910192968e+01	2.050135302216290611e+01	2.238850246345323214e+01	2.299461920037557761e+01	2.355709338033203082e+01
2.205546117500096770e+01	1.996511333614371608e+01	2.387772732684455335e+01	1.974980860940516791e+01	2.306381112163082747e+01	2.390105805931458605e+01	2.282681488074115705e+01	1.943542266838700883e+01	0.000000000000000000e+00	1.875259456606578468e+01	2.203229923105449828e+01	2.001886296044605373e+01	2.036402565358193684e+01	1.789008827625564635e+01	2.611624983923451282e+01	1.778612052360810125e+01	2.014675535423147323e+01	2.409377954156445156e+01	2.357237427868941282e+01	2.234548888099325836e+01
2.423660034090097071e+01	2.243411023634232038e+01	2.472457665308973418e+01	1.824206125550796997e+01	2.078965928727598822e+01	2.813731552244322032e+01	2.243271175256045780e+01	2.368609680387237049e+01	1.875259456606578468e+01	0.000000000000000000e+00	2.304308711701110823e+01	2.129150761734480923e+01	2.105774367934609259e+01	1.549220216841501596e+01	2.520827350304778491e+01	1.879430388474943570e+01	1.961899935652285976e+01	2.576628389841754441e+01	2.583628274286495241e+01	2.086005179094111028e+01
2.722199594497829267e+01	2.175556836951709272e+01	2.667788363431440146e+01	1.906600191529308219e+01	2.359890276992807046e+01	2.728455570541070330e+01	2.470350374815621919e+01	2.371186754804750763e+01	2.203229923105449828e+01	2.304308711701110823e+01	0.000000000000000000e+00	2.355302644863409967e+01	2.234476449470165704e+01	1.637672630548066266e+01	2.820296300452117677e+01	1.987608979317407432e+01	2.001596909320413431e+01	2.469338453697922375e+01	2.791457768253878058e+01	2.725630857148858510e+01
2.578768111043202893e+01	2.064389944453642656e+01	2.397109581424455627e+01	1.996201101695959323e+01	2.104373291052697681e+01	2.798593563804114837e+01	2.351724133050002408e+01	2.064100728795616035e+01	2.001886296044605373e+01	2.129150761734480923e+01	2.355302644863409967e+01	0.000000000000000000e+00	2.321473338207873027e+01	1.559196278298788840e+01	2.576565101685294934e+01	1.728253786930677904e+01	2.038543041924750554e+01	2.576125700702434784e+01	2.489938358533764529e+01	2.441007490938722668e+01
2.665411667184680056e+01	2.231934329049046895e+01	2.793356520046145874e+01	2.234670074770901138e+01	2.149881534355885648e+01	2.889322462483989895e+01	2.652185964642609406e+01	2.321644253031119831e+01	2.036402565358193684e+01	2.105774367934609259e+01	2.234476449470165704e+01	2.321473338207873027e+01	0.000000000000000000e+00	1.819799298611880545e+01	3.049275270282628370e+01	2.146000481845324259e+01	2.560259266571206993e+01	2.502053334239558069e+01	2.655185569097879394e+01	2.451213796889492258e+01
2.083545351980253457e+01	1.845640740364846621e+01	2.172051393192812085e+01	1.666402165388393897e+01	1.685058520404588833e+01	2.197548815081866991e+01	2.066866572639197486e+01	1.673839516320469656e+01	1.789008827625564635e+01	1.549220216841501596e+01	1.637672630548066266e+01	1.559196278298788840e+01	1.819799298611880545e+01	0.000000000000000000e+00	2.196319132163510446e+01	1.672703462976081568e+01	1.796462570955302240e+01	2.197651582377194401e+01	2.038406740209941859e+01	1.997463343136522340e+01
2.728669018977625882e+01	2.707891302869436245e+01	3.207914277604638897e+01	2.682708900640763972e+01	2.451158674359241019e+01	3.200610919659294495e+01	2.767691178556504639e+01	2.587735621986080758e+01	2.611624983923451282e+01	2.520827350304778491e+01	2.820296300452117677e+01	2.576565101685294934e+01	3.049275270282628370e+01	2.196319132163510446e+01	0.000000000000000000e+00	2.489518518136472736e+01	2.595917557367847905e+01	3.084844226567595271e+01	3.167625351337806805e+01	2.966091385240651590e+01
2.337561457346552274e+01	1.842070229557191041e+01	2.104848510072276824e+01	1.624985470098506468e+01	2.058221402265484201e+01	2.492442295004389052e+01	2.016436708675701084e+01	2.009631630910192968e+01	1.778612052360810125e+01	1.879430388474943570e+01	1.987608979317407432e+01	1.728253786930677904e+01	2.146000481845324259e+01	1.672703462976081568e+01	2.489518518136472736e+01	0.000000000000000000e+00	1.972518997168535293e+01	2.255820296452023399e+01	2.192846486061137767e+01	2.014256508893684483e+01
2.517209053377291994e+01	1.830107559526569005e+01	2.521720822841205845e+01	2.141621382490166425e+01	2.237495646679473538e+01	2.573091869534585285e+01	2.278622421717203395e+01	2.050135302216290611e+01	2.014675535423147323e+01	1.961899935652285976e+01	2.001596909320413431e+01	2.038543041924750554e+01	2.560259266571206993e+01	1.796462570955302240e+01	2.595917557367847905e+01	1.972518997168535293e+01	0.000000000000000000e+00	2.587036505075701953e+01	2.688761242528869744e+01	2.267315034599480583e+01
2.562775152374651455e+01	2.233063438504840903e+01	2.925264376086278162e+01	2.523614454642462945e+01	2.409022692528766640e+01	2.978151531815659325e+01	2.451173308822620811e+01	2.238850246345323214e+01	2.409377954156445156e+01	2.576628389841754441e+01	2.469338453697922375e+01	2.576125700702434784e+01	2.502053334239558069e+01	2.197651582377194401e+01	3.084844226567595271e+01	2.255820296452023399e+01	2.587036505075701953e+01	0.000000000000000000e+00	2.863641430623694006e+01	2.768777933492423315e+01
2.619018027966106388e+01	2.492689787729768724e+01	2.930423550024434221e+01	2.355350966637465859e+01	2.518894414535874660e+01	3.102088632166787008e+01	2.638206595177587133e+01	2.299461920037557761e+01	2.357237427868941282e+01	2.583628274286495241e+01	2.791457768253878058e+01	2.489938358533764529e+01	2.655185569097879394e+01	2.038406740209941859e+01	3.167625351337806805e+01	2.192846486061137767e+01	2.688761242528869744e+01	2.863641430623694006e+01	0.000000000000000000e+00	2.685256430201362576e+01
2.552730367864953820e+01	2.252339855706881266e+01	2.784257477544914394e+01	2.212936225618462061e+01	2.311960924334810130e+01	2.779762315259105065e+01	2.331006077342050631e+01	2.355709338033203082e+01	2.234548888099325836e+01	2.086005179094111028e+01	2.725630857148858510e+01	2.441007490938722668e+01	2.451213796889492258e+01	1.997463343136522340e+01	2.966091385240651590e+01	2.014256508893684483e+01	2.267315034599480583e+01	2.768777933492423315e+01	2.685256430201362576e+01	0.000000000000000000e+00
