0.000000000000000000e+00	2.059799361203708301e+01	2.540289467295631809e+01	2.198432686552620297e+01	2.189452077155898380e+01	1.970505033376270987e+01	2.266980890131292625e+01	2.252049935409653258e+01	2.251963635486654525e+01	1.822648324412689291e+01	1.833396446912210109e+01	2.645272756099626577e+01	2.476272046854026598e+01	1.863105411334478134e+01	2.362867181977073727e+01	2.283572989700467204e+01	2.347626662614472437e+01	2.124135924748025772e+01	1.999823055173925113e+01	2.133385935624001917e+01
2.059799361203708301e+01	0.000000000000000000e+00	2.747782352112579218e+01	2.437937705083089313e+01	2.366036034386289444e+01	2.464471886114229804e+01	2.318179171715755515e+01	2.523218593884921646e+01	2.167597587366082834e+01	2.048462005116989815e+01	2.097618993980191249e+01	2.513165339725624037e+01	2.158443038399725467e+01	2.030912454708217396e+01	2.365166262538971154e+01	2.479301629574776911e+01	2.439589319657138944e+01	2.413272928312913379e+01	2.347638438247560444e+01	2.851772639822572231e+01
2.540289467295631809e+01	2.747782352112579218e+01	0.000000000000000000e+00	2.759597820677367253e+01	2.630862315876324331e+01	2.356572135750093722e+01	2.810834032536113014e+01	2.858099021787205274e+01	2.457237458015780618e+01	2.343098062470379617e+01	2.398586252672309271e+01	2.808364443433279334e+01	2.939523073823529842e+01	2.259165335590209978e+01	2.821527643264071017e+01	2.892873456739239657e+01	2.872265609819286780e+01	2.924760913178581134e+01	2.660211815618297848e+01	2.796892250192666296e+01
2.198432686552620297e+01	2.437937705083089313e+01	2.759597820677367253e+01	0.000000000000000000e+00	2.196230222611144711e+01	2.223355372452932599e+01	2.169555314248334810e+01	2.361100502788269395e+01	2.187946469959188533e+01	1.978391588501644804e+01	2.109175005734703490e+01	2.413199021381287324e+01	2.295646689283571718e+01	2.128179968521966003e+01	2.336743191322845092e+01	2.238812072935948549e+01	2.336158836201812861e+01	2.125722381841255526e+01	2.232154167358096331e+01	2.500679895341790981e+01
2.189452077155898380e+01	2.366036034386289444e+01	2.630862315876324331e+01	2.196230222611144711e+01	0.000000000000000000e+00	2.199534257445799312e+01	2.536167868254697311e+01	2.514329030311141366e+01	2.008373553746593743e+01	2.235090509150588289e+01	2.261979663494495796e+01	2.454776588866521081e+01	1.858409769490998187e+01	2.208013755322134131e+01	2.596819731634955986e+01	2.233412194035487985e+01	2.189925662032480957e+01	2.365980139462940812e+01	1.987489331597782893e+01	2.368206515865135486e+01
1.970505033376270987e+01	2.464471886114229804e+01	2.356572135750093722e+01	2.223355372452932599e+01	2.199534257445799312e+01	0.000000000000000000e+00	2.162363683794747260e+01	2.275202838365728653e+01	2.265688148050973538e+01	1.967821262054372511e+01	2.159946622322027210e+01	2.466572277489152398e+01	2.205774437190519066e+01	2.123221999459443410e+01	2.557576705838558340e+01	2.214419251093416818e+01	2.673462319910941076e+01	2.445086191747203941e+01	2.006580683361929474e+01	2.625200628362031452e+01
2.266980890131292625e+01	2.318179171715755515e+01	2.810834032536113014e+01	2.169555314248334810e+01	2.536167868254697311e+01	2.162363683794747260e+01	0.000000000000000000e+00	2.382383631835161708e+01	2.566906237304665339e+01	2.157056238658626413e+01	2.140283607168731805e+01	2.428641723840975786e+01	2.396917205861918632e+01	1.934444391439657096e+01	2.530197080076372984e+01	2.309525917741994050e+01	2.513997278076688957e+01	2.421117760558463416e+01	2.193965425055607454e+01	2.825265975561385190e+01
2.252049935409653258e+01	2.523218593884921646e+01	2.858099021787205274e+01	2.361100502788269395e+01	2.514329030311141366e+01	2.275202838365728653e+01	2.382383631835161708e+01	0.000000000000000000e+00	2.468303434182495337e+01	2.280661389738964928e+01	2.348503767736481507e+01	2.741103813073357998e+01	2.425477488972519424e+01	2.100148753044448924e+01	2.741984251674224282e+01	2.799701744700180228e+01	2.372058615426051631e+01	2.461751695287023978e+01	2.163134627830598333e+01	2.651774694109343145e+01
2.251963635486654525e+01	2.167597587366082834e+01	2.457237458015780618e+01	2.187946469959188533e+01	2.008373553746593743e+01	2.265688148050973538e+01	2.566906237304665339e+01	2.468303434182495337e+01	0.000000000000000000e+00	2.021954469441846314e+01	2.326830854644642699e+01	2.430129843896254371e+01	2.327735841370195047e+01	2.040643923643849433e+01	2.542644759176443614e+01	2.564442295950042450e+01	2.503026315051571160e+01	2.075817558413034547e+01	2.062634268971963181e+01	2.414043966911297900e+01
1.822648324412689291e+01	2.048462005116989815e+01	2.343098062470379617e+01	1.978391588501644804e+01	2.235090509150588289e+01	1.967821262054372511e+01	2.157056238658626413e+01	2.280661389738964928e+01	2.021954469441846314e+01	0.000000000000000000e+00	2.083821496941917673e+01	2.355836860215267237e+01	1.921289963767043574e+01	1.878986085138799211e+01	2.197357742571080053e+01	2.026826309551761085e+01	2.088431179831076889e+01	1.876717608367039247e+01	2.205296510630797613e+01	2.259562015902171694e+01
1.833396446912210109e+01	2.097618993980191249e+01	2.398586252672309271e+01	2.109175005734703490e+01	2.261979663494495796e+01	2.159946622322027210e+01	2.140283607168731805e+01	2.348503767736481507e+01	2.326830854644642699e+01	2.083821496941917673e+01	0.000000000000000000e+00	2.474380571568649501e+01	2.157602860440103498e+01	2.037201157965501608e+01	2.119118017570629320e+01	2.225116426889669086e+01	2.367858338276026942e+01	2.128699223217054026e+01	1.936562689655405833e+01	2.345882131994408937e+01
2.645272756099626577e+01	2.513165339725624037e+01	2.808364443433279334e+01	2.413199021381287324e+01	2.454776588866521081e+01	2.466572277489152398e+01	2.428641723840975786e+01	2.741103813073357998e+01	2.430129843896254371e+01	2.355836860215267237e+01	2.474380571568649501e+01	0.000000000000000000e+00	2.759180621250461485e+01	2.338297595467080114e+01	2.676210203358798623e+01	2.969277815676521115e+01	2.639515758043276605e+01	2.626409898926979025e+01	2.501318704420417660e+01	2.654393241578545570e+01
2.476272046854026598e+01	2.158443038399725467e+01	2.939523073823529842e+01	2.295646689283571718e+01	1.858409769490998187e+01	2.205774437190519066e+01	2.396917205861918632e+01	2.425477488972519424e+01	2.327735841370195047e+01	1.921289963767043574e+01	2.157602860440103498e+01	2.759180621250461485e+01	0.000000000000000000e+00	2.112706169663306710e+01	2.758185379903614276e+01	2.526201213354308450e+01	2.370222104170992239e+01	2.590012562665778972e+01	2.401115612874203009e+01	2.584338858022578123e+01
1.863105411334478134e+01	2.030912454708217396e+01	2.259165335590209978e+01	2.128179968521966003e+01	2.208013755322134131e+01	2.123221999459443410e+01	1.934444391439657096e+01	2.100148753044448924e+01	2.040643923643849433e+01	1.878986085138799211e+01	2.037201157965501608e+01	2.338297595467080114e+01	2.112706169663306710e+01	0.000000000000000000e+00	2.077496455456751079e+01	2.103312340150343829e+01	1.838626652124684924e+01	1.771707836435451711e+01	1.908710289028824292e+01	2.247903791415078700e+01
2.362867181977073727e+01	2.365166262538971154e+01	2.821527643264071017e+01	2.336743191322845092e+01	2.596819731634955986e+01	2.557576705838558340e+01	2.530197080076372984e+01	2.741984251674224282e+01	2.542644759176443614e+01	2.197357742571080053e+01	2.119118017570629320e+01	2.676210203358798623e+01	2.758185379903614276e+01	2.077496455456751079e+01	0.000000000000000000e+00	2.287783995681939331e+01	2.928805930125855994e+01	2.358585300345423619e+01	2.239993061099676908e+01	2.745358381049679863e+01
2.283572989700467204e+01	2.479301629574776911e+01	2.892873456739239657e+01	2.238812072935948549e+01	2.233412194035487985e+01	2.214419251093416818e+01	2.309525917741994050e+01	2.799701744700180228e+01	2.564442295950042450e+01	2.026826309551761085e+01	2.225116426889669086e+01	2.969277815676521115e+01	2.526201213354308450e+01	2.103312340150343829e+01	2.287783995681939331e+01	0.000000000000000000e+00	2.534019417452122980e+01	2.654461032861068759e+01	2.287593390960396889e+01	2.773684208036006638e+01
2.347626662614472437e+01	2.439589319657138944e+01	2.872265609819286780e+01	2.336158836201812861e+01	2.189925662032480957e+01	2.673462319910941076e+01	2.513997278076688957e+01	2.372058615426051631e+01	2.503026315051571160e+01	2.088431179831076889e+01	2.367858338276026942e+01	2.639515758043276605e+01	2.370222104170992239e+01	1.838626652124684924e+01	2.928805930125855994e+01	2.534019417452122980e+01	0.000000000000000000e+00	2.192503170844082661e+01	2.278696642890753310e+01	2.982403423265699161e+01
2.124135924748025772e+01	2.413272928312913379e+01	2.924760913178581134e+01	2.125722381841255526e+01	2.365980139462940812e+01	2.445086191747203941e+01	2.421117760558463416e+01	2.461751695287023978e+01	2.075817558413034547e+01	1.876717608367039247e+01	2.128699223217054026e+01	2.626409898926979025e+01	2.590012562665778972e+01	1.771707836435451711e+01	2.358585300345423619e+01	2.654461032861068759e+01	2.192503170844082661e+01	0.000000000000000000e+00	2.008411742045101178e+01	2.655045812694741514e+01
1.999823055173925113e+01	2.347638438247560444e+01	2.660211815618297848e+01	2.232154167358096331e+01	1.987489331597782893e+01	2.006580683361929474e+01	2.193965425055607454e+01	2.163134627830598333e+01	2.062634268971963181e+01	2.205296510630797613e+01	1.936562689655405833e+01	2.501318704420417660e+01	2.401115612874203009e+01	1.908710289028824292e+01	2.239993061099676908e+01	2.287593390960396889e+01	2.278696642890753310e+01	2.008411742045101178e+01	0.000000000000000000e+00	2.410315091809085075e+01
2.133385935624001917e+01	2.851772639822572231e+01	2.796892250192666296e+01	2.500679895341790981e+01	2.368206515865135486e+01	2.625200628362031452e+01	2.825265975561385190e+01	2.651774694109343145e+01	2.414043966911297900e+01	2.259562015902171694e+01	2.345882131994408937e+01	2.654393241578545570e+01	2.584338858022578123e+01	2.247903791415078700e+01	2.745358381049679863e+01	2.773684208036006638e+01	2.982403423265699161e+01	2.655045812694741514e+01	2.410315091809085075e+01	0.000000000000000000e+00
