0.000000000000000000e+00	2.143930329780225819e+01	2.941577834670960456e+01	2.128358942395956177e+01	2.654377070523692694e+01	3.227016458156550271e+01	2.441766553279400043e+01	2.291946525847296456e+01	2.084558903449540068e+01	2.405588654016658978e+01	2.693941647017090091e+01	2.638320515813286704e+01	2.609324362089504845e+01	2.129123647004622200e+01	2.700200754271309123e+01	2.328083271188639358e+01	2.514395379927086438e+01	2.545111772525350702e+01	2.675095687269666911e+01	2.566296851370011467e+01
2.143930329780225819e+01	0.000000000000000000e+00	2.495339202236552012e+01	1.862757642944028902e+01	2.192930104249372292e+01	2.568919370700736593e+01	2.119283888697934159e+01	2.066792723369887597e+01	1.950816811233560699e+01	2.249169536974419970e+01	2.156128997919467238e+01	2.110164896553328973e+01	2.192819048957429118e+01	1.854296734569331306e+01	2.676597319193457736e+01	1.870499016768335565e+01	1.723972121285310877e+01	2.202857209025221863e+01	2.583776082089108073e+01	2.260451905702379705e+01
2.941577834670960456e+01	2.495339202236552012e+01	0.000000000000000000e+00	2.658337093783817551e+01	2.794768316326334201e+01	3.299913195385227738e+01	2.701004776083089354e+01	2.773991646165909941e+01	2.325529020051896367e+01	2.503073204827014919e+01	2.667397748091708110e+01	2.469562500767936797e+01	2.707152899471007146e+01	2.191643916703808159e+01	3.193677250724983452e+01	2.129557194582231716e+01	2.449360692071687495e+01	2.919510333010553893e+01	3.041242231920456618e+01	2.815745327492868455e+01
2.128358942395956177e+01	1.862757642944028902e+01	2.658337093783817551e+01	0.000000000000000000e+00	2.021169882274841001e+01	2.369066005513008122e+01	2.168072257741141939e+01	2.030695695832162784e+01	1.934045081743359518e+01	1.831371228654120387e+01	1.888297353470590068e+01	2.055933236452742108e+01	2.184479008366631803e+01	1.685778752813111936e+01	2.686870213002554664e+01	1.622285018476874185e+01	2.043646678859255772e+01	2.446727762589715383e+01	2.382809697297100371e+01	2.294917860116238018e+01
2.654377070523692694e+01	2.192930104249372292e+01	2.794768316326334201e+01	2.021169882274841001e+01	0.000000000000000000e+00	2.801565839180305773e+01	2.322716003774803184e+01	2.120394915002680136e+01	2.247754995146525658e+01	2.100048659523248773e+01	2.386252993978202852e+01	2.143946406463053833e+01	2.164886351737413861e+01	1.744596151649332683e+01	2.472365085782229954e+01	2.086460513766898828e+01	2.210884497483012723e+01	2.441373706137041566e+01	2.620052314836277318e+01	2.291069255613026101e+01
3.227016458156550271e+01	2.568919370700736593e+01	3.299913195385227738e+01	2.369066005513008122e+01	2.801565839180305773e+01	0.000000000000000000e+00	2.610837349631120929e+01	2.772343245740819029e+01	2.386293899192326506e+01	2.841936918786564448e+01	2.746580871874449770e+01	2.895771402455597965e+01	2.867678570256295600e+01	2.256769261101808155e+01	3.266824102496364191e+01	2.540744967259011489e+01	2.529772779776365965e+01	2.985306460532808970e+01	3.216052433427379498e+01	2.894515365672023677e+01
2.441766553279400043e+01	2.119283888697934159e+01	2.701004776083089354e+01	2.168072257741141939e+01	2.322716003774803184e+01	2.610837349631120929e+01	0.000000000000000000e+00	2.029889694917521226e+01	2.202436432417117729e+01	2.343658736831294576e+01	2.548141043374281267e+01	2.523586783158619440e+01	2.683143623908213016e+01	2.217569930096314224e+01	2.782034747388523854e+01	2.001518708288794812e+01	2.269323386984526536e+01	2.547246425160361838e+01	2.741683917411481275e+01	2.423728372523432029e+01
2.291946525847296456e+01	2.066792723369887597e+01	2.773991646165909941e+01	2.030695695832162784e+01	2.120394915002680136e+01	2.772343245740819029e+01	2.029889694917521226e+01	0.000000000000000000e+00	1.867757140454076747e+01	2.287390158846835675e+01	2.221183842354221483e+01	2.061961375418616527e+01	2.222815455672930440e+01	1.628038933287242784e+01	2.534863022224780593e+01	1.978590414591452529e+01	1.880967707071626549e+01	2.166005896800916730e+01	2.283257033865213259e+01	2.378304782172129350e+01
2.084558903449540068e+01	1.950816811233560699e+01	2.325529020051896367e+01	1.934045081743359518e+01	2.247754995146525658e+01	2.386293899192326506e+01	2.202436432417117729e+01	1.867757140454076747e+01	0.000000000000000000e+00	1.832975591362853507e+01	2.119954513877366864e+01	1.994505183734254672e+01	1.933062483936825515e+01	1.779068445298892698e+01	2.614698590453515692e+01	1.811652877682251983e+01	1.843708764755335139e+01	2.343406255423492368e+01	2.373971957274773459e+01	2.205551673741104679e+01
2.405588654016658978e+01	2.249169536974419970e+01	2.503073204827014919e+01	1.831371228654120387e+01	2.100048659523248773e+01	2.841936918786564448e+01	2.343658736831294576e+01	2.287390158846835675e+01	1.832975591362853507e+01	0.000000000000000000e+00	2.331793774296020416e+01	2.236567085715782355e+01	2.067876344119000009e+01	1.602972320236733594e+01	2.524821453916944591e+01	1.890030820743064055e+01	1.872779654903351698e+01	2.575903684721871656e+01	2.632727138648811405e+01	2.086937835142861530e+01
2.693941647017090091e+01	2.156128997919467238e+01	2.667397748091708110e+01	1.888297353470590068e+01	2.386252993978202852e+01	2.746580871874449770e+01	2.548141043374281267e+01	2.221183842354221483e+01	2.119954513877366864e+01	2.331793774296020416e+01	0.000000000000000000e+00	2.380466997227820514e+01	2.202012148967800442e+01	1.702833829857463144e+01	2.757671934976772832e+01	1.980419396944232702e+01	1.924809575538263928e+01	2.417399319838069260e+01	2.833751592745617387e+01	2.653157110414444375e+01
2.638320515813286704e+01	2.110164896553328973e+01	2.469562500767936797e+01	2.055933236452742108e+01	2.143946406463053833e+01	2.895771402455597965e+01	2.523586783158619440e+01	2.061961375418616527e+01	1.994505183734254672e+01	2.236567085715782355e+01	2.380466997227820514e+01	0.000000000000000000e+00	2.344286843863898184e+01	1.682588073410498097e+01	2.625857419725766206e+01	1.738206423346062124e+01	2.014889109745746865e+01	2.632090950800141727e+01	2.609119819447136734e+01	2.588664016219183139e+01
2.609324362089504845e+01	2.192819048957429118e+01	2.707152899471007146e+01	2.184479008366631803e+01	2.164886351737413861e+01	2.867678570256295600e+01	2.683143623908213016e+01	2.222815455672930440e+01	1.933062483936825515e+01	2.067876344119000009e+01	2.202012148967800442e+01	2.344286843863898184e+01	0.000000000000000000e+00	1.825502853102005929e+01	2.936021435002893654e+01	2.116229286218216288e+01	2.345689684597585867e+01	2.407542598229749942e+01	2.691081076757042467e+01	2.418180924161442746e+01
2.129123647004622200e+01	1.854296734569331306e+01	2.191643916703808159e+01	1.685778752813111936e+01	1.744596151649332683e+01	2.256769261101808155e+01	2.217569930096314224e+01	1.628038933287242784e+01	1.779068445298892698e+01	1.602972320236733594e+01	1.702833829857463144e+01	1.682588073410498097e+01	1.825502853102005929e+01	0.000000000000000000e+00	2.258744188010353326e+01	1.714194360001136985e+01	1.778925291782205420e+01	2.233532396970221257e+01	2.148354788616789079e+01	2.033628819374201413e+01
2.700200754271309123e+01	2.676597319193457736e+01	3.193677250724983452e+01	2.686870213002554664e+01	2.472365085782229954e+01	3.266824102496364191e+01	2.782034747388523854e+01	2.534863022224780593e+01	2.614698590453515692e+01	2.524821453916944591e+01	2.757671934976772832e+01	2.625857419725766206e+01	2.936021435002893654e+01	2.258744188010353326e+01	0.000000000000000000e+00	2.515763097359662126e+01	2.460096727928888782e+01	3.007667646873922607e+01	3.191001227508061433e+01	2.979104870700938079e+01
2.328083271188639358e+01	1.870499016768335565e+01	2.129557194582231716e+01	1.622285018476874185e+01	2.086460513766898828e+01	2.540744967259011489e+01	2.001518708288794812e+01	1.978590414591452529e+01	1.811652877682251983e+01	1.890030820743064055e+01	1.980419396944232702e+01	1.738206423346062124e+01	2.116229286218216288e+01	1.714194360001136985e+01	2.515763097359662126e+01	0.000000000000000000e+00	1.853192735764651644e+01	2.271809638293084177e+01	2.247679566838737131e+01	2.050449996393621532e+01
2.514395379927086438e+01	1.723972121285310877e+01	2.449360692071687495e+01	2.043646678859255772e+01	2.210884497483012723e+01	2.529772779776365965e+01	2.269323386984526536e+01	1.880967707071626549e+01	1.843708764755335139e+01	1.872779654903351698e+01	1.924809575538263928e+01	2.014889109745746865e+01	2.345689684597585867e+01	1.778925291782205420e+01	2.460096727928888782e+01	1.853192735764651644e+01	0.000000000000000000e+00	2.448624544367276812e+01	2.644937723330621537e+01	2.150858765690436769e+01
2.545111772525350702e+01	2.202857209025221863e+01	2.919510333010553893e+01	2.446727762589715383e+01	2.441373706137041566e+01	2.985306460532808970e+01	2.547246425160361838e+01	2.166005896800916730e+01	2.343406255423492368e+01	2.575903684721871656e+01	2.417399319838069260e+01	2.632090950800141727e+01	2.407542598229749942e+01	2.233532396970221257e+01	3.007667646873922607e+01	2.271809638293084177e+01	2.448624544367276812e+01	0.000000000000000000e+00	2.886177232291740680e+01	2.750681440389244159e+01
2.675095687269666911e+01	2.583776082089108073e+01	3.041242231920456618e+01	2.382809697297100371e+01	2.620052314836277318e+01	3.216052433427379498e+01	2.741683917411481275e+01	2.283257033865213259e+01	2.373971957274773459e+01	2.632727138648811405e+01	2.833751592745617387e+01	2.609119819447136734e+01	2.691081076757042467e+01	2.148354788616789079e+01	3.191001227508061433e+01	2.247679566838737131e+01	2.644937723330621537e+01	2.886177232291740680e+01	0.000000000000000000e+00	2.753585301168457988e+01
2.566296851370011467e+01	2.260451905702379705e+01	2.815745327492868455e+01	2.294917860116238018e+01	2.291069255613026101e+01	2.894515365672023677e+01	2.423728372523432029e+01	2.378304782172129350e+01	2.205551673741104679e+01	2.086937835142861530e+01	2.653157110414444375e+01	2.588664016219183139e+01	2.418180924161442746e+01	2.033628819374201413e+01	2.979104870700938079e+01	2.050449996393621532e+01	2.150858765690436769e+01	2.750681440389244159e+01	2.753585301168457988e+01	0.000000000000000000e+00
