0.000000000000000000e+00	2.695323427689844564e+01	2.882980377169623054e+01	2.526826657738000748e+01	2.426107883692539247e+01	2.779341300337611997e+01	1.963079500461713778e+01	2.317162256907311857e+01	1.987341207337892612e+01	2.483991916383451581e+01	2.400501010026275495e+01	2.329243494445907103e+01	2.700386037651787419e+01	1.623166056802723389e+01	2.323875304700610656e+01	2.102969955642796052e+01	2.441500901258604372e+01	2.411471619274690070e+01	2.416914694198367286e+01	2.725594004411366100e+01
2.695323427689844564e+01	0.000000000000000000e+00	2.998969783427086000e+01	2.782912708429522297e+01	2.555266936753149309e+01	2.917345884101634468e+01	2.252411304498829381e+01	2.439191033192230051e+01	2.377678986609779344e+01	2.690414356671737295e+01	2.589312932811430912e+01	2.771350802379248535e+01	2.827115433265081990e+01	2.042654396059981892e+01	2.739450169446284988e+01	2.313976707431777768e+01	2.505898682893288765e+01	2.747954316572817746e+01	2.627182626104548646e+01	2.854406810377478720e+01
2.882980377169623054e+01	2.998969783427086000e+01	0.000000000000000000e+00	2.621087655638244840e+01	2.417056978781780785e+01	2.998956659407031466e+01	2.215565349034561748e+01	2.326188978866782975e+01	2.287930928537463160e+01	2.845456979747065063e+01	2.527552026809707542e+01	2.446254250894676119e+01	2.654746263735000156e+01	1.967514503355871724e+01	2.613171316094013363e+01	2.386362911194415659e+01	2.653521305332501257e+01	2.762553070673865818e+01	2.712750992701586483e+01	2.504777955329708305e+01
2.526826657738000748e+01	2.782912708429522297e+01	2.621087655638244840e+01	0.000000000000000000e+00	2.296883031719232449e+01	2.432402613076419229e+01	1.908588518011769963e+01	2.355971892754142161e+01	2.195618486887680376e+01	2.368506887429762386e+01	2.624403514233367218e+01	2.601102214397992540e+01	2.492944024059024244e+01	1.680007722763251721e+01	2.255526576077903655e+01	1.977476908581866155e+01	2.461420394065839901e+01	2.670755593812441475e+01	2.411131390975878830e+01	2.758262728198141289e+01
2.426107883692539247e+01	2.555266936753149309e+01	2.417056978781780785e+01	2.296883031719232449e+01	0.000000000000000000e+00	2.228726363923584586e+01	1.794210248329551760e+01	2.121894348032387256e+01	2.094622023054123261e+01	2.409458087477465682e+01	2.033707092728250387e+01	2.162899148636281055e+01	2.302269060742347051e+01	1.710126766484892968e+01	2.051275023255957919e+01	2.100658152814878576e+01	2.012986573885717334e+01	2.189476001317360243e+01	2.156851133020985145e+01	2.197567754770609838e+01
2.779341300337611997e+01	2.917345884101634468e+01	2.998956659407031466e+01	2.432402613076419229e+01	2.228726363923584586e+01	0.000000000000000000e+00	2.195556738877249359e+01	2.478255950482743941e+01	2.000234547310655842e+01	2.572550362057354434e+01	2.325496448305137775e+01	2.401155577762719062e+01	2.522424620227601011e+01	1.872970891569386964e+01	2.409581435269241467e+01	2.234269214548841376e+01	2.513118743173373204e+01	2.223956932020223576e+01	2.665897570182655230e+01	2.435066330553480896e+01
1.963079500461713778e+01	2.252411304498829381e+01	2.215565349034561748e+01	1.908588518011769963e+01	1.794210248329551760e+01	2.195556738877249359e+01	0.000000000000000000e+00	2.142894269585123013e+01	2.087260874290177881e+01	2.314266615315231235e+01	1.959226204270256488e+01	1.790222978239108897e+01	2.280738106074221250e+01	1.647967959268912708e+01	2.165141461161245573e+01	1.817685809256723672e+01	2.277222178736244373e+01	1.971553307389957510e+01	2.203776046998990523e+01	2.126892709297707640e+01
2.317162256907311857e+01	2.439191033192230051e+01	2.326188978866782975e+01	2.355971892754142161e+01	2.121894348032387256e+01	2.478255950482743941e+01	2.142894269585123013e+01	0.000000000000000000e+00	2.037811013887307965e+01	2.412148789546387917e+01	2.261218456358504625e+01	2.460348409528150171e+01	2.772317393619276871e+01	1.895430043190022928e+01	2.337978809653217738e+01	2.280381115304374973e+01	2.245986237128911966e+01	2.517587517858623514e+01	2.522849917343405224e+01	2.625345006863946651e+01
1.987341207337892612e+01	2.377678986609779344e+01	2.287930928537463160e+01	2.195618486887680376e+01	2.094622023054123261e+01	2.000234547310655842e+01	2.087260874290177881e+01	2.037811013887307965e+01	0.000000000000000000e+00	2.300789584260935428e+01	2.212328502720543000e+01	2.018478354530341790e+01	2.287257429765992001e+01	1.844788232974066844e+01	2.120988320798460336e+01	2.096360720522882914e+01	2.070678128015495645e+01	2.521446701537672652e+01	2.317550443985043174e+01	2.189037537394447952e+01
2.483991916383451581e+01	2.690414356671737295e+01	2.845456979747065063e+01	2.368506887429762386e+01	2.409458087477465682e+01	2.572550362057354434e+01	2.314266615315231235e+01	2.412148789546387917e+01	2.300789584260935428e+01	0.000000000000000000e+00	2.381394579130727607e+01	2.361331816245382242e+01	2.648409482160376527e+01	1.880395495225706171e+01	2.695611289023379697e+01	2.218774400756479181e+01	2.292557656466673777e+01	2.443591991606120573e+01	2.798772858181899181e+01	2.605731634791563422e+01
2.400501010026275495e+01	2.589312932811430912e+01	2.527552026809707542e+01	2.624403514233367218e+01	2.033707092728250387e+01	2.325496448305137775e+01	1.959226204270256488e+01	2.261218456358504625e+01	2.212328502720543000e+01	2.381394579130727607e+01	0.000000000000000000e+00	2.293377948376815922e+01	2.744355019435272780e+01	2.051157802545761299e+01	2.572053105088806646e+01	1.864850421597365582e+01	2.553171826705861847e+01	2.755881269878330286e+01	2.629235163216057103e+01	2.573752979453664480e+01
2.329243494445907103e+01	2.771350802379248535e+01	2.446254250894676119e+01	2.601102214397992540e+01	2.162899148636281055e+01	2.401155577762719062e+01	1.790222978239108897e+01	2.460348409528150171e+01	2.018478354530341790e+01	2.361331816245382242e+01	2.293377948376815922e+01	0.000000000000000000e+00	2.561404501415717405e+01	1.570961925800156322e+01	2.335318773901725464e+01	1.993884731765143314e+01	2.122726783058665490e+01	2.474498181628146298e+01	2.429498737746037307e+01	2.759262191202944337e+01
2.700386037651787419e+01	2.827115433265081990e+01	2.654746263735000156e+01	2.492944024059024244e+01	2.302269060742347051e+01	2.522424620227601011e+01	2.280738106074221250e+01	2.772317393619276871e+01	2.287257429765992001e+01	2.648409482160376527e+01	2.744355019435272780e+01	2.561404501415717405e+01	0.000000000000000000e+00	2.119138829762446363e+01	2.693526202816883952e+01	2.170748361067862930e+01	2.509334272466445626e+01	2.765544058275780159e+01	2.771667664423733513e+01	2.882317302244326740e+01
1.623166056802723389e+01	2.042654396059981892e+01	1.967514503355871724e+01	1.680007722763251721e+01	1.710126766484892968e+01	1.872970891569386964e+01	1.647967959268912708e+01	1.895430043190022928e+01	1.844788232974066844e+01	1.880395495225706171e+01	2.051157802545761299e+01	1.570961925800156322e+01	2.119138829762446363e+01	0.000000000000000000e+00	1.772751922794346413e+01	1.722267576383510601e+01	1.752138708651421695e+01	1.958993445462793659e+01	1.927210302345928739e+01	2.014302996967790804e+01
2.323875304700610656e+01	2.739450169446284988e+01	2.613171316094013363e+01	2.255526576077903655e+01	2.051275023255957919e+01	2.409581435269241467e+01	2.165141461161245573e+01	2.337978809653217738e+01	2.120988320798460336e+01	2.695611289023379697e+01	2.572053105088806646e+01	2.335318773901725464e+01	2.693526202816883952e+01	1.772751922794346413e+01	0.000000000000000000e+00	2.085029176748710000e+01	2.469916712759697575e+01	2.345205679417297517e+01	2.474916384470150987e+01	2.727713515876125427e+01
2.102969955642796052e+01	2.313976707431777768e+01	2.386362911194415659e+01	1.977476908581866155e+01	2.100658152814878576e+01	2.234269214548841376e+01	1.817685809256723672e+01	2.280381115304374973e+01	2.096360720522882914e+01	2.218774400756479181e+01	1.864850421597365582e+01	1.993884731765143314e+01	2.170748361067862930e+01	1.722267576383510601e+01	2.085029176748710000e+01	0.000000000000000000e+00	1.981532667197175357e+01	2.188460216389153601e+01	2.286323056083615768e+01	2.314735691930411932e+01
2.441500901258604372e+01	2.505898682893288765e+01	2.653521305332501257e+01	2.461420394065839901e+01	2.012986573885717334e+01	2.513118743173373204e+01	2.277222178736244373e+01	2.245986237128911966e+01	2.070678128015495645e+01	2.292557656466673777e+01	2.553171826705861847e+01	2.122726783058665490e+01	2.509334272466445626e+01	1.752138708651421695e+01	2.469916712759697575e+01	1.981532667197175357e+01	0.000000000000000000e+00	2.241828182927024926e+01	2.407957236305955817e+01	2.496491144649764848e+01
2.411471619274690070e+01	2.747954316572817746e+01	2.762553070673865818e+01	2.670755593812441475e+01	2.189476001317360243e+01	2.223956932020223576e+01	1.971553307389957510e+01	2.517587517858623514e+01	2.521446701537672652e+01	2.443591991606120573e+01	2.755881269878330286e+01	2.474498181628146298e+01	2.765544058275780159e+01	1.958993445462793659e+01	2.345205679417297517e+01	2.188460216389153601e+01	2.241828182927024926e+01	0.000000000000000000e+00	2.628226803017139801e+01	2.530587275956465021e+01
2.416914694198367286e+01	2.627182626104548646e+01	2.712750992701586483e+01	2.411131390975878830e+01	2.156851133020985145e+01	2.665897570182655230e+01	2.203776046998990523e+01	2.522849917343405224e+01	2.317550443985043174e+01	2.798772858181899181e+01	2.629235163216057103e+01	2.429498737746037307e+01	2.771667664423733513e+01	1.927210302345928739e+01	2.474916384470150987e+01	2.286323056083615768e+01	2.407957236305955817e+01	2.628226803017139801e+01	0.000000000000000000e+00	2.649815944290869396e+01
2.725594004411366100e+01	2.854406810377478720e+01	2.504777955329708305e+01	2.758262728198141289e+01	2.197567754770609838e+01	2.435066330553480896e+01	2.126892709297707640e+01	2.625345006863946651e+01	2.189037537394447952e+01	2.605731634791563422e+01	2.573752979453664480e+01	2.759262191202944337e+01	2.882317302244326740e+01	2.014302996967790804e+01	2.727713515876125427e+01	2.314735691930411932e+01	2.496491144649764848e+01	2.530587275956465021e+01	2.649815944290869396e+01	0.000000000000000000e+00
