0.000000000000000000e+00	1.770472750420409369e+01	2.006829943352961720e+01	1.520326828902028460e+01	2.038415324300233067e+01	3.057581890631819377e+01	1.834820150487609780e+01	2.836381484454592083e+01	2.069711772804065930e+01	2.102468564824269492e+01	2.844502594979599763e+01	2.434464379228129971e+01	2.153321395848805864e+01	1.943953341001582658e+01	1.843718476668331618e+01	1.891740022089910767e+01	2.358387367377251209e+01	2.213072553054063718e+01	1.539300119436128433e+01	2.235171288734285255e+01
1.770472750420409369e+01	0.000000000000000000e+00	1.942482543285760599e+01	1.471238955136477777e+01	2.360924493437043381e+01	2.371293617333586212e+01	1.529519314625914284e+01	2.581838310353467492e+01	1.420386124111941584e+01	2.353496964972143601e+01	2.029516998119511939e+01	2.220794241062127838e+01	3.022083755172898734e+01	2.880681695361360894e+01	2.303526612577100252e+01	1.416084040793163012e+01	2.330809910205593383e+01	1.730283202835580525e+01	1.824451026591066949e+01	1.802940609997174093e+01
2.006829943352961720e+01	1.942482543285760599e+01	0.000000000000000000e+00	1.739181529016302008e+01	3.614787296702248653e+01	2.511423869708502110e+01	1.874421378986109943e+01	2.423323086530780301e+01	3.538898099951845921e+01	1.893982988606538953e+01	2.457151433994680190e+01	3.658398972403816884e+01	2.231457524501835721e+01	2.134936424401034216e+01	1.993041214767132630e+01	1.629754178959165145e+01	2.344892798334586459e+01	1.895453786322360656e+01	2.143834750581755699e+01	2.433876060141801290e+01
1.520326828902028460e+01	1.471238955136477777e+01	1.739181529016302008e+01	0.000000000000000000e+00	1.970354160000582411e+01	1.981899922069783315e+01	1.212488866980539726e+01	2.281427876896878715e+01	1.743777771878244920e+01	2.100813917393970343e+01	1.889386745744596396e+01	2.472802812530913741e+01	1.954910783984454525e+01	1.766170667101630443e+01	1.567171736150950423e+01	1.198405978851546827e+01	2.154792193564627567e+01	1.575775902788507743e+01	3.244555968786748679e+01	1.702999905207087394e+01
2.038415324300233067e+01	2.360924493437043381e+01	3.614787296702248653e+01	1.970354160000582411e+01	0.000000000000000000e+00	2.624270824454924167e+01	1.579783826564121796e+01	2.721086084098889657e+01	2.166227645805141577e+01	2.748075222184218802e+01	2.810756619397578859e+01	3.311537827115523669e+01	2.329927431576100361e+01	2.607356650722974578e+01	2.301173336231785527e+01	1.448257740826763396e+01	2.830219274612862179e+01	2.434860016603893484e+01	1.869825136124167386e+01	2.243775455371842398e+01
3.057581890631819377e+01	2.371293617333586212e+01	2.511423869708502110e+01	1.981899922069783315e+01	2.624270824454924167e+01	0.000000000000000000e+00	2.714430724434796716e+01	3.541644129755833603e+01	2.521498834061880956e+01	2.595627038939296227e+01	3.067753105718072248e+01	3.100220965294836617e+01	2.536464200820367054e+01	2.999103622332092556e+01	2.748369381727382788e+01	2.003998657750004853e+01	3.794328619292551963e+01	3.507510447570046352e+01	2.481015126933887771e+01	2.653024919799239356e+01
1.834820150487609780e+01	1.529519314625914284e+01	1.874421378986109943e+01	1.212488866980539726e+01	1.579783826564121796e+01	2.714430724434796716e+01	0.000000000000000000e+00	2.178839736218312950e+01	2.107943501174525025e+01	1.793748124273288269e+01	2.270470433914006847e+01	2.908160198127873031e+01	3.337842575626468999e+01	2.011132026671740292e+01	1.816141019496674147e+01	2.254144579268385939e+01	2.157329319624420449e+01	2.053086531515555180e+01	1.674834128949101242e+01	3.027170624429751911e+01
2.836381484454592083e+01	2.581838310353467492e+01	2.423323086530780301e+01	2.281427876896878715e+01	2.721086084098889657e+01	3.541644129755833603e+01	2.178839736218312950e+01	0.000000000000000000e+00	2.145597184413288261e+01	2.763628908029033227e+01	3.807622936342290387e+01	2.864452091448613302e+01	2.650487793739446474e+01	3.433680187376975823e+01	2.180897591306736771e+01	1.979840805267632575e+01	2.900045396171498879e+01	2.571763346000088646e+01	2.417256045953015686e+01	2.389090269695029534e+01
2.069711772804065930e+01	1.420386124111941584e+01	3.538898099951845921e+01	1.743777771878244920e+01	2.166227645805141577e+01	2.521498834061880956e+01	2.107943501174525025e+01	2.145597184413288261e+01	0.000000000000000000e+00	1.656743317044493935e+01	2.134642264857870231e+01	2.448253107813958707e+01	2.303820772120264593e+01	1.757272340920909315e+01	1.630048338502329131e+01	1.705642294240659496e+01	2.804893796198738798e+01	2.175420131529027401e+01	1.916964202916253868e+01	2.227155441183056794e+01
2.102468564824269492e+01	2.353496964972143601e+01	1.893982988606538953e+01	2.100813917393970343e+01	2.748075222184218802e+01	2.595627038939296227e+01	1.793748124273288269e+01	2.763628908029033227e+01	1.656743317044493935e+01	0.000000000000000000e+00	2.146960195727876908e+01	3.236736407842447960e+01	2.468403036520716398e+01	2.713070236547661551e+01	2.166227645805141577e+01	1.258157136056804504e+01	3.237715317449632835e+01	2.253262100638892917e+01	1.943953341001582658e+01	2.309299493611700527e+01
2.844502594979599763e+01	2.029516998119511939e+01	2.457151433994680190e+01	1.889386745744596396e+01	2.810756619397578859e+01	3.067753105718072248e+01	2.270470433914006847e+01	3.807622936342290387e+01	2.134642264857870231e+01	2.146960195727876908e+01	0.000000000000000000e+00	2.980424491341156923e+01	2.995875617884463793e+01	2.161631402943199021e+01	2.667990286557725454e+01	3.116946422702219621e+01	2.703877750823775727e+01	3.119390902925500697e+01	2.561688561891527982e+01	2.371293617333586212e+01
2.434464379228129971e+01	2.220794241062127838e+01	3.658398972403816884e+01	2.472802812530913741e+01	3.311537827115523669e+01	3.100220965294836617e+01	2.908160198127873031e+01	2.864452091448613302e+01	2.448253107813958707e+01	3.236736407842447960e+01	2.980424491341156923e+01	0.000000000000000000e+00	2.537346679449860076e+01	2.686079836748605842e+01	2.380486103057472391e+01	1.919317479261568593e+01	2.965569434411357364e+01	2.443467968382631028e+01	2.335406153067536295e+01	2.884307860612206653e+01
2.153321395848805864e+01	3.022083755172898734e+01	2.231457524501835721e+01	1.954910783984454525e+01	2.329927431576100361e+01	2.536464200820367054e+01	3.337842575626468999e+01	2.650487793739446474e+01	2.303820772120264593e+01	2.468403036520716398e+01	2.995875617884463793e+01	2.537346679449860076e+01	0.000000000000000000e+00	2.321911584024871900e+01	3.287780839108640407e+01	1.968111193483954224e+01	2.515247943769638539e+01	2.696450222358875948e+01	2.094452717273041387e+01	2.668481093197453902e+01
1.943953341001582658e+01	2.880681695361360894e+01	2.134936424401034216e+01	1.766170667101630443e+01	2.607356650722974578e+01	2.999103622332092556e+01	2.011132026671740292e+01	3.433680187376975823e+01	1.757272340920909315e+01	2.713070236547661551e+01	2.161631402943199021e+01	2.686079836748605842e+01	2.321911584024871900e+01	0.000000000000000000e+00	2.180016374390970668e+01	1.467231031360863724e+01	3.211010245197653745e+01	1.948255424320360873e+01	1.802058131367681071e+01	2.681386081440062696e+01
1.843718476668331618e+01	2.303526612577100252e+01	1.993041214767132630e+01	1.567171736150950423e+01	2.301173336231785527e+01	2.748369381727382788e+01	1.816141019496674147e+01	2.180897591306736771e+01	1.630048338502329131e+01	2.166227645805141577e+01	2.667990286557725454e+01	2.380486103057472391e+01	3.287780839108640407e+01	2.180016374390970668e+01	0.000000000000000000e+00	1.951197019752004636e+01	2.786904281881912482e+01	2.278302431750757506e+01	2.051909893342897462e+01	2.088973995781605097e+01
1.891740022089910767e+01	1.416084040793163012e+01	1.629754178959165145e+01	1.198405978851546827e+01	1.448257740826763396e+01	2.003998657750004853e+01	2.254144579268385939e+01	1.979840805267632575e+01	1.705642294240659496e+01	1.258157136056804504e+01	3.116946422702219621e+01	1.919317479261568593e+01	1.968111193483954224e+01	1.467231031360863724e+01	1.951197019752004636e+01	0.000000000000000000e+00	2.237916417314183093e+01	2.269992424656364705e+01	1.321033738408183744e+01	2.768715957530704586e+01
2.358387367377251209e+01	2.330809910205593383e+01	2.344892798334586459e+01	2.154792193564627567e+01	2.830219274612862179e+01	3.794328619292551963e+01	2.157329319624420449e+01	2.900045396171498879e+01	2.804893796198738798e+01	3.237715317449632835e+01	2.703877750823775727e+01	2.965569434411357364e+01	2.515247943769638539e+01	3.211010245197653745e+01	2.786904281881912482e+01	2.237916417314183093e+01	0.000000000000000000e+00	2.601399919973896502e+01	2.012014505301233314e+01	3.334427837547271878e+01
2.213072553054063718e+01	1.730283202835580525e+01	1.895453786322360656e+01	1.575775902788507743e+01	2.434860016603893484e+01	3.507510447570046352e+01	2.053086531515555180e+01	2.571763346000088646e+01	2.175420131529027401e+01	2.253262100638892917e+01	3.119390902925500697e+01	2.443467968382631028e+01	2.696450222358875948e+01	1.948255424320360873e+01	2.278302431750757506e+01	2.269992424656364705e+01	2.601399919973896502e+01	0.000000000000000000e+00	1.606772964649450586e+01	2.391149386497179918e+01
1.539300119436128433e+01	1.824451026591066949e+01	2.143834750581755699e+01	3.244555968786748679e+01	1.869825136124167386e+01	2.481015126933887771e+01	1.674834128949101242e+01	2.417256045953015686e+01	1.916964202916253868e+01	1.943953341001582658e+01	2.561688561891527982e+01	2.335406153067536295e+01	2.094452717273041387e+01	1.802058131367681071e+01	2.051909893342897462e+01	1.321033738408183744e+01	2.012014505301233314e+01	1.606772964649450586e+01	0.000000000000000000e+00	1.802646450454009752e+01
2.235171288734285255e+01	1.802940609997174093e+01	2.433876060141801290e+01	1.702999905207087394e+01	2.243775455371842398e+01	2.653024919799239356e+01	3.027170624429751911e+01	2.389090269695029534e+01	2.227155441183056794e+01	2.309299493611700527e+01	2.371293617333586212e+01	2.884307860612206653e+01	2.668481093197453902e+01	2.681386081440062696e+01	2.088973995781605097e+01	2.768715957530704586e+01	3.334427837547271878e+01	2.391149386497179918e+01	1.802646450454009752e+01	0.000000000000000000e+00
