0.000000000000000000e+00	2.215509482182569556e+01	3.268805215432414712e+01	2.589430126809768851e+01	3.439902507605663118e+01	2.094871406670433700e+01	2.318285126945970731e+01	2.574767918826946200e+01	2.293931700577077493e+01	2.770096133456455334e+01	3.070225984722171120e+01	2.231655225568675860e+01	2.362705895969977377e+01	1.999482228089120994e+01	2.923115886860885126e+01	1.919431614662465435e+01	2.207567904284827875e+01	2.210748545838961476e+01	2.712553927298460010e+01	3.034979945943182500e+01
2.215509482182569556e+01	0.000000000000000000e+00	2.667609182327202433e+01	1.814405013037844228e+01	2.876254718598543292e+01	2.207891762830737648e+01	2.500682894889046537e+01	2.601588129293765306e+01	1.827771229204897097e+01	1.976816691235896783e+01	2.449589045984878410e+01	1.858823369074481135e+01	2.081547360264262281e+01	2.112158707908726285e+01	2.652098295767930836e+01	1.734810976737599475e+01	2.332257169260027041e+01	2.036683900225534316e+01	2.402801258317747113e+01	2.430756816070180193e+01
3.268805215432414712e+01	2.667609182327202433e+01	0.000000000000000000e+00	2.797996508502338031e+01	3.627329340242783928e+01	2.285548972754677877e+01	3.385666189396447834e+01	3.012838495161370744e+01	2.569310528633242185e+01	2.289201460870030047e+01	3.089313876261844527e+01	2.716678186909105008e+01	2.296093928524806671e+01	2.426075470888354246e+01	3.278677689224669223e+01	2.008655912658668541e+01	2.868860502028534754e+01	2.388560619047803613e+01	2.964450159528272621e+01	3.082963428493580338e+01
2.589430126809768851e+01	1.814405013037844228e+01	2.797996508502338031e+01	0.000000000000000000e+00	2.903061993734451463e+01	1.727658535680876994e+01	2.162285803987072441e+01	2.174424146375817912e+01	1.925450684837932158e+01	2.066790649384386924e+01	2.373334318095848516e+01	2.096813425360981853e+01	1.838300836656745574e+01	1.767285931092933282e+01	2.336791764663355409e+01	1.623461185370324955e+01	1.822159271540976277e+01	1.951926736330441159e+01	2.572250574247069466e+01	2.333866340779934490e+01
3.439902507605663118e+01	2.876254718598543292e+01	3.627329340242783928e+01	2.903061993734451463e+01	0.000000000000000000e+00	2.282103688322090562e+01	3.209830627434326544e+01	2.834320907965481950e+01	2.556129443066333451e+01	2.628853521377432401e+01	2.729338889089111220e+01	2.525811178447745675e+01	2.247785184053491037e+01	2.737330375946855909e+01	2.932776408610395080e+01	2.134610893775742824e+01	2.696128833048767959e+01	2.390579449573259296e+01	2.704943215344578888e+01	2.925405727329597028e+01
2.094871406670433700e+01	2.207891762830737648e+01	2.285548972754677877e+01	1.727658535680876994e+01	2.282103688322090562e+01	0.000000000000000000e+00	2.337571162031457561e+01	2.482802710205914565e+01	1.898469752226200669e+01	1.653766078074990986e+01	2.931872751077534645e+01	2.062926645809299586e+01	2.072395748777335100e+01	2.001155205869519449e+01	2.383428907306138100e+01	1.472786891724167369e+01	2.129802898433386105e+01	1.809512152396282758e+01	2.233541695213168410e+01	2.305287273189605202e+01
2.318285126945970731e+01	2.500682894889046537e+01	3.385666189396447834e+01	2.162285803987072441e+01	3.209830627434326544e+01	2.337571162031457561e+01	0.000000000000000000e+00	3.462114529292962573e+01	2.182596820945073191e+01	2.243905832160123026e+01	2.922846158365678093e+01	2.002789622069729703e+01	1.959846881478712177e+01	2.471864661542562658e+01	3.177537600840766174e+01	1.985351003451500418e+01	2.388342933293028025e+01	1.973792538933178164e+01	2.274733007041292865e+01	2.766002853115982774e+01
2.574767918826946200e+01	2.601588129293765306e+01	3.012838495161370744e+01	2.174424146375817912e+01	2.834320907965481950e+01	2.482802710205914565e+01	3.462114529292962573e+01	0.000000000000000000e+00	1.960968779235647474e+01	2.188836980914994612e+01	2.933138046256742726e+01	2.434211145019374811e+01	2.281993837106757539e+01	2.682774090006035550e+01	3.134621182237086146e+01	1.905847158271337349e+01	2.629958094411728098e+01	1.940981541940083943e+01	2.453003633780905091e+01	2.589324150788396395e+01
2.293931700577077493e+01	1.827771229204897097e+01	2.569310528633242185e+01	1.925450684837932158e+01	2.556129443066333451e+01	1.898469752226200669e+01	2.182596820945073191e+01	1.960968779235647474e+01	0.000000000000000000e+00	1.747035198469455963e+01	2.660177107773282756e+01	2.018854579100730007e+01	2.189719001948245136e+01	2.199333361247498786e+01	2.505407557382294215e+01	1.719467663222961207e+01	1.689251062848775931e+01	1.887852366641639534e+01	1.979494554210547363e+01	2.353531774817419020e+01
2.770096133456455334e+01	1.976816691235896783e+01	2.289201460870030047e+01	2.066790649384386924e+01	2.628853521377432401e+01	1.653766078074990986e+01	2.243905832160123026e+01	2.188836980914994612e+01	1.747035198469455963e+01	0.000000000000000000e+00	2.282494123815398268e+01	2.078073792182482649e+01	2.180536257241746156e+01	1.887697932678056034e+01	2.169290535844551115e+01	1.918150971164976326e+01	1.930315698413312120e+01	2.272910803622773912e+01	2.101770599089550373e+01	2.246270952013646749e+01
3.070225984722171120e+01	2.449589045984878410e+01	3.089313876261844527e+01	2.373334318095848516e+01	2.729338889089111220e+01	2.931872751077534645e+01	2.922846158365678093e+01	2.933138046256742726e+01	2.660177107773282756e+01	2.282494123815398268e+01	0.000000000000000000e+00	2.589350535647987073e+01	3.015177167283050963e+01	2.352595498866799772e+01	3.325512574893365070e+01	2.135048773167354952e+01	2.645427692138266451e+01	2.405003218778676555e+01	2.772615687273562557e+01	2.956607989385794610e+01
2.231655225568675860e+01	1.858823369074481135e+01	2.716678186909105008e+01	2.096813425360981853e+01	2.525811178447745675e+01	2.062926645809299586e+01	2.002789622069729703e+01	2.434211145019374811e+01	2.018854579100730007e+01	2.078073792182482649e+01	2.589350535647987073e+01	0.000000000000000000e+00	2.384255823247595885e+01	1.954814935191848235e+01	2.108252971155767597e+01	1.570552663283324257e+01	2.149435659429951428e+01	1.694113226853776055e+01	2.186381669941388850e+01	2.565131368949658608e+01
2.362705895969977377e+01	2.081547360264262281e+01	2.296093928524806671e+01	1.838300836656745574e+01	2.247785184053491037e+01	2.072395748777335100e+01	1.959846881478712177e+01	2.281993837106757539e+01	2.189719001948245136e+01	2.180536257241746156e+01	3.015177167283050963e+01	2.384255823247595885e+01	0.000000000000000000e+00	2.115369779086153912e+01	2.244255152207987791e+01	1.721993941804408479e+01	2.160157794601872538e+01	1.726404277042978208e+01	2.477524943642060862e+01	2.403696728879676670e+01
1.999482228089120994e+01	2.112158707908726285e+01	2.426075470888354246e+01	1.767285931092933282e+01	2.737330375946855909e+01	2.001155205869519449e+01	2.471864661542562658e+01	2.682774090006035550e+01	2.199333361247498786e+01	1.887697932678056034e+01	2.352595498866799772e+01	1.954814935191848235e+01	2.115369779086153912e+01	0.000000000000000000e+00	2.788785862497372392e+01	1.770152564089110570e+01	2.078036370781582320e+01	2.253780718939747274e+01	1.891720681993697184e+01	2.275919147641729623e+01
2.923115886860885126e+01	2.652098295767930836e+01	3.278677689224669223e+01	2.336791764663355409e+01	2.932776408610395080e+01	2.383428907306138100e+01	3.177537600840766174e+01	3.134621182237086146e+01	2.505407557382294215e+01	2.169290535844551115e+01	3.325512574893365070e+01	2.108252971155767597e+01	2.244255152207987791e+01	2.788785862497372392e+01	0.000000000000000000e+00	2.009925519614848000e+01	2.436228155638702120e+01	1.850491948764672046e+01	2.725023056747593131e+01	2.817113197888971499e+01
1.919431614662465435e+01	1.734810976737599475e+01	2.008655912658668541e+01	1.623461185370324955e+01	2.134610893775742824e+01	1.472786891724167369e+01	1.985351003451500418e+01	1.905847158271337349e+01	1.719467663222961207e+01	1.918150971164976326e+01	2.135048773167354952e+01	1.570552663283324257e+01	1.721993941804408479e+01	1.770152564089110570e+01	2.009925519614848000e+01	0.000000000000000000e+00	1.778189002583442502e+01	1.624306582224929230e+01	2.024741724978243695e+01	1.853520412844360976e+01
2.207567904284827875e+01	2.332257169260027041e+01	2.868860502028534754e+01	1.822159271540976277e+01	2.696128833048767959e+01	2.129802898433386105e+01	2.388342933293028025e+01	2.629958094411728098e+01	1.689251062848775931e+01	1.930315698413312120e+01	2.645427692138266451e+01	2.149435659429951428e+01	2.160157794601872538e+01	2.078036370781582320e+01	2.436228155638702120e+01	1.778189002583442502e+01	0.000000000000000000e+00	2.077829167098817109e+01	2.338497329229948463e+01	2.174589616880711418e+01
2.210748545838961476e+01	2.036683900225534316e+01	2.388560619047803613e+01	1.951926736330441159e+01	2.390579449573259296e+01	1.809512152396282758e+01	1.973792538933178164e+01	1.940981541940083943e+01	1.887852366641639534e+01	2.272910803622773912e+01	2.405003218778676555e+01	1.694113226853776055e+01	1.726404277042978208e+01	2.253780718939747274e+01	1.850491948764672046e+01	1.624306582224929230e+01	2.077829167098817109e+01	0.000000000000000000e+00	2.055544927987192239e+01	2.518648137432723644e+01
2.712553927298460010e+01	2.402801258317747113e+01	2.964450159528272621e+01	2.572250574247069466e+01	2.704943215344578888e+01	2.233541695213168410e+01	2.274733007041292865e+01	2.453003633780905091e+01	1.979494554210547363e+01	2.101770599089550373e+01	2.772615687273562557e+01	2.186381669941388850e+01	2.477524943642060862e+01	1.891720681993697184e+01	2.725023056747593131e+01	2.024741724978243695e+01	2.338497329229948463e+01	2.055544927987192239e+01	0.000000000000000000e+00	2.375379533480894878e+01
3.034979945943182500e+01	2.430756816070180193e+01	3.082963428493580338e+01	2.333866340779934490e+01	2.925405727329597028e+01	2.305287273189605202e+01	2.766002853115982774e+01	2.589324150788396395e+01	2.353531774817419020e+01	2.246270952013646749e+01	2.956607989385794610e+01	2.565131368949658608e+01	2.403696728879676670e+01	2.275919147641729623e+01	2.817113197888971499e+01	1.853520412844360976e+01	2.174589616880711418e+01	2.518648137432723644e+01	2.375379533480894878e+01	0.000000000000000000e+00
