0.000000000000000000e+00	2.100949995990139740e+01	1.173625246729181981e+01	1.116244103189697690e+01	1.664556998960605227e+01	2.509517593327447571e+01	1.938486130724799850e+01	3.255021098539629776e+01	2.226487833414736528e+01	1.918350435866609871e+01	2.467489769480892292e+01	2.314651887221657489e+01	1.986844668920137380e+01	1.530187642096031730e+01	1.799690918355557656e+01	2.627448785577051282e+01	2.679795322855240158e+01	1.878660596828728302e+01	1.787176497871529790e+01	1.847308794245473251e+01
2.100949995990139740e+01	0.000000000000000000e+00	1.456825579657997061e+01	1.088849989851119737e+01	1.498848497875455976e+01	2.066050284851101893e+01	1.709983664624797584e+01	3.163963745367549407e+01	2.272682770264905017e+01	1.923970111368873148e+01	2.239770525084740527e+01	2.475336615105364046e+01	2.226524392002373176e+01	1.892654049768405145e+01	2.228553322177979723e+01	2.178715430208287529e+01	2.300474005929697441e+01	1.881519352184600180e+01	1.849804693707571701e+01	1.902187380770972069e+01
1.173625246729181981e+01	1.456825579657997061e+01	0.000000000000000000e+00	1.283820373769508905e+01	1.726931824572655572e+01	1.965060463771890298e+01	1.523295788165014208e+01	2.800740250321533509e+01	2.269639586556749933e+01	1.380551836258177545e+01	1.933318196414307621e+01	1.922123696759004474e+01	1.741851531485470517e+01	1.421147231125499033e+01	1.871380570278578404e+01	1.867356421410515210e+01	2.318494060551985569e+01	1.865431706419430924e+01	2.604589546764956509e+01	1.609341748921485404e+01
1.116244103189697690e+01	1.088849989851119737e+01	1.283820373769508905e+01	0.000000000000000000e+00	1.104740548901327024e+01	1.769867365178267704e+01	1.293531567893685619e+01	2.772100837313624311e+01	1.860046493824616221e+01	2.370021698235377272e+01	1.239925977401790824e+01	2.107371391505970593e+01	1.660009466071442930e+01	1.701375424279935444e+01	1.518230872065544546e+01	1.476182481505270339e+01	1.850721491399289320e+01	1.492461368792066523e+01	1.957865774523493840e+01	1.192462628828408988e+01
1.664556998960605227e+01	1.498848497875455976e+01	1.726931824572655572e+01	1.104740548901327024e+01	0.000000000000000000e+00	2.081474969796513008e+01	1.165849445038486465e+01	2.495652154005446377e+01	3.040956351414338599e+01	1.658622019871411268e+01	2.252154318477192163e+01	2.333162972014747183e+01	2.174377296686182959e+01	1.638032354758096076e+01	2.842936690655788112e+01	1.844052916563386191e+01	2.385794254898621247e+01	2.719288235837512246e+01	1.726406557403186781e+01	2.032867835780702137e+01
2.509517593327447571e+01	2.066050284851101893e+01	1.965060463771890298e+01	1.769867365178267704e+01	2.081474969796513008e+01	0.000000000000000000e+00	1.746112936744216881e+01	3.734136036907874967e+01	2.512347542829266089e+01	2.945076954729315943e+01	2.716039862745936517e+01	2.578205705768380440e+01	2.297291245422884032e+01	2.824262785580177137e+01	2.067451615821087074e+01	2.422262482686857510e+01	2.882265747041392956e+01	2.256045548098483522e+01	2.054014396834549316e+01	2.131066178732276839e+01
1.938486130724799850e+01	1.709983664624797584e+01	1.523295788165014208e+01	1.293531567893685619e+01	1.165849445038486465e+01	1.746112936744216881e+01	0.000000000000000000e+00	2.979070234384120397e+01	1.540899024973469089e+01	1.191930295100227077e+01	2.136572251106736076e+01	2.613479232862331614e+01	1.935354879323497457e+01	1.384642444749626300e+01	1.443712365822401189e+01	2.784654356683556031e+01	2.037593796211355368e+01	1.813049019356030200e+01	1.712125657900204700e+01	2.279349052945612542e+01
3.255021098539629776e+01	3.163963745367549407e+01	2.800740250321533509e+01	2.772100837313624311e+01	2.495652154005446377e+01	3.734136036907874967e+01	2.979070234384120397e+01	0.000000000000000000e+00	3.611027259953340973e+01	3.685506477217452925e+01	3.638262981702331444e+01	4.383233213622093416e+01	3.437074668958114643e+01	3.111433466116348967e+01	2.793977066953687682e+01	3.802767394149913827e+01	4.307351351497002412e+01	3.082030278749135377e+01	3.407048534829408482e+01	2.938562907209946928e+01
2.226487833414736528e+01	2.272682770264905017e+01	2.269639586556749933e+01	1.860046493824616221e+01	3.040956351414338599e+01	2.512347542829266089e+01	1.540899024973469089e+01	3.611027259953340973e+01	0.000000000000000000e+00	2.256856378682887865e+01	3.138960498701698398e+01	2.921114197718025451e+01	2.926152390675528281e+01	1.847051248717917105e+01	3.278886838150690153e+01	2.845842370806780863e+01	3.224317306258258498e+01	2.885257421644036668e+01	3.309824090683429176e+01	2.635848697344673042e+01
1.918350435866609871e+01	1.923970111368873148e+01	1.380551836258177545e+01	2.370021698235377272e+01	1.658622019871411268e+01	2.945076954729315943e+01	1.191930295100227077e+01	3.685506477217452925e+01	2.256856378682887865e+01	0.000000000000000000e+00	2.330778383729658998e+01	2.697758714599848773e+01	2.263134488744463368e+01	2.979559916188258484e+01	2.096612208178618886e+01	1.983431971766321311e+01	2.821480856055175224e+01	2.193680898600790030e+01	2.082058812630206290e+01	1.939209550357151812e+01
2.467489769480892292e+01	2.239770525084740527e+01	1.933318196414307621e+01	1.239925977401790824e+01	2.252154318477192163e+01	2.716039862745936517e+01	2.136572251106736076e+01	3.638262981702331444e+01	3.138960498701698398e+01	2.330778383729658998e+01	0.000000000000000000e+00	2.529678283592290100e+01	2.627942268562401296e+01	2.247546326775436043e+01	2.568183194289715843e+01	2.859144348957577009e+01	3.279674425251233316e+01	2.719207395158029428e+01	2.748979716806654849e+01	2.552515914334623304e+01
2.314651887221657489e+01	2.475336615105364046e+01	1.922123696759004474e+01	2.107371391505970593e+01	2.333162972014747183e+01	2.578205705768380440e+01	2.613479232862331614e+01	4.383233213622093416e+01	2.921114197718025451e+01	2.697758714599848773e+01	2.529678283592290100e+01	0.000000000000000000e+00	2.630329149002685085e+01	2.449991843038654693e+01	2.594540876564205689e+01	3.038511961057751876e+01	3.542267095880654182e+01	2.997278922096030485e+01	2.879052715600769474e+01	3.407821891449412988e+01
1.986844668920137380e+01	2.226524392002373176e+01	1.741851531485470517e+01	1.660009466071442930e+01	2.174377296686182959e+01	2.297291245422884032e+01	1.935354879323497457e+01	3.437074668958114643e+01	2.926152390675528281e+01	2.263134488744463368e+01	2.627942268562401296e+01	2.630329149002685085e+01	0.000000000000000000e+00	2.127313708304794915e+01	2.357891708056818914e+01	2.351637498220200584e+01	2.744069142972487541e+01	2.863807212709857097e+01	2.338006901174297525e+01	2.142747342957288836e+01
1.530187642096031730e+01	1.892654049768405145e+01	1.421147231125499033e+01	1.701375424279935444e+01	1.638032354758096076e+01	2.824262785580177137e+01	1.384642444749626300e+01	3.111433466116348967e+01	1.847051248717917105e+01	2.979559916188258484e+01	2.247546326775436043e+01	2.449991843038654693e+01	2.127313708304794915e+01	0.000000000000000000e+00	1.891670792453301786e+01	1.890009623800565208e+01	2.267446084175831800e+01	1.931605518656060028e+01	1.710035173730308600e+01	1.624826892679490342e+01
1.799690918355557656e+01	2.228553322177979723e+01	1.871380570278578404e+01	1.518230872065544546e+01	2.842936690655788112e+01	2.067451615821087074e+01	1.443712365822401189e+01	2.793977066953687682e+01	3.278886838150690153e+01	2.096612208178618886e+01	2.568183194289715843e+01	2.594540876564205689e+01	2.357891708056818914e+01	1.891670792453301786e+01	0.000000000000000000e+00	2.190056164214136913e+01	2.962617571795560423e+01	3.205971990643980263e+01	2.328960395605193412e+01	2.168885702935332560e+01
2.627448785577051282e+01	2.178715430208287529e+01	1.867356421410515210e+01	1.476182481505270339e+01	1.844052916563386191e+01	2.422262482686857510e+01	2.784654356683556031e+01	3.802767394149913827e+01	2.845842370806780863e+01	1.983431971766321311e+01	2.859144348957577009e+01	3.038511961057751876e+01	2.351637498220200584e+01	1.890009623800565208e+01	2.190056164214136913e+01	0.000000000000000000e+00	3.122457237138091912e+01	2.758908666151316424e+01	2.687731243870836195e+01	2.599625356721313807e+01
2.679795322855240158e+01	2.300474005929697441e+01	2.318494060551985569e+01	1.850721491399289320e+01	2.385794254898621247e+01	2.882265747041392956e+01	2.037593796211355368e+01	4.307351351497002412e+01	3.224317306258258498e+01	2.821480856055175224e+01	3.279674425251233316e+01	3.542267095880654182e+01	2.744069142972487541e+01	2.267446084175831800e+01	2.962617571795560423e+01	3.122457237138091912e+01	0.000000000000000000e+00	2.921187314893298748e+01	3.482152134705396662e+01	2.789648228849249634e+01
1.878660596828728302e+01	1.881519352184600180e+01	1.865431706419430924e+01	1.492461368792066523e+01	2.719288235837512246e+01	2.256045548098483522e+01	1.813049019356030200e+01	3.082030278749135377e+01	2.885257421644036668e+01	2.193680898600790030e+01	2.719207395158029428e+01	2.997278922096030485e+01	2.863807212709857097e+01	1.931605518656060028e+01	3.205971990643980263e+01	2.758908666151316424e+01	2.921187314893298748e+01	0.000000000000000000e+00	2.257648550093821527e+01	3.138334096469576551e+01
1.787176497871529790e+01	1.849804693707571701e+01	2.604589546764956509e+01	1.957865774523493840e+01	1.726406557403186781e+01	2.054014396834549316e+01	1.712125657900204700e+01	3.407048534829408482e+01	3.309824090683429176e+01	2.082058812630206290e+01	2.748979716806654849e+01	2.879052715600769474e+01	2.338006901174297525e+01	1.710035173730308600e+01	2.328960395605193412e+01	2.687731243870836195e+01	3.482152134705396662e+01	2.257648550093821527e+01	0.000000000000000000e+00	2.295387481760466031e+01
1.847308794245473251e+01	1.902187380770972069e+01	1.609341748921485404e+01	1.192462628828408988e+01	2.032867835780702137e+01	2.131066178732276839e+01	2.279349052945612542e+01	2.938562907209946928e+01	2.635848697344673042e+01	1.939209550357151812e+01	2.552515914334623304e+01	3.407821891449412988e+01	2.142747342957288836e+01	1.624826892679490342e+01	2.168885702935332560e+01	2.599625356721313807e+01	2.789648228849249634e+01	3.138334096469576551e+01	2.295387481760466031e+01	0.000000000000000000e+00
