0.000000000000000000e+00	2.226254061745285995e+01	2.381652159926534296e+01	1.928330986692797921e+01	2.460217429263842348e+01	3.235870040731489894e+01	3.993437874055602776e+01	1.583455146122421375e+01	1.782604169538005578e+01	2.228655441957950956e+01	1.505756097031797047e+01	2.306420251224370688e+01	2.059452242044213577e+01	1.581053765909756414e+01	1.911324044676755918e+01	1.454735270983670858e+01	2.719389620034710831e+01	3.177832189503963534e+01	2.465085949864968384e+01	1.864371279158866912e+01
2.226254061745285995e+01	0.000000000000000000e+00	2.947684006881253893e+01	2.461017889334731024e+01	2.044111980345743973e+01	3.094797730383350043e+01	3.034106222787183782e+01	1.517094058375825227e+01	2.469954470466093710e+01	3.572527866276926289e+01	1.768864827981312615e+01	2.165561954670703670e+01	2.326629033523965973e+01	1.404580665182228216e+01	2.589803524649277122e+01	1.915392105206993278e+01	1.343822797931850666e+01	2.491829933083261750e+01	2.943615946351016532e+01	2.265936926449384003e+01
2.381652159926534296e+01	2.947684006881253893e+01	0.000000000000000000e+00	3.283057150181434736e+01	2.120210109294591661e+01	3.291693627204946893e+01	2.523376676726885037e+01	1.811815293144759309e+01	2.815630771107359109e+01	4.270751637033841774e+01	2.070855963564037339e+01	2.029572178718162334e+01	3.546668035529234686e+01	1.383505662635949029e+01	2.831036792981624117e+01	2.429938035119970507e+01	2.089398065546060934e+01	3.151635790722168196e+01	3.661778291027635390e+01	2.340499895432250455e+01
1.928330986692797921e+01	2.461017889334731024e+01	3.283057150181434736e+01	0.000000000000000000e+00	2.330697094054203333e+01	4.351651327451188678e+01	2.857715016024122079e+01	2.945954563779965696e+01	2.445611867460465660e+01	2.463485029723191388e+01	1.905888208979965981e+01	2.298349890339691370e+01	4.303498171566175046e+01	1.361630200018781167e+01	1.833624995586131590e+01	1.628006531427645598e+01	1.197295520706169647e+01	3.791504872876619459e+01	2.715255799328678421e+01	2.373647559217650738e+01
2.460217429263842348e+01	2.044111980345743973e+01	2.120210109294591661e+01	2.330697094054203333e+01	0.000000000000000000e+00	4.034618835321013108e+01	2.805893729905107747e+01	1.574584325166853915e+01	2.598674345604844405e+01	2.125879089966605662e+01	1.763996307380186579e+01	2.138017511381521985e+01	3.304950545022521169e+01	1.811815293144759309e+01	1.842627336893290035e+01	1.306607073616213022e+01	1.728447263382121335e+01	1.755125486424618941e+01	2.968693249251737498e+01	2.029572178718162334e+01
3.235870040731489894e+01	3.094797730383350043e+01	3.291693627204946893e+01	4.351651327451188678e+01	4.034618835321013108e+01	0.000000000000000000e+00	4.401936854125806065e+01	3.089046256268453661e+01	3.684322693364100587e+01	2.886059919384192440e+01	2.165561954670703670e+01	4.274019237493191525e+01	3.814859300874348946e+01	2.490163252765689350e+01	2.776879886825739874e+01	2.168029095059164035e+01	2.505868179790973826e+01	3.714334277041743348e+01	4.016325412624468072e+01	3.345815867869825411e+01
3.993437874055602776e+01	3.034106222787183782e+01	2.523376676726885037e+01	2.857715016024122079e+01	2.805893729905107747e+01	4.401936854125806065e+01	0.000000000000000000e+00	1.687097718360450926e+01	2.368713278440729653e+01	2.854578935916364202e+01	2.349203931066805140e+01	2.984165031301798621e+01	3.269818164587779563e+01	2.087928665755874746e+01	2.303218410940817051e+01	1.536502380604532370e+01	2.117008269011037669e+01	3.565006888263992124e+01	2.807626170398475196e+01	2.466752630182540429e+01
1.583455146122421375e+01	1.517094058375825227e+01	1.811815293144759309e+01	2.945954563779965696e+01	1.574584325166853915e+01	3.089046256268453661e+01	1.687097718360450926e+01	0.000000000000000000e+00	1.416719086597144717e+01	1.751057425894381581e+01	1.032960841393558127e+01	2.416532264205302383e+01	2.016633297232357336e+01	9.431233708880174760e+00	9.479918914891429793e+00	1.432125108471410080e+01	8.451497793220021038e+00	1.697635219633590609e+01	1.531132305083537481e+01	3.101502114536723909e+01
1.782604169538005578e+01	2.469954470466093710e+01	2.815630771107359109e+01	2.445611867460465660e+01	2.598674345604844405e+01	3.684322693364100587e+01	2.368713278440729653e+01	1.416719086597144717e+01	0.000000000000000000e+00	2.640758590521607729e+01	1.737252324161893213e+01	2.649629411477175367e+01	2.962092288157244724e+01	1.528432019719853052e+01	2.434405426468028466e+01	2.414997104239320791e+01	1.525964879331392687e+01	2.446478087707149385e+01	4.171976985918522729e+01	2.480491971739233392e+01
2.228655441957950956e+01	3.572527866276926289e+01	4.270751637033841774e+01	2.463485029723191388e+01	2.125879089966605662e+01	2.886059919384192440e+01	2.854578935916364202e+01	1.751057425894381581e+01	2.640758590521607729e+01	0.000000000000000000e+00	3.125694665488427049e+01	2.597139185638862813e+01	2.733128961591404504e+01	1.317945034960241024e+01	3.431921246400817438e+01	2.172031395413605992e+01	1.948539768992393562e+01	2.571996122562346088e+01	3.275552905435588258e+01	2.507320246835656974e+01
1.505756097031797047e+01	1.768864827981312615e+01	2.070855963564037339e+01	1.905888208979965981e+01	1.763996307380186579e+01	2.165561954670703670e+01	2.349203931066805140e+01	1.032960841393558127e+01	1.737252324161893213e+01	3.125694665488427049e+01	0.000000000000000000e+00	2.120192776549088265e+01	2.586601684365723131e+01	1.078312686769670492e+01	1.112326570801754499e+01	1.267724668983003156e+01	7.512442482862240922e+00	1.796409271270493946e+01	2.209247119729243636e+01	1.700902820092939294e+01
2.306420251224370688e+01	2.165561954670703670e+01	2.029572178718162334e+01	2.298349890339691370e+01	2.138017511381521985e+01	4.274019237493191525e+01	2.984165031301798621e+01	2.416532264205302383e+01	2.649629411477175367e+01	2.597139185638862813e+01	2.120192776549088265e+01	0.000000000000000000e+00	3.296963277059140296e+01	1.119596471615545319e+01	1.741386144867925623e+01	2.133148990780396304e+01	1.173819137947225144e+01	2.255530945527835485e+01	2.065987442962911658e+01	3.684158305956751889e+01
2.059452242044213577e+01	2.326629033523965973e+01	3.546668035529234686e+01	4.303498171566175046e+01	3.304950545022521169e+01	3.814859300874348946e+01	3.269818164587779563e+01	2.016633297232357336e+01	2.962092288157244724e+01	2.733128961591404504e+01	2.586601684365723131e+01	3.296963277059140296e+01	0.000000000000000000e+00	1.295269112272185019e+01	2.262735086165830722e+01	1.609398669269826598e+01	1.328482536233380706e+01	2.441609567106023704e+01	2.802691889621554111e+01	2.820565051884279839e+01
1.581053765909756414e+01	1.404580665182228216e+01	1.383505662635949029e+01	1.361630200018781167e+01	1.811815293144759309e+01	2.490163252765689350e+01	2.087928665755874746e+01	9.431233708880174760e+00	1.528432019719853052e+01	1.317945034960241024e+01	1.078312686769670492e+01	1.119596471615545319e+01	1.295269112272185019e+01	0.000000000000000000e+00	1.078312686769670492e+01	9.431233708880174760e+00	1.108258510271517139e+01	1.453134350841894040e+01	3.061884410530004885e+01	9.431233708880174760e+00
1.911324044676755918e+01	2.589803524649277122e+01	2.831036792981624117e+01	1.833624995586131590e+01	1.842627336893290035e+01	2.776879886825739874e+01	2.303218410940817051e+01	9.479918914891429793e+00	2.434405426468028466e+01	3.431921246400817438e+01	1.112326570801754499e+01	1.741386144867925623e+01	2.262735086165830722e+01	1.078312686769670492e+01	0.000000000000000000e+00	1.717909762108981298e+01	1.833624995586131590e+01	3.696398951473717176e+01	2.881322919134657567e+01	1.598926928172481965e+01
1.454735270983670858e+01	1.915392105206993278e+01	2.429938035119970507e+01	1.628006531427645598e+01	1.306607073616213022e+01	2.168029095059164035e+01	1.536502380604532370e+01	1.432125108471410080e+01	2.414997104239320791e+01	2.172031395413605992e+01	1.267724668983003156e+01	2.133148990780396304e+01	1.609398669269826598e+01	9.431233708880174760e+00	1.717909762108981298e+01	0.000000000000000000e+00	8.451497793220021038e+00	1.525164419260504545e+01	2.998305502111560017e+01	1.803744932260080347e+01
2.719389620034710831e+01	1.343822797931850666e+01	2.089398065546060934e+01	1.197295520706169647e+01	1.728447263382121335e+01	2.505868179790973826e+01	2.117008269011037669e+01	8.451497793220021038e+00	1.525964879331392687e+01	1.948539768992393562e+01	7.512442482862240922e+00	1.173819137947225144e+01	1.328482536233380706e+01	1.108258510271517139e+01	1.833624995586131590e+01	8.451497793220021038e+00	0.000000000000000000e+00	2.065186982892023337e+01	1.806946772543633628e+01	1.109058970342405637e+01
3.177832189503963534e+01	2.491829933083261750e+01	3.151635790722168196e+01	3.791504872876619459e+01	1.755125486424618941e+01	3.714334277041743348e+01	3.565006888263992124e+01	1.697635219633590609e+01	2.446478087707149385e+01	2.571996122562346088e+01	1.796409271270493946e+01	2.255530945527835485e+01	2.441609567106023704e+01	1.453134350841894040e+01	3.696398951473717176e+01	1.525164419260504545e+01	2.065186982892023337e+01	0.000000000000000000e+00	3.076272361668413780e+01	2.032839779177511019e+01
2.465085949864968384e+01	2.943615946351016532e+01	3.661778291027635390e+01	2.715255799328678421e+01	2.968693249251737498e+01	4.016325412624468072e+01	2.807626170398475196e+01	1.531132305083537481e+01	4.171976985918522729e+01	3.275552905435588258e+01	2.209247119729243636e+01	2.065987442962911658e+01	2.802691889621554111e+01	3.061884410530004885e+01	2.881322919134657567e+01	2.998305502111560017e+01	1.806946772543633628e+01	3.076272361668413780e+01	0.000000000000000000e+00	2.070921723739832743e+01
1.864371279158866912e+01	2.265936926449384003e+01	2.340499895432250455e+01	2.373647559217650738e+01	2.029572178718162334e+01	3.345815867869825411e+01	2.466752630182540429e+01	3.101502114536723909e+01	2.480491971739233392e+01	2.507320246835656974e+01	1.700902820092939294e+01	3.684158305956751889e+01	2.820565051884279839e+01	9.431233708880174760e+00	1.598926928172481965e+01	1.803744932260080347e+01	1.109058970342405637e+01	2.032839779177511019e+01	2.070921723739832743e+01	0.000000000000000000e+00
