0.000000000000000000e+00	3.256136373907331460e+01	2.262216064731809695e+01	1.075676259186047901e+01	1.773875868980151438e+01	3.990559747300378035e+01	2.649588077518832563e+01	1.598998655109039824e+01	2.425225599925938980e+01	1.677523832917274760e+01	4.221560031958618708e+01	2.753508217860498064e+01	2.385627252852846425e+01	2.513602463509034024e+01	4.042410027816752915e+01	1.633972408533984577e+01	1.746153647330431014e+01	2.646289623053806395e+01	2.495827729620999236e+01	2.406081049234564162e+01
3.256136373907331460e+01	0.000000000000000000e+00	2.307085181551832775e+01	1.016941808167969974e+01	1.292787205003717332e+01	3.444713271894529782e+01	2.097897283847337491e+01	1.224820460182121806e+01	1.527061939484467956e+01	1.712497586342218980e+01	2.986820203738901824e+01	1.560718000472679812e+01	2.684918940610569038e+01	1.334366314105103335e+01	4.728995794492034577e+01	1.296748729060304406e+01	1.338327838161690586e+01	1.829966488378375189e+01	2.278708337056940536e+01	2.167190167852054827e+01
2.262216064731809695e+01	2.307085181551832775e+01	0.000000000000000000e+00	1.717776802835538774e+01	2.099214976284069678e+01	4.355160956196122157e+01	2.225261549278571493e+01	2.525530713299013286e+01	1.699958391327286122e+01	2.341404312131605536e+01	2.285313692733381785e+01	2.125611058750668647e+01	4.235392914767767536e+01	1.352839348458527802e+01	3.387120611624487765e+01	1.536957302879546461e+01	3.044536641331032811e+01	2.598776674613928606e+01	4.181533752499007761e+01	2.885180504436315374e+01
1.075676259186047901e+01	1.016941808167969974e+01	1.717776802835538774e+01	0.000000000000000000e+00	9.938441801663973507e+00	1.897278610354798900e+01	1.249235780620426972e+01	1.374619284023367527e+01	9.601881191781854952e+00	1.373301591586635162e+01	1.169384463629070048e+01	1.312586378540263610e+01	2.773662335231429665e+01	7.318556707823157481e+00	2.039249213445112474e+01	9.034344301884011941e+00	1.317210972188411766e+01	2.481316219324162020e+01	1.492742808904695018e+01	2.758232584188219150e+01
1.773875868980151438e+01	1.292787205003717332e+01	2.099214976284069678e+01	9.938441801663973507e+00	0.000000000000000000e+00	3.478458853955585539e+01	1.449191384521404835e+01	1.295431036623571863e+01	1.394418457559913982e+01	1.855044878408241260e+01	1.591075606995865677e+01	1.474269774551270729e+01	3.806592715300955376e+01	1.186539805545761972e+01	1.851083354351653654e+01	1.552159027867452146e+01	1.449191384521404835e+01	1.879460198846545893e+01	1.556093406824531655e+01	3.197334240626518564e+01
3.990559747300378035e+01	3.444713271894529782e+01	4.355160956196122157e+01	1.897278610354798900e+01	3.478458853955585539e+01	0.000000000000000000e+00	2.646952692645367122e+01	2.086021158423965360e+01	4.321026174051434765e+01	2.120331842257348853e+01	3.271906341124555695e+01	2.759797001033374997e+01	4.323821902717470067e+01	1.824687271885055395e+01	3.869129321207634575e+01	2.117688010637494500e+01	2.717806853038249315e+01	3.582062421793686724e+01	3.072596913322360024e+01	3.440841268910786965e+01
2.649588077518832563e+01	2.097897283847337491e+01	2.225261549278571493e+01	1.249235780620426972e+01	1.449191384521404835e+01	2.646952692645367122e+01	0.000000000000000000e+00	2.210750038981734633e+01	2.588226688373678286e+01	2.529015321059465649e+01	1.989006052769527244e+01	2.227233864560476206e+01	2.315008229665006922e+01	1.561372623317851449e+01	3.595927755991741748e+01	2.369789603372887044e+01	1.317865595033583226e+01	2.606691275980713485e+01	2.153324833653999804e+01	3.308197786986232813e+01
1.598998655109039824e+01	1.224820460182121806e+01	2.525530713299013286e+01	1.374619284023367527e+01	1.295431036623571863e+01	2.086021158423965360e+01	2.210750038981734633e+01	0.000000000000000000e+00	1.944800005541065246e+01	2.229886142926719828e+01	2.187652410980161832e+01	2.344711213343020972e+01	2.428524054390965148e+01	7.054595883157170455e+00	2.254301463365024816e+01	1.479548991044590345e+01	8.136877498019661203e+00	1.921702377539493156e+01	2.076117348282497943e+01	3.868579777331434144e+01
2.425225599925938980e+01	1.527061939484467956e+01	1.699958391327286122e+01	9.601881191781854952e+00	1.394418457559913982e+01	4.321026174051434765e+01	2.588226688373678286e+01	1.944800005541065246e+01	0.000000000000000000e+00	1.660368491000582836e+01	2.119677219412177394e+01	3.022457026755407128e+01	2.070183508944006334e+01	1.150248359684084853e+01	2.600757436642221876e+01	2.208427725182775347e+01	8.757206552850700376e+00	1.988351429924355784e+01	1.875498674789958642e+01	2.342730451314727347e+01
1.677523832917274760e+01	1.712497586342218980e+01	2.341404312131605536e+01	1.373301591586635162e+01	1.855044878408241260e+01	2.120331842257348853e+01	2.529015321059465649e+01	2.229886142926719828e+01	1.660368491000582836e+01	0.000000000000000000e+00	1.705237607820605916e+01	3.186236515370407929e+01	3.343257921027030477e+01	9.225705341333865661e+00	2.494510037184266693e+01	1.261111906043798925e+01	1.501328926609430425e+01	3.518711823873849909e+01	2.101187291565974391e+01	3.448101247432400385e+01
4.221560031958618708e+01	2.986820203738901824e+01	2.285313692733381785e+01	1.169384463629070048e+01	1.591075606995865677e+01	3.271906341124555695e+01	1.989006052769527244e+01	2.187652410980161832e+01	2.119677219412177394e+01	1.705237607820605916e+01	0.000000000000000000e+00	1.693361482397233786e+01	2.182364747740453126e+01	1.350203963585062716e+01	3.307318278542747692e+01	2.552605423253300287e+01	1.421477609618073501e+01	2.030585161870913780e+01	3.219743819769429649e+01	2.691167186620218388e+01
2.753508217860498064e+01	1.560718000472679812e+01	2.125611058750668647e+01	1.312586378540263610e+01	1.474269774551270729e+01	2.759797001033374997e+01	2.227233864560476206e+01	2.344711213343020972e+01	3.022457026755407128e+01	3.186236515370407929e+01	1.693361482397233786e+01	0.000000000000000000e+00	2.787510775936705798e+01	1.276949555523758129e+01	2.091954997762456614e+01	1.195780546095668662e+01	9.621688812064792984e+00	2.811092431384151169e+01	1.972505333698007490e+01	3.498097683699562310e+01
2.385627252852846425e+01	2.684918940610569038e+01	4.235392914767767536e+01	2.773662335231429665e+01	3.806592715300955376e+01	4.323821902717470067e+01	2.315008229665006922e+01	2.428524054390965148e+01	2.070183508944006334e+01	3.343257921027030477e+01	2.182364747740453126e+01	2.787510775936705798e+01	0.000000000000000000e+00	1.482847445509616513e+01	3.079202268998801983e+01	1.420151470434951513e+01	3.173581989779774659e+01	4.123492656628989295e+01	2.745277043990148158e+01	3.251444097996448335e+01
2.513602463509034024e+01	1.334366314105103335e+01	1.352839348458527802e+01	7.318556707823157481e+00	1.186539805545761972e+01	1.824687271885055395e+01	1.561372623317851449e+01	7.054595883157170455e+00	1.150248359684084853e+01	9.225705341333865661e+00	1.350203963585062716e+01	1.276949555523758129e+01	1.482847445509616513e+01	0.000000000000000000e+00	2.031023345864160845e+01	6.447443752693455821e+00	1.666018209224414903e+01	2.741474889101547063e+01	1.402333058926698861e+01	1.009681829646356732e+01
4.042410027816752915e+01	4.728995794492034577e+01	3.387120611624487765e+01	2.039249213445112474e+01	1.851083354351653654e+01	3.869129321207634575e+01	3.595927755991741748e+01	2.254301463365024816e+01	2.600757436642221876e+01	2.494510037184266693e+01	3.307318278542747692e+01	2.091954997762456614e+01	3.079202268998801983e+01	2.031023345864160845e+01	0.000000000000000000e+00	2.852847442174234516e+01	2.790163054302949774e+01	2.719544031115110627e+01	3.830194043726103104e+01	3.914006884774047279e+01
1.633972408533984577e+01	1.296748729060304406e+01	1.536957302879546461e+01	9.034344301884011941e+00	1.552159027867452146e+01	2.117688010637494500e+01	2.369789603372887044e+01	1.479548991044590345e+01	2.208427725182775347e+01	1.261111906043798925e+01	2.552605423253300287e+01	1.195780546095668662e+01	1.420151470434951513e+01	6.447443752693455821e+00	2.852847442174234516e+01	0.000000000000000000e+00	7.958693382937132910e+00	1.144306073599203977e+01	1.706555300257338459e+01	2.675329537140259006e+01
1.746153647330431014e+01	1.338327838161690586e+01	3.044536641331032811e+01	1.317210972188411766e+01	1.449191384521404835e+01	2.717806853038249315e+01	1.317865595033583226e+01	8.136877498019661203e+00	8.757206552850700376e+00	1.501328926609430425e+01	1.421477609618073501e+01	9.621688812064792984e+00	3.173581989779774659e+01	1.666018209224414903e+01	2.790163054302949774e+01	7.958693382937132910e+00	0.000000000000000000e+00	2.630460420320236636e+01	2.856812106687812758e+01	1.146949905219058685e+01
2.646289623053806395e+01	1.829966488378375189e+01	2.598776674613928606e+01	2.481316219324162020e+01	1.879460198846545893e+01	3.582062421793686724e+01	2.606691275980713485e+01	1.921702377539493156e+01	1.988351429924355784e+01	3.518711823873849909e+01	2.030585161870913780e+01	2.811092431384151169e+01	4.123492656628989295e+01	2.741474889101547063e+01	2.719544031115110627e+01	1.144306073599203977e+01	2.630460420320236636e+01	0.000000000000000000e+00	2.685116681109375492e+01	3.362970713947723311e+01
2.495827729620999236e+01	2.278708337056940536e+01	4.181533752499007761e+01	1.492742808904695018e+01	1.556093406824531655e+01	3.072596913322360024e+01	2.153324833653999804e+01	2.076117348282497943e+01	1.875498674789958642e+01	2.101187291565974391e+01	3.219743819769429649e+01	1.972505333698007490e+01	2.745277043990148158e+01	1.402333058926698861e+01	3.830194043726103104e+01	1.706555300257338459e+01	2.856812106687812758e+01	2.685116681109375492e+01	0.000000000000000000e+00	2.724422460321419237e+01
2.406081049234564162e+01	2.167190167852054827e+01	2.885180504436315374e+01	2.758232584188219150e+01	3.197334240626518564e+01	3.440841268910786965e+01	3.308197786986232813e+01	3.868579777331434144e+01	2.342730451314727347e+01	3.448101247432400385e+01	2.691167186620218388e+01	3.498097683699562310e+01	3.251444097996448335e+01	1.009681829646356732e+01	3.914006884774047279e+01	2.675329537140259006e+01	1.146949905219058685e+01	3.362970713947723311e+01	2.724422460321419237e+01	0.000000000000000000e+00
