0.000000000000000000e+00	1.906306148385117538e+01	4.111981415574018683e+01	2.761499451768042235e+01	3.098225952810893702e+01	1.900533512109811696e+01	2.004790292525242634e+01	2.469841206740531803e+01	2.491202580915112463e+01	3.747373702019678632e+01	3.134998445934150268e+01	2.195907345851704306e+01	3.089600886626289267e+01	1.856788980940361711e+01	3.302328989509352652e+01	2.491365291287127093e+01	2.157542457565141092e+01	2.097501800390062598e+01	2.502354860073305431e+01	2.984566485757543575e+01
1.906306148385117538e+01	0.000000000000000000e+00	2.322232888548069241e+01	1.489986414829747119e+01	2.388124780676937675e+01	1.774836758841316353e+01	2.059687102852885587e+01	2.294941680741215606e+01	1.555721109601647711e+01	1.774836758841316353e+01	2.037775537928918723e+01	1.555721109601647711e+01	1.829497773133507721e+01	1.916908236793924303e+01	2.125421797624786535e+01	1.610224926536871948e+01	2.656645726974690902e+01	2.200736797985204873e+01	2.015863973004951859e+01	2.218290502846573631e+01
4.111981415574018683e+01	2.322232888548069241e+01	0.000000000000000000e+00	3.648267708124968323e+01	3.602919755762116694e+01	1.993952408080984995e+01	3.094202909055862349e+01	3.084498280392340774e+01	2.590079718447656276e+01	2.420088243260324745e+01	3.110106041669071786e+01	2.464382965179160934e+01	2.300006928910167758e+01	2.540641149681384547e+01	3.110499035061490503e+01	2.233564846031913476e+01	3.521889898785021700e+01	2.666023508235944917e+01	2.994854179452415721e+01	2.907993906541385343e+01
2.761499451768042235e+01	1.489986414829747119e+01	3.648267708124968323e+01	0.000000000000000000e+00	2.612384276764042212e+01	1.621298607016581173e+01	1.939134196431826140e+01	2.146625974442399709e+01	1.708709070676997044e+01	1.949893482197600036e+01	2.611362493943753549e+01	1.807507609531057469e+01	1.851016344665056224e+01	1.544568830443454921e+01	2.409093161459099619e+01	1.533259353928294821e+01	1.681417862870143054e+01	1.642974375905096451e+01	3.085467399142824618e+01	2.173917182249253344e+01
3.098225952810893702e+01	2.388124780676937675e+01	3.602919755762116694e+01	2.612384276764042212e+01	0.000000000000000000e+00	1.922602274390746402e+01	3.934789045978327948e+01	2.748918914476795550e+01	2.677018590037170398e+01	2.437248954729274786e+01	2.923189651048242155e+01	2.311316405425328213e+01	2.179611219846075443e+01	2.480600492506306054e+01	2.569111337665494332e+01	1.966189608203228900e+01	2.437327553407758174e+01	2.480207499113887337e+01	2.376893902840260964e+01	2.820269048167034143e+01
1.900533512109811696e+01	1.774836758841316353e+01	1.993952408080984995e+01	1.621298607016581173e+01	1.922602274390746402e+01	0.000000000000000000e+00	1.917222631507859276e+01	2.124871606875400332e+01	1.856238790190975507e+01	1.566323198010454476e+01	2.929355280715966003e+01	2.222648362909171738e+01	2.277073581165912231e+01	1.752925193917349489e+01	1.950129278233051267e+01	1.341906504566382452e+01	1.818659888689250081e+01	1.681575060227110896e+01	2.086506718588837117e+01	2.196064543208671438e+01
2.004790292525242634e+01	2.059687102852885587e+01	3.094202909055862349e+01	1.939134196431826140e+01	3.934789045978327948e+01	1.917222631507859276e+01	0.000000000000000000e+00	3.334601333791627553e+01	2.004318700454340529e+01	2.015863973004951859e+01	2.710396828833264848e+01	1.604923882332468565e+01	1.741930112116124363e+01	3.191250428731410338e+01	2.897234620775611447e+01	1.747309754999011489e+01	2.283553605547571763e+01	2.009462547301776425e+01	1.917222631507859276e+01	2.562945707997770128e+01
2.469841206740531803e+01	2.294941680741215606e+01	3.084498280392340774e+01	2.146625974442399709e+01	2.748918914476795550e+01	2.124871606875400332e+01	3.334601333791627553e+01	0.000000000000000000e+00	1.851173542022023710e+01	2.053757269220612613e+01	2.918595994950192107e+01	2.354510745845391639e+01	2.206981026331413176e+01	2.797807292493681430e+01	3.868739956492492382e+01	2.036596557751662928e+01	3.268884604723106690e+01	1.960416971927923058e+01	2.327769728787923853e+01	2.808252183545520353e+01
2.491202580915112463e+01	1.555721109601647711e+01	2.590079718447656276e+01	1.708709070676997044e+01	2.677018590037170398e+01	1.856238790190975507e+01	2.004318700454340529e+01	1.851173542022023710e+01	0.000000000000000000e+00	2.074332656610355841e+01	3.867297819012868132e+01	2.612586801091305944e+01	2.523885884293185811e+01	1.780295000402687222e+01	2.245738908010394752e+01	1.893817691692701288e+01	1.664885940829063316e+01	1.796355330372864501e+01	1.971097659015213210e+01	2.277938166629233052e+01
3.747373702019678632e+01	1.774836758841316353e+01	2.420088243260324745e+01	1.949893482197600036e+01	2.437248954729274786e+01	1.566323198010454476e+01	2.015863973004951859e+01	2.053757269220612613e+01	2.074332656610355841e+01	0.000000000000000000e+00	2.190684900325784668e+01	2.686524780730237438e+01	2.318202905119752799e+01	1.659742093981627420e+01	2.037382544536500006e+01	2.711535597629048411e+01	1.976870295290519053e+01	1.851409338057474585e+01	2.130094052401319615e+01	2.070524987297143582e+01
3.134998445934150268e+01	2.037775537928918723e+01	3.110106041669071786e+01	2.611362493943753549e+01	2.923189651048242155e+01	2.929355280715966003e+01	2.710396828833264848e+01	2.918595994950192107e+01	3.867297819012868132e+01	2.190684900325784668e+01	0.000000000000000000e+00	2.660801062710025633e+01	3.202267358784505547e+01	2.261956435337539872e+01	3.203367740283277953e+01	2.091650565436273013e+01	2.251275748250249364e+01	2.299771132874716528e+01	3.032904673025043962e+01	4.005227840576711174e+01
2.195907345851704306e+01	1.555721109601647711e+01	2.464382965179160934e+01	1.807507609531057469e+01	2.311316405425328213e+01	2.222648362909171738e+01	1.604923882332468565e+01	2.354510745845391639e+01	2.612586801091305944e+01	2.686524780730237438e+01	2.660801062710025633e+01	0.000000000000000000e+00	3.180019550894733982e+01	1.796748323765283217e+01	1.944278043279262036e+01	2.008472609531437669e+01	2.053835867899096357e+01	1.522735864197971623e+01	2.382266606049863000e+01	2.316774646986698727e+01
3.089600886626289267e+01	1.829497773133507721e+01	2.300006928910167758e+01	1.851016344665056224e+01	2.179611219846075443e+01	2.277073581165912231e+01	1.741930112116124363e+01	2.206981026331413176e+01	2.523885884293185811e+01	2.318202905119752799e+01	3.202267358784505547e+01	3.180019550894733982e+01	0.000000000000000000e+00	1.851409338057474585e+01	1.971805047121566901e+01	1.927117331810312351e+01	1.862483018537183810e+01	1.873235364629672972e+01	3.270941652284030710e+01	2.568010956166722281e+01
1.856788980940361711e+01	1.916908236793924303e+01	2.540641149681384547e+01	1.544568830443454921e+01	2.480600492506306054e+01	1.752925193917349489e+01	3.191250428731410338e+01	2.797807292493681430e+01	1.780295000402687222e+01	1.659742093981627420e+01	2.261956435337539872e+01	1.796748323765283217e+01	1.851409338057474585e+01	0.000000000000000000e+00	2.666900546387598325e+01	1.801499177220300751e+01	2.244795723868589832e+01	2.904126633485083531e+01	1.676195417344223770e+01	2.337900225125827802e+01
3.302328989509352652e+01	2.125421797624786535e+01	3.110499035061490503e+01	2.409093161459099619e+01	2.569111337665494332e+01	1.950129278233051267e+01	2.897234620775611447e+01	3.868739956492492382e+01	2.245738908010394752e+01	2.037382544536500006e+01	3.203367740283277953e+01	1.944278043279262036e+01	1.971805047121566901e+01	2.666900546387598325e+01	0.000000000000000000e+00	2.064280758950935279e+01	2.431083325061550227e+01	1.916436644723021843e+01	2.486373128781611541e+01	3.555150754179397410e+01
2.491365291287127093e+01	1.610224926536871948e+01	2.233564846031913476e+01	1.533259353928294821e+01	1.966189608203228900e+01	1.341906504566382452e+01	1.747309754999011489e+01	2.036596557751662928e+01	1.893817691692701288e+01	2.711535597629048411e+01	2.091650565436273013e+01	2.008472609531437669e+01	1.927117331810312351e+01	1.801499177220300751e+01	2.064280758950935279e+01	0.000000000000000000e+00	2.118312983815256700e+01	1.484370975911408941e+01	2.096873010962192296e+01	1.774365166770413893e+01
2.157542457565141092e+01	2.656645726974690902e+01	3.521889898785021700e+01	1.681417862870143054e+01	2.437327553407758174e+01	1.818659888689250081e+01	2.283553605547571763e+01	3.268884604723106690e+01	1.664885940829063316e+01	1.976870295290519053e+01	2.251275748250249364e+01	2.053835867899096357e+01	1.862483018537183810e+01	2.244795723868589832e+01	2.431083325061550227e+01	2.118312983815256700e+01	0.000000000000000000e+00	2.392168246025601164e+01	2.228892591255380040e+01	2.190527702968817181e+01
2.097501800390062598e+01	2.200736797985204873e+01	2.666023508235944917e+01	1.642974375905096451e+01	2.480207499113887337e+01	1.681575060227110896e+01	2.009462547301776425e+01	1.960416971927923058e+01	1.796355330372864501e+01	1.851409338057474585e+01	2.299771132874716528e+01	1.522735864197971623e+01	1.873235364629672972e+01	2.904126633485083531e+01	1.916436644723021843e+01	1.484370975911408941e+01	2.392168246025601164e+01	0.000000000000000000e+00	1.971569251086115671e+01	3.562757094668508273e+01
2.502354860073305431e+01	2.015863973004951859e+01	2.994854179452415721e+01	3.085467399142824618e+01	2.376893902840260964e+01	2.086506718588837117e+01	1.917222631507859276e+01	2.327769728787923853e+01	1.971097659015213210e+01	2.130094052401319615e+01	3.032904673025043962e+01	2.382266606049863000e+01	3.270941652284030710e+01	1.676195417344223770e+01	2.486373128781611541e+01	2.096873010962192296e+01	2.228892591255380040e+01	1.971569251086115671e+01	0.000000000000000000e+00	2.239887673056605166e+01
2.984566485757543575e+01	2.218290502846573631e+01	2.907993906541385343e+01	2.173917182249253344e+01	2.820269048167034143e+01	2.196064543208671438e+01	2.562945707997770128e+01	2.808252183545520353e+01	2.277938166629233052e+01	2.070524987297143582e+01	4.005227840576711174e+01	2.316774646986698727e+01	2.568010956166722281e+01	2.337900225125827802e+01	3.555150754179397410e+01	1.774365166770413893e+01	2.190527702968817181e+01	3.562757094668508273e+01	2.239887673056605166e+01	0.000000000000000000e+00
