0.000000000000000000e+00	2.260112021909736058e+01	1.155918991709704535e+01	1.112219954321634496e+01	1.649265233261965946e+01	2.370895246129504486e+01	1.915146067290034182e+01	3.436544903427790132e+01	2.191880153149394417e+01	1.895815202205456984e+01	2.529354120139657525e+01	2.281653866503540229e+01	1.951432158881182488e+01	1.503628259566815828e+01	1.778765344241629975e+01	2.570305871650555929e+01	2.957689618841116186e+01	1.832785299732809392e+01	1.771884732172890509e+01	1.809481794885680728e+01
2.260112021909736058e+01	0.000000000000000000e+00	1.450386941469096236e+01	1.073558224152480278e+01	1.478727753535140721e+01	2.028223285491309724e+01	1.704349856209509184e+01	3.011761492624365033e+01	2.409396289869642871e+01	1.868539057595776143e+01	2.222064270065263258e+01	2.715526266120950183e+01	2.168576648302265397e+01	1.829877327426622102e+01	2.110051719320351893e+01	2.280103167120364915e+01	2.257818027928229654e+01	1.860593778070672499e+01	1.844170885292283302e+01	1.880456976883431963e+01
1.155918991709704535e+01	1.450386941469096236e+01	0.000000000000000000e+00	1.261050930385876256e+01	1.628091063327564569e+01	1.934476932374611380e+01	1.516857149976113384e+01	2.631738772938657434e+01	2.215715991724705347e+01	1.354797283502574246e+01	2.007341721023556858e+01	1.853713166001932677e+01	1.682111018818744341e+01	1.388954040180994731e+01	1.856088804579938412e+01	1.856088804579938412e+01	2.231074217046730368e+01	1.926577954650878155e+01	2.992194871918017185e+01	1.584392025939494175e+01
1.112219954321634496e+01	1.073558224152480278e+01	1.261050930385876256e+01	0.000000000000000000e+00	1.089448783202687387e+01	1.720772748987898382e+01	1.279849461742271366e+01	2.690263701920571293e+01	1.840730579257913391e+01	2.372712797314660804e+01	1.214976254419800128e+01	2.048618818032250388e+01	1.607695530786623195e+01	1.686083658581296163e+01	1.494085978857166452e+01	1.466809834247485433e+01	1.795188237020019528e+01	1.474755113772588899e+01	1.838354940679907301e+01	1.172341884488093910e+01
1.649265233261965946e+01	1.478727753535140721e+01	1.628091063327564569e+01	1.089448783202687387e+01	0.000000000000000000e+00	2.058939736135360121e+01	1.155386657981522625e+01	2.452191346230365454e+01	3.518203061697354883e+01	1.599217917533337641e+01	2.219156297759075258e+01	2.281653866503540229e+01	2.122501972336189269e+01	1.564528827126735244e+01	3.346982150943793499e+01	1.832785299732809392e+01	2.339114128029090267e+01	2.811680997846800523e+01	1.720772748987898382e+01	2.001479474609810438e+01
2.370895246129504486e+01	2.028223285491309724e+01	1.934476932374611380e+01	1.720772748987898382e+01	2.058939736135360121e+01	0.000000000000000000e+00	1.731626000819190025e+01	3.574485914989831770e+01	2.468081905280572386e+01	3.008311597459534426e+01	2.690437950119811461e+01	2.511120662542591120e+01	2.234514523081100634e+01	3.159880270270485880e+01	2.023185978272393371e+01	2.381216164232614574e+01	2.799368280359294658e+01	2.188439847115024506e+01	2.004919780644180705e+01	2.074830295185567408e+01
1.915146067290034182e+01	1.704349856209509184e+01	1.516857149976113384e+01	1.279849461742271366e+01	1.155386657981522625e+01	1.731626000819190025e+01	0.000000000000000000e+00	3.213147342032873155e+01	1.524802429501217027e+01	1.171809550759911822e+01	2.112427357898357627e+01	2.722741812817946538e+01	1.887869922680353341e+01	1.370155508824599444e+01	1.427615770350149127e+01	3.142241612737177547e+01	2.084339835864070523e+01	1.783270317732364063e+01	1.704882189937691095e+01	2.211743351962153170e+01
3.436544903427790132e+01	3.011761492624365033e+01	2.631738772938657434e+01	2.690263701920571293e+01	2.452191346230365454e+01	3.574485914989831770e+01	3.213147342032873155e+01	0.000000000000000000e+00	3.569980941499097327e+01	3.952882866099609060e+01	3.578990888480564792e+01	4.709432108504822878e+01	3.278953297774076248e+01	3.041413275812051964e+01	2.760174216461958352e+01	4.156417228681767284e+01	4.236526331419093339e+01	3.032935662558766765e+01	3.282393603808445448e+01	2.905564886491829668e+01
2.191880153149394417e+01	2.409396289869642871e+01	2.215715991724705347e+01	1.840730579257913391e+01	3.518203061697354883e+01	2.468081905280572386e+01	1.524802429501217027e+01	3.569980941499097327e+01	0.000000000000000000e+00	2.248808080946761834e+01	3.506771174336510910e+01	2.885701687679070560e+01	2.799368280359294658e+01	1.829344993698439836e+01	3.520446781237728828e+01	2.815258839409501590e+01	3.168784051878988350e+01	2.857893209341207807e+01	3.541493004774260100e+01	2.583534762059854017e+01
1.895815202205456984e+01	1.868539057595776143e+01	1.354797283502574246e+01	2.372712797314660804e+01	1.599217917533337641e+01	3.008311597459534426e+01	1.171809550759911822e+01	3.952882866099609060e+01	2.248808080946761834e+01	0.000000000000000000e+00	2.534358687327426907e+01	2.610032269276074146e+01	2.200357766402679971e+01	3.405507079925706648e+01	2.070857655423015586e+01	1.965725716746844043e+01	2.728925432089725334e+01	2.156658729014609932e+01	2.055499430100990210e+01	1.880456976883431963e+01
2.529354120139657525e+01	2.222064270065263258e+01	2.007341721023556858e+01	1.214976254419800128e+01	2.219156297759075258e+01	2.690437950119811461e+01	2.112427357898357627e+01	3.578990888480564792e+01	3.506771174336510910e+01	2.534358687327426907e+01	0.000000000000000000e+00	2.476559518533858295e+01	2.573213843956743929e+01	2.222596603793445169e+01	2.506211301721544871e+01	2.877921067222745677e+01	3.223336341098350033e+01	2.535616781243953710e+01	2.713567206767700313e+01	2.514688914974830425e+01
2.281653866503540229e+01	2.715526266120950183e+01	1.853713166001932677e+01	2.048618818032250388e+01	2.281653866503540229e+01	2.511120662542591120e+01	2.722741812817946538e+01	4.709432108504822878e+01	2.885701687679070560e+01	2.610032269276074146e+01	2.476559518533858295e+01	0.000000000000000000e+00	2.555479980056712463e+01	2.395263418432997682e+01	2.523166528228116334e+01	2.976540068489580548e+01	3.414269353366115922e+01	2.928868391338958688e+01	2.741908018833744620e+01	3.458537437153277239e+01
1.951432158881182488e+01	2.168576648302265397e+01	1.682111018818744341e+01	1.607695530786623195e+01	2.122501972336189269e+01	2.234514523081100634e+01	1.887869922680353341e+01	3.278953297774076248e+01	2.799368280359294658e+01	2.200357766402679971e+01	2.573213843956743929e+01	2.555479980056712463e+01	0.000000000000000000e+00	2.082243240982489141e+01	2.278213560469170673e+01	2.304957371350669248e+01	2.601554656022788947e+01	2.706154260970778580e+01	2.300984731588117427e+01	2.071922322879379408e+01
1.503628259566815828e+01	1.829877327426622102e+01	1.388954040180994731e+01	1.686083658581296163e+01	1.564528827126735244e+01	3.159880270270485880e+01	1.370155508824599444e+01	3.041413275812051964e+01	1.829344993698439836e+01	3.405507079925706648e+01	2.222596603793445169e+01	2.395263418432997682e+01	2.082243240982489141e+01	0.000000000000000000e+00	1.863501750376860500e+01	1.867474390139412321e+01	2.219156297759075258e+01	1.908265455221294360e+01	1.700377216446957362e+01	1.570098468073833153e+01
1.778765344241629975e+01	2.110051719320351893e+01	1.856088804579938412e+01	1.494085978857166452e+01	3.346982150943793499e+01	2.023185978272393371e+01	1.427615770350149127e+01	2.760174216461958352e+01	3.520446781237728828e+01	2.070857655423015586e+01	2.506211301721544871e+01	2.523166528228116334e+01	2.278213560469170673e+01	1.863501750376860500e+01	0.000000000000000000e+00	2.126474612098741090e+01	2.791955334562372570e+01	3.596949275020969594e+01	2.315278289453779337e+01	2.144740809726954467e+01
2.570305871650555929e+01	2.280103167120364915e+01	1.856088804579938412e+01	1.466809834247485433e+01	1.832785299732809392e+01	2.381216164232614574e+01	3.142241612737177547e+01	4.156417228681767284e+01	2.815258839409501590e+01	1.965725716746844043e+01	2.877921067222745677e+01	2.976540068489580548e+01	2.304957371350669248e+01	1.867474390139412321e+01	2.126474612098741090e+01	0.000000000000000000e+00	2.970438093814301084e+01	2.608967601819710680e+01	3.106964297670561947e+01	2.523166528228116334e+01
2.957689618841116186e+01	2.257818027928229654e+01	2.231074217046730368e+01	1.795188237020019528e+01	2.339114128029090267e+01	2.799368280359294658e+01	2.084339835864070523e+01	4.236526331419093339e+01	3.168784051878988350e+01	2.728925432089725334e+01	3.223336341098350033e+01	3.414269353366115922e+01	2.601554656022788947e+01	2.219156297759075258e+01	2.791955334562372570e+01	2.970438093814301084e+01	0.000000000000000000e+00	2.839094677984812520e+01	3.947891860682063481e+01	2.701116953751862582e+01
1.832785299732809392e+01	1.860593778070672499e+01	1.926577954650878155e+01	1.474755113772588899e+01	2.811680997846800523e+01	2.188439847115024506e+01	1.783270317732364063e+01	3.032935662558766765e+01	2.857893209341207807e+01	2.156658729014609932e+01	2.535616781243953710e+01	2.928868391338958688e+01	2.706154260970778580e+01	1.908265455221294360e+01	3.596949275020969594e+01	2.608967601819710680e+01	2.839094677984812520e+01	0.000000000000000000e+00	2.250405082131307566e+01	3.419635978722589442e+01
1.771884732172890509e+01	1.844170885292283302e+01	2.992194871918017185e+01	1.838354940679907301e+01	1.720772748987898382e+01	2.004919780644180705e+01	1.704882189937691095e+01	3.282393603808445448e+01	3.541493004774260100e+01	2.055499430100990210e+01	2.713567206767700313e+01	2.741908018833744620e+01	2.300984731588117427e+01	1.700377216446957362e+01	2.315278289453779337e+01	3.106964297670561947e+01	3.947891860682063481e+01	2.250405082131307566e+01	0.000000000000000000e+00	2.299085535806461777e+01
1.809481794885680728e+01	1.880456976883431963e+01	1.584392025939494175e+01	1.172341884488093910e+01	2.001479474609810438e+01	2.074830295185567408e+01	2.211743351962153170e+01	2.905564886491829668e+01	2.583534762059854017e+01	1.880456976883431963e+01	2.514688914974830425e+01	3.458537437153277239e+01	2.071922322879379408e+01	1.570098468073833153e+01	2.144740809726954467e+01	2.523166528228116334e+01	2.701116953751862582e+01	3.419635978722589442e+01	2.299085535806461777e+01	0.000000000000000000e+00
