0.000000000000000000e+00	1.998356466910893658e+01	2.239643379737298901e+01	1.746950439558818857e+01	2.349105214599637392e+01	2.720044968805265739e+01	2.001729505086116490e+01	2.747353085871872125e+01	1.671819387243900934e+01	2.511773353637943629e+01	2.414069929854433028e+01	2.451773750577076072e+01	2.119738618684470310e+01	1.960929235318618780e+01	1.956955796348205823e+01	1.683463115024770929e+01	2.282845252685555693e+01	2.347418695512025621e+01	1.738679749953172049e+01	2.251887508313358666e+01
1.998356466910893658e+01	0.000000000000000000e+00	2.290238952365644565e+01	1.700975929230529005e+01	3.038682393065885989e+01	2.522931363921581749e+01	1.858260699341179389e+01	2.540396955592886741e+01	1.659575258667841524e+01	2.319024460152998302e+01	2.415803671476497883e+01	2.356289785912862556e+01	2.511564225271079920e+01	2.525056377971971955e+01	2.415317953979265653e+01	1.552562249520715021e+01	2.427885894220146668e+01	1.826655331639339863e+01	2.475317557040133210e+01	1.972296373969120253e+01
2.239643379737298901e+01	2.290238952365644565e+01	0.000000000000000000e+00	1.933668340786465834e+01	3.674081832361702737e+01	2.609982733147738188e+01	2.208685635365101874e+01	2.284693677605578088e+01	2.783808882469682544e+01	1.939166393012079581e+01	2.572278912425094788e+01	3.747802954719377766e+01	2.129857733210139159e+01	2.139976847735808363e+01	2.249762494262968104e+01	1.734058687653116593e+01	2.283769465145566713e+01	1.832477195529774505e+01	2.639948804296419738e+01	3.038520487233475365e+01
1.746950439558818857e+01	1.700975929230529005e+01	1.933668340786465834e+01	0.000000000000000000e+00	2.490172417163815410e+01	1.839823672675410648e+01	1.356973257892231466e+01	2.208962224495470039e+01	2.286150830097274067e+01	1.922301202135964360e+01	1.935793354836856395e+01	2.246065644422923668e+01	1.780957410441417821e+01	1.871105228712428925e+01	1.655278008032607318e+01	1.332437778205659029e+01	2.009676383026942048e+01	1.704025155740930586e+01	2.430935120730548604e+01	1.898413345779034600e+01
2.349105214599637392e+01	3.038682393065885989e+01	3.674081832361702737e+01	2.490172417163815410e+01	0.000000000000000000e+00	2.846371994543719453e+01	1.870828639582060759e+01	2.830431016127615607e+01	2.570639615871936456e+01	2.835328667558039584e+01	2.863237185419834674e+01	3.619465598228490677e+01	2.384636798737436791e+01	2.852679575931386680e+01	2.596814392111667402e+01	1.586292631272945641e+01	3.162351464722264183e+01	2.285617890065589108e+01	2.239042978942109130e+01	2.398452763103150076e+01
2.720044968805265739e+01	2.522931363921581749e+01	2.609982733147738188e+01	1.839823672675410648e+01	2.846371994543719453e+01	0.000000000000000000e+00	3.444600553148578115e+01	3.647374116090286833e+01	2.501445110745411071e+01	2.415594543109633818e+01	3.014376279975229167e+01	2.870259850900649212e+01	2.400577777153540993e+01	2.829783392797972752e+01	3.075738590458886890e+01	1.941615218727291392e+01	3.371871104014419274e+01	2.758349190323098910e+01	2.512650343563501920e+01	2.661178706571273267e+01
2.001729505086116490e+01	1.858260699341179389e+01	2.208685635365101874e+01	1.356973257892231466e+01	1.870828639582060759e+01	3.444600553148578115e+01	0.000000000000000000e+00	2.497795483439819719e+01	2.609591460719412126e+01	1.982415488494789457e+01	2.527228614556815955e+01	2.717596143090054284e+01	2.613956172118151144e+01	2.137528022020596552e+01	2.058146941604897151e+01	2.307704544036949201e+01	2.225827415371585261e+01	2.109019103363611336e+01	1.967398722538696276e+01	3.121760323321630182e+01
2.747353085871872125e+01	2.540396955592886741e+01	2.284693677605578088e+01	2.208962224495470039e+01	2.830431016127615607e+01	3.647374116090286833e+01	2.497795483439819719e+01	0.000000000000000000e+00	2.092153912487496115e+01	2.770040140638422343e+01	3.200770369538054183e+01	2.637567439344712028e+01	2.458519826927522089e+01	2.800674073345798121e+01	2.321196696737841947e+01	2.055974705020053506e+01	2.728315658410912903e+01	2.463417478357946422e+01	2.371144646036544756e+01	2.630706679696308470e+01
1.671819387243900934e+01	1.659575258667841524e+01	2.783808882469682544e+01	2.286150830097274067e+01	2.570639615871936456e+01	2.501445110745411071e+01	2.609591460719412126e+01	2.092153912487496115e+01	0.000000000000000000e+00	1.786178873536663048e+01	2.206513398780258228e+01	2.407924254299176781e+01	2.196994685049778440e+01	1.902386784749447557e+01	1.785578472741473277e+01	1.697279079390484569e+01	2.302759670072072495e+01	2.356451691745273180e+01	2.203949889767088521e+01	2.439414938703059121e+01
2.511773353637943629e+01	2.319024460152998302e+01	1.939166393012079581e+01	1.922301202135964360e+01	2.835328667558039584e+01	2.415594543109633818e+01	1.982415488494789457e+01	2.770040140638422343e+01	1.786178873536663048e+01	0.000000000000000000e+00	2.309829558087340118e+01	2.764171054213533907e+01	2.325770536503444319e+01	2.854366095018998095e+01	2.268752699189473887e+01	1.281842205577313187e+01	2.565809425205017291e+01	2.318424059357808531e+01	1.994659617070849222e+01	2.189648207904143007e+01
2.414069929854433028e+01	2.415803671476497883e+01	2.572278912425094788e+01	1.935793354836856395e+01	2.863237185419834674e+01	3.014376279975229167e+01	2.527228614556815955e+01	3.200770369538054183e+01	2.206513398780258228e+01	2.309829558087340118e+01	0.000000000000000000e+00	3.383723960162151911e+01	2.629296749739065220e+01	2.201291935685013001e+01	2.604160869257303190e+01	2.634403529536352906e+01	2.672222033556953846e+01	2.860511770574254342e+01	2.207437611240269248e+01	2.425113256840113252e+01
2.451773750577076072e+01	2.356289785912862556e+01	3.747802954719377766e+01	2.246065644422923668e+01	3.619465598228490677e+01	2.870259850900649212e+01	2.717596143090054284e+01	2.637567439344712028e+01	2.407924254299176781e+01	2.764171054213533907e+01	3.383723960162151911e+01	0.000000000000000000e+00	2.374679590044178212e+01	2.507867375431035484e+01	2.394755913263105995e+01	1.659851847798209690e+01	2.586971866716366364e+01	2.198843109969801191e+01	2.316575634437786135e+01	2.581473814490752972e+01
2.119738618684470310e+01	2.511564225271079920e+01	2.129857733210139159e+01	1.780957410441417821e+01	2.384636798737436791e+01	2.400577777153540993e+01	2.613956172118151144e+01	2.458519826927522089e+01	2.196994685049778440e+01	2.325770536503444319e+01	2.629296749739065220e+01	2.374679590044178212e+01	0.000000000000000000e+00	2.287142503320789899e+01	2.618253422753384996e+01	1.799347214572733833e+01	2.240844181327678086e+01	2.414670330649622798e+01	2.088780874312272928e+01	2.144874499166231985e+01
1.960929235318618780e+01	2.525056377971971955e+01	2.139976847735808363e+01	1.871105228712428925e+01	2.852679575931386680e+01	2.829783392797972752e+01	2.137528022020596552e+01	2.800674073345798121e+01	1.902386784749447557e+01	2.854366095018998095e+01	2.201291935685013001e+01	2.507867375431035484e+01	2.287142503320789899e+01	0.000000000000000000e+00	2.309229157292150347e+01	1.480203834585829981e+01	2.682617737212990860e+01	1.963378061033830591e+01	1.952658545712971616e+01	2.309829558087340118e+01
1.956955796348205823e+01	2.415317953979265653e+01	2.249762494262968104e+01	1.655278008032607318e+01	2.596814392111667402e+01	3.075738590458886890e+01	2.058146941604897151e+01	2.321196696737841947e+01	1.785578472741473277e+01	2.268752699189473887e+01	2.604160869257303190e+01	2.394755913263105995e+01	2.618253422753384996e+01	2.309229157292150347e+01	0.000000000000000000e+00	1.760118780594889998e+01	2.609058520687726812e+01	2.044931378034373637e+01	2.788362484006233899e+01	2.244541031167722878e+01
1.683463115024770929e+01	1.552562249520715021e+01	1.734058687653116593e+01	1.332437778205659029e+01	1.586292631272945641e+01	1.941615218727291392e+01	2.307704544036949201e+01	2.055974705020053506e+01	1.697279079390484569e+01	1.281842205577313187e+01	2.634403529536352906e+01	1.659851847798209690e+01	1.799347214572733833e+01	1.480203834585829981e+01	1.760118780594889998e+01	0.000000000000000000e+00	1.786779274331852818e+01	1.960005022858607759e+01	1.747759968720872692e+01	2.253412121568559456e+01
2.282845252685555693e+01	2.427885894220146668e+01	2.283769465145566713e+01	2.009676383026942048e+01	3.162351464722264183e+01	3.371871104014419274e+01	2.225827415371585261e+01	2.728315658410912903e+01	2.302759670072072495e+01	2.565809425205017291e+01	2.672222033556953846e+01	2.586971866716366364e+01	2.240844181327678086e+01	2.682617737212990860e+01	2.609058520687726812e+01	1.786779274331852818e+01	0.000000000000000000e+00	2.277623789590310821e+01	2.214507499255536871e+01	2.783485070804861294e+01
2.347418695512025621e+01	1.826655331639339863e+01	1.832477195529774505e+01	1.704025155740930586e+01	2.285617890065589108e+01	2.758349190323098910e+01	2.109019103363611336e+01	2.463417478357946422e+01	2.356451691745273180e+01	2.318424059357808531e+01	2.860511770574254342e+01	2.198843109969801191e+01	2.414670330649622798e+01	1.963378061033830591e+01	2.044931378034373637e+01	1.960005022858607759e+01	2.277623789590310821e+01	0.000000000000000000e+00	1.774535145755793408e+01	2.196994685049778440e+01
1.738679749953172049e+01	2.475317557040133210e+01	2.639948804296419738e+01	2.430935120730548604e+01	2.239042978942109130e+01	2.512650343563501920e+01	1.967398722538696276e+01	2.371144646036544756e+01	2.203949889767088521e+01	1.994659617070849222e+01	2.207437611240269248e+01	2.316575634437786135e+01	2.088780874312272928e+01	1.952658545712971616e+01	2.788362484006233899e+01	1.747759968720872692e+01	2.214507499255536871e+01	1.774535145755793408e+01	0.000000000000000000e+00	1.981491276034778437e+01
2.251887508313358666e+01	1.972296373969120253e+01	3.038520487233475365e+01	1.898413345779034600e+01	2.398452763103150076e+01	2.661178706571273267e+01	3.121760323321630182e+01	2.630706679696308470e+01	2.439414938703059121e+01	2.189648207904143007e+01	2.425113256840113252e+01	2.581473814490752972e+01	2.144874499166231985e+01	2.309829558087340118e+01	2.244541031167722878e+01	2.253412121568559456e+01	2.783485070804861294e+01	2.196994685049778440e+01	1.981491276034778437e+01	0.000000000000000000e+00
