0.000000000000000000e+00	2.194196872714070423e+01	2.988528141618467515e+01	1.997125953036044876e+01	2.222984047662142260e+01	2.525660006908047706e+01	2.336233654443594787e+01	2.696544913609428207e+01	2.626100993005369588e+01	2.146637413438889297e+01	2.413039303790800361e+01	2.260332915270178233e+01	2.415161039263166742e+01	2.250149765695323367e+01	2.519377076355803169e+01	2.478890988792634786e+01	2.919243571046658303e+01	2.056342294898386669e+01	2.164748626480750815e+01	2.177934614492359344e+01
2.194196872714070423e+01	0.000000000000000000e+00	2.281000696920052917e+01	1.850346257769958669e+01	2.252590048502582576e+01	2.132440376107858171e+01	2.185304526915518508e+01	2.341482232825382681e+01	2.008026303417472391e+01	2.086900479806678987e+01	2.273862755076554265e+01	2.323302717225629621e+01	2.319760255059847864e+01	2.026791402588172275e+01	2.118582514005643702e+01	1.834404008153040522e+01	2.575466586369826416e+01	2.223479051651171901e+01	2.496509369870028294e+01	2.028668108152747962e+01
2.988528141618467515e+01	2.281000696920052917e+01	0.000000000000000000e+00	2.474082053763141786e+01	2.894143616395395213e+01	2.608950856648454675e+01	2.860289929797299990e+01	2.844599030866795886e+01	2.664851027358415791e+01	2.455041007599729497e+01	2.858397248044057548e+01	2.771723492541262601e+01	2.895351685379284490e+01	2.364010630954327041e+01	2.912359293299627439e+01	2.571250899218650687e+01	3.061575099712402448e+01	2.601719118683433152e+01	2.878628079008269935e+01	2.318209567704674257e+01
1.997125953036044876e+01	1.850346257769958669e+01	2.474082053763141786e+01	0.000000000000000000e+00	2.274484817343236642e+01	1.868687209767066548e+01	2.317587136452780783e+01	2.423728224422595190e+01	1.879658514564939864e+01	1.844611881374074969e+01	2.449862699677520084e+01	2.329862985679367071e+01	2.205290611574853443e+01	1.946964671590055573e+01	2.303440620371990022e+01	2.063483321686250349e+01	2.070157332054954580e+01	1.963002405278402307e+01	1.998718113708724431e+01	2.005369804097604458e+01
2.222984047662142260e+01	2.252590048502582576e+01	2.894143616395395213e+01	2.274484817343236642e+01	0.000000000000000000e+00	2.396167167865143455e+01	2.144007173096514052e+01	2.703103478219391320e+01	2.182335656448903549e+01	2.320649640101014910e+01	2.590179118334793174e+01	2.611642061088729250e+01	2.602500138045061817e+01	2.417756051682864538e+01	2.593270239317568837e+01	2.227515726910191063e+01	2.587138741388107732e+01	2.496451696011290622e+01	2.527227597229855505e+01	2.647020464579365751e+01
2.525660006908047706e+01	2.132440376107858171e+01	2.608950856648454675e+01	1.868687209767066548e+01	2.396167167865143455e+01	0.000000000000000000e+00	2.267692927909416767e+01	2.486932479683743935e+01	2.293426992491265182e+01	2.273718384320721952e+01	2.574255944486099779e+01	2.278634157921221259e+01	2.388395337702043264e+01	2.184563057501052796e+01	2.314757760507675144e+01	2.262821161851938712e+01	2.770799269189377156e+01	2.405123300540059716e+01	2.063997731252339563e+01	2.293573586543759646e+01
2.336233654443594787e+01	2.185304526915518508e+01	2.860289929797299990e+01	2.317587136452780783e+01	2.144007173096514052e+01	2.267692927909416767e+01	0.000000000000000000e+00	2.674238955328564415e+01	2.172608118235505259e+01	2.069839931776767017e+01	2.597645652589860887e+01	2.507747258489699149e+01	2.178197397196480267e+01	1.766199444706655441e+01	2.147815187882087429e+01	2.056603657339254454e+01	2.719190716500059679e+01	2.292901213929164328e+01	2.229287815447545995e+01	2.117341595675753041e+01
2.696544913609428207e+01	2.341482232825382681e+01	2.844599030866795886e+01	2.423728224422595190e+01	2.703103478219391320e+01	2.486932479683743935e+01	2.674238955328564415e+01	0.000000000000000000e+00	2.613138189252905619e+01	2.417629960949340173e+01	2.851304560065479876e+01	2.617808579133424729e+01	2.412358132752717310e+01	2.327156593226902004e+01	2.722624917214393392e+01	2.256457196320024394e+01	3.071850799952675715e+01	2.599542326294217887e+01	2.397893111664123822e+01	2.346632259197842174e+01
2.626100993005369588e+01	2.008026303417472391e+01	2.664851027358415791e+01	1.879658514564939864e+01	2.182335656448903549e+01	2.293426992491265182e+01	2.172608118235505259e+01	2.613138189252905619e+01	0.000000000000000000e+00	2.338978538867576162e+01	2.289367479631840396e+01	2.043024881196075881e+01	2.206130653848844503e+01	2.119290225177859099e+01	2.209673613684797289e+01	2.128071537323416607e+01	2.273980941269508804e+01	2.123424171034589492e+01	2.139751148909507350e+01	1.969665631372582126e+01
2.146637413438889297e+01	2.086900479806678987e+01	2.455041007599729497e+01	1.844611881374074969e+01	2.320649640101014910e+01	2.273718384320721952e+01	2.069839931776767017e+01	2.417629960949340173e+01	2.338978538867576162e+01	0.000000000000000000e+00	2.353169575815396186e+01	2.196078756954198496e+01	1.861963821646010331e+01	1.907274364863224037e+01	2.252776422569344206e+01	2.250091204649789134e+01	2.493343879154918596e+01	2.359897803157340590e+01	2.143606833045393500e+01	2.186399831003986449e+01
2.413039303790800361e+01	2.273862755076554265e+01	2.858397248044057548e+01	2.449862699677520084e+01	2.590179118334793174e+01	2.574255944486099779e+01	2.597645652589860887e+01	2.851304560065479876e+01	2.289367479631840396e+01	2.353169575815396186e+01	0.000000000000000000e+00	2.769361044149077955e+01	2.541606355037171028e+01	2.094368936547247273e+01	2.491392351125123028e+01	2.195976123125452517e+01	2.800443654672396931e+01	2.262308897388522766e+01	2.243772399135447060e+01	2.398791195023753176e+01
2.260332915270178233e+01	2.323302717225629621e+01	2.771723492541262601e+01	2.329862985679367071e+01	2.611642061088729250e+01	2.278634157921221259e+01	2.507747258489699149e+01	2.617808579133424729e+01	2.043024881196075881e+01	2.196078756954198496e+01	2.769361044149077955e+01	0.000000000000000000e+00	2.477199171703691860e+01	2.081246129006778744e+01	2.282411882422218241e+01	2.212614471834069363e+01	2.569313093909727641e+01	2.261499702378250731e+01	2.199960295907958141e+01	2.213294494172671634e+01
2.415161039263166742e+01	2.319760255059847864e+01	2.895351685379284490e+01	2.205290611574853443e+01	2.602500138045061817e+01	2.388395337702043264e+01	2.178197397196480267e+01	2.412358132752717310e+01	2.206130653848844503e+01	1.861963821646010331e+01	2.541606355037171028e+01	2.477199171703691860e+01	0.000000000000000000e+00	2.249874553970276025e+01	2.483400119097970915e+01	2.158749398812956599e+01	2.789632889395952375e+01	2.259529032060329357e+01	2.596364848301194428e+01	2.203520313954980026e+01
2.250149765695323367e+01	2.026791402588172275e+01	2.364010630954327041e+01	1.946964671590055573e+01	2.417756051682864538e+01	2.184563057501052796e+01	1.766199444706655441e+01	2.327156593226902004e+01	2.119290225177859099e+01	1.907274364863224037e+01	2.094368936547247273e+01	2.081246129006778744e+01	2.249874553970276025e+01	0.000000000000000000e+00	2.412039611842616793e+01	2.129012546753117974e+01	2.248940340110612013e+01	1.931252997527871429e+01	2.127714996694349736e+01	1.865396668008788694e+01
2.519377076355803169e+01	2.118582514005643702e+01	2.912359293299627439e+01	2.303440620371990022e+01	2.593270239317568837e+01	2.314757760507675144e+01	2.147815187882087429e+01	2.722624917214393392e+01	2.209673613684797289e+01	2.252776422569344206e+01	2.491392351125123028e+01	2.282411882422218241e+01	2.483400119097970915e+01	2.412039611842616793e+01	0.000000000000000000e+00	2.289133582219511709e+01	2.467094085667448056e+01	2.537988467325267550e+01	2.293543923853615496e+01	2.334905412699673732e+01
2.478890988792634786e+01	1.834404008153040522e+01	2.571250899218650687e+01	2.063483321686250349e+01	2.227515726910191063e+01	2.262821161851938712e+01	2.056603657339254454e+01	2.256457196320024394e+01	2.128071537323416607e+01	2.250091204649789134e+01	2.195976123125452517e+01	2.212614471834069363e+01	2.158749398812956599e+01	2.129012546753117974e+01	2.289133582219511709e+01	0.000000000000000000e+00	2.341502378358452319e+01	1.967195897738205801e+01	2.004464173416493011e+01	2.228286752603465004e+01
2.919243571046658303e+01	2.575466586369826416e+01	3.061575099712402448e+01	2.070157332054954580e+01	2.587138741388107732e+01	2.770799269189377156e+01	2.719190716500059679e+01	3.071850799952675715e+01	2.273980941269508804e+01	2.493343879154918596e+01	2.800443654672396931e+01	2.569313093909727641e+01	2.789632889395952375e+01	2.248940340110612013e+01	2.467094085667448056e+01	2.341502378358452319e+01	0.000000000000000000e+00	2.627169262024423091e+01	2.534981693672836656e+01	2.642954944367818726e+01
2.056342294898386669e+01	2.223479051651171901e+01	2.601719118683433152e+01	1.963002405278402307e+01	2.496451696011290622e+01	2.405123300540059716e+01	2.292901213929164328e+01	2.599542326294217887e+01	2.123424171034589492e+01	2.359897803157340590e+01	2.262308897388522766e+01	2.261499702378250731e+01	2.259529032060329357e+01	1.931252997527871429e+01	2.537988467325267550e+01	1.967195897738205801e+01	2.627169262024423091e+01	0.000000000000000000e+00	2.107831805234638978e+01	2.353608046912990659e+01
2.164748626480750815e+01	2.496509369870028294e+01	2.878628079008269935e+01	1.998718113708724431e+01	2.527227597229855505e+01	2.063997731252339563e+01	2.229287815447545995e+01	2.397893111664123822e+01	2.139751148909507350e+01	2.143606833045393500e+01	2.243772399135447060e+01	2.199960295907958141e+01	2.596364848301194428e+01	2.127714996694349736e+01	2.293543923853615496e+01	2.004464173416493011e+01	2.534981693672836656e+01	2.107831805234638978e+01	0.000000000000000000e+00	2.163212863409203734e+01
2.177934614492359344e+01	2.028668108152747962e+01	2.318209567704674257e+01	2.005369804097604458e+01	2.647020464579365751e+01	2.293573586543759646e+01	2.117341595675753041e+01	2.346632259197842174e+01	1.969665631372582126e+01	2.186399831003986449e+01	2.398791195023753176e+01	2.213294494172671634e+01	2.203520313954980026e+01	1.865396668008788694e+01	2.334905412699673732e+01	2.228286752603465004e+01	2.642954944367818726e+01	2.353608046912990659e+01	2.163212863409203734e+01	0.000000000000000000e+00
