0.000000000000000000e+00	2.415222257659328164e+01	2.534717711139241558e+01	2.106792252035262081e+01	2.072868741959900873e+01	2.513668582765537352e+01	1.799144600994177523e+01	2.217888872249235632e+01	2.231924653942830616e+01	2.156775101235702152e+01	2.426990970176701623e+01	2.118295930075017708e+01	2.443039642841109327e+01	1.959233131906974634e+01	2.762059973560366899e+01	1.910353696910939902e+01	2.021322904987496116e+01	2.338951633789629980e+01	2.320314507741433019e+01	2.338512082013140514e+01
2.415222257659328164e+01	0.000000000000000000e+00	2.483398745834451304e+01	2.472565046106134545e+01	2.149441022248697308e+01	2.335631140186287169e+01	2.204052443141426565e+01	2.321350988163872486e+01	2.428884594063988445e+01	2.475958135438412455e+01	2.423291426706990848e+01	2.323608318435758235e+01	2.391820826622291207e+01	2.315191240514103299e+01	2.607829494391018699e+01	2.009588916061942498e+01	2.036970419891067152e+01	2.637899963672023063e+01	2.307431529154850836e+01	2.470103229858415972e+01
2.534717711139241558e+01	2.483398745834451304e+01	0.000000000000000000e+00	2.544698087081640381e+01	2.544292350633372735e+01	2.880205206422557396e+01	2.593276226478249669e+01	2.596512034658564616e+01	2.467378454794139486e+01	2.451333477045532305e+01	2.658768818624048436e+01	2.635838031639999812e+01	2.886009522509635872e+01	2.249787083274113542e+01	3.106166295698607627e+01	2.356277074045539521e+01	2.345794529411452345e+01	2.834268273741722410e+01	2.749685160437204345e+01	2.568619631752622823e+01
2.106792252035262081e+01	2.472565046106134545e+01	2.544698087081640381e+01	0.000000000000000000e+00	2.025782513177112065e+01	2.304130529372520897e+01	2.176627559889617913e+01	2.280960893429162795e+01	2.445197066734807834e+01	2.456393801046462499e+01	2.389685834964569011e+01	2.398617936285891972e+01	2.376485201490284638e+01	2.072834795843628086e+01	2.765834429824537111e+01	2.058211992818274538e+01	2.139713096952616667e+01	2.292804498136539237e+01	2.510491852066266816e+01	2.569067002109839137e+01
2.072868741959900873e+01	2.149441022248697308e+01	2.544292350633372735e+01	2.025782513177112065e+01	0.000000000000000000e+00	2.223191026536624193e+01	2.273580363886445710e+01	2.339353687233282741e+01	2.366111035370595417e+01	2.094658116443530815e+01	2.250941279216230839e+01	2.160242650724119429e+01	2.288064115190354642e+01	2.096461384077055001e+01	2.563050041702631887e+01	1.825173029660692592e+01	2.262921030139096601e+01	2.358933347927623814e+01	2.388101108375060733e+01	2.362602857381321542e+01
2.513668582765537352e+01	2.335631140186287169e+01	2.880205206422557396e+01	2.304130529372520897e+01	2.223191026536624193e+01	0.000000000000000000e+00	2.184543606227694212e+01	2.211891643740677438e+01	2.410352856877910810e+01	2.242973958146660252e+01	2.616035424491574801e+01	2.362158623665634138e+01	2.728278446052592443e+01	2.180544221470320920e+01	2.717511663260569676e+01	2.020086412838379530e+01	2.221646285433291723e+01	2.644908180940327114e+01	2.388517033627414676e+01	2.349429843191089518e+01
1.799144600994177523e+01	2.204052443141426565e+01	2.593276226478249669e+01	2.176627559889617913e+01	2.273580363886445710e+01	2.184543606227694212e+01	0.000000000000000000e+00	2.061091793898423674e+01	2.128317536714286362e+01	2.373119546785859058e+01	2.269538158955688800e+01	2.241134661882453472e+01	2.285546391943077538e+01	1.984950831357932444e+01	2.570475083997476773e+01	1.987737654392471143e+01	2.059329594451038403e+01	2.204561596039174276e+01	2.442135490610091964e+01	2.205705802747998945e+01
2.217888872249235632e+01	2.321350988163872486e+01	2.596512034658564616e+01	2.280960893429162795e+01	2.339353687233282741e+01	2.211891643740677438e+01	2.061091793898423674e+01	0.000000000000000000e+00	2.399699988200098133e+01	2.379108941073154782e+01	2.586943295610807070e+01	2.309444464843500811e+01	2.386648433137210290e+01	1.922217058120689970e+01	2.579938912650507277e+01	1.921320826996028330e+01	2.353723314764259555e+01	2.300313329646333926e+01	2.470708653317355896e+01	2.432072345903965527e+01
2.231924653942830616e+01	2.428884594063988445e+01	2.467378454794139486e+01	2.445197066734807834e+01	2.366111035370595417e+01	2.410352856877910810e+01	2.128317536714286362e+01	2.399699988200098133e+01	0.000000000000000000e+00	2.320506613635162552e+01	2.344512774383410303e+01	2.412263834136136964e+01	2.492057460713872530e+01	2.185734624038978069e+01	2.745858626859811835e+01	2.050585928716785844e+01	2.229699500828569825e+01	2.409803924644892348e+01	2.364041671081308493e+01	2.561793613355682098e+01
2.156775101235702152e+01	2.475958135438412455e+01	2.451333477045532305e+01	2.456393801046462499e+01	2.094658116443530815e+01	2.242973958146660252e+01	2.373119546785859058e+01	2.379108941073154782e+01	2.320506613635162552e+01	0.000000000000000000e+00	2.266796531882419785e+01	2.224436942879427193e+01	2.445379950844822048e+01	2.121558280705968969e+01	2.724297062558073179e+01	2.080545858665404424e+01	1.725689994180636688e+01	2.508533322439487279e+01	2.442220042217699927e+01	2.371149530086907475e+01
2.426990970176701623e+01	2.423291426706990848e+01	2.658768818624048436e+01	2.389685834964569011e+01	2.250941279216230839e+01	2.616035424491574801e+01	2.269538158955688800e+01	2.586943295610807070e+01	2.344512774383410303e+01	2.266796531882419785e+01	0.000000000000000000e+00	2.592522436742382297e+01	2.554909378574529200e+01	2.349295169380032533e+01	2.820095309902868763e+01	2.169689149080599222e+01	2.096939250195188365e+01	2.616686192165821012e+01	2.550026443337567628e+01	2.686498128349527548e+01
2.118295930075017708e+01	2.323608318435758235e+01	2.635838031639999812e+01	2.398617936285891972e+01	2.160242650724119429e+01	2.362158623665634138e+01	2.241134661882453472e+01	2.309444464843500811e+01	2.412263834136136964e+01	2.224436942879427193e+01	2.592522436742382297e+01	0.000000000000000000e+00	2.547589652415972949e+01	2.098027804152133413e+01	2.605358866394285045e+01	1.956783904878932745e+01	2.005317302363980048e+01	2.621820686933773814e+01	2.549403468491348335e+01	2.569660195173867834e+01
2.443039642841109327e+01	2.391820826622291207e+01	2.886009522509635872e+01	2.376485201490284638e+01	2.288064115190354642e+01	2.728278446052592443e+01	2.285546391943077538e+01	2.386648433137210290e+01	2.492057460713872530e+01	2.445379950844822048e+01	2.554909378574529200e+01	2.547589652415972949e+01	0.000000000000000000e+00	2.104176869338699873e+01	2.612617638130748787e+01	2.029289115342779937e+01	2.445110102236341376e+01	2.854791846769314390e+01	2.667549628366766967e+01	2.438318861733732135e+01
1.959233131906974634e+01	2.315191240514103299e+01	2.249787083274113542e+01	2.072834795843628086e+01	2.096461384077055001e+01	2.180544221470320920e+01	1.984950831357932444e+01	1.922217058120689970e+01	2.185734624038978069e+01	2.121558280705968969e+01	2.349295169380032533e+01	2.098027804152133413e+01	2.104176869338699873e+01	0.000000000000000000e+00	2.462179603312378617e+01	1.907479874936406716e+01	1.893023580150498475e+01	2.100987464197948285e+01	1.860497892096467254e+01	2.471723971935867326e+01
2.762059973560366899e+01	2.607829494391018699e+01	3.106166295698607627e+01	2.765834429824537111e+01	2.563050041702631887e+01	2.717511663260569676e+01	2.570475083997476773e+01	2.579938912650507277e+01	2.745858626859811835e+01	2.724297062558073179e+01	2.820095309902868763e+01	2.605358866394285045e+01	2.612617638130748787e+01	2.462179603312378617e+01	0.000000000000000000e+00	2.328989295628119649e+01	2.510044813309469802e+01	2.848080095088164398e+01	2.548766678692572896e+01	2.768170932051258859e+01
1.910353696910939902e+01	2.009588916061942498e+01	2.356277074045539521e+01	2.058211992818274538e+01	1.825173029660692592e+01	2.020086412838379530e+01	1.987737654392471143e+01	1.921320826996028330e+01	2.050585928716785844e+01	2.080545858665404424e+01	2.169689149080599222e+01	1.956783904878932745e+01	2.029289115342779937e+01	1.907479874936406716e+01	2.328989295628119649e+01	0.000000000000000000e+00	1.869061513282954934e+01	2.176772526048353740e+01	2.003328546001650068e+01	1.835870320851743998e+01
2.021322904987496116e+01	2.036970419891067152e+01	2.345794529411452345e+01	2.139713096952616667e+01	2.262921030139096601e+01	2.221646285433291723e+01	2.059329594451038403e+01	2.353723314764259555e+01	2.229699500828569825e+01	1.725689994180636688e+01	2.096939250195188365e+01	2.005317302363980048e+01	2.445110102236341376e+01	1.893023580150498475e+01	2.510044813309469802e+01	1.869061513282954934e+01	0.000000000000000000e+00	2.031119729708560584e+01	2.200387571118325880e+01	2.304356478194544877e+01
2.338951633789629980e+01	2.637899963672023063e+01	2.834268273741722410e+01	2.292804498136539237e+01	2.358933347927623814e+01	2.644908180940327114e+01	2.204561596039174276e+01	2.300313329646333926e+01	2.409803924644892348e+01	2.508533322439487279e+01	2.616686192165821012e+01	2.621820686933773814e+01	2.854791846769314390e+01	2.100987464197948285e+01	2.848080095088164398e+01	2.176772526048353740e+01	2.031119729708560584e+01	0.000000000000000000e+00	2.784998597487681948e+01	2.491740927891004631e+01
2.320314507741433019e+01	2.307431529154850836e+01	2.749685160437204345e+01	2.510491852066266816e+01	2.388101108375060733e+01	2.388517033627414676e+01	2.442135490610091964e+01	2.470708653317355896e+01	2.364041671081308493e+01	2.442220042217699927e+01	2.550026443337567628e+01	2.549403468491348335e+01	2.667549628366766967e+01	1.860497892096467254e+01	2.548766678692572896e+01	2.003328546001650068e+01	2.200387571118325880e+01	2.784998597487681948e+01	0.000000000000000000e+00	2.771944960041309258e+01
2.338512082013140514e+01	2.470103229858415972e+01	2.568619631752622823e+01	2.569067002109839137e+01	2.362602857381321542e+01	2.349429843191089518e+01	2.205705802747998945e+01	2.432072345903965527e+01	2.561793613355682098e+01	2.371149530086907475e+01	2.686498128349527548e+01	2.569660195173867834e+01	2.438318861733732135e+01	2.471723971935867326e+01	2.768170932051258859e+01	1.835870320851743998e+01	2.304356478194544877e+01	2.491740927891004631e+01	2.771944960041309258e+01	0.000000000000000000e+00
