0.000000000000000000e+00	2.406151994561978569e+01	2.533926122750750309e+01	2.103806672419095491e+01	2.071641218227171066e+01	2.506067769289057168e+01	1.803408603888396655e+01	2.219434925055702479e+01	2.240130534976466947e+01	2.155250368100484692e+01	2.428234753299419069e+01	2.118246291288106775e+01	2.442414004106491632e+01	1.963745654482132608e+01	2.766632284269538644e+01	1.908572876639331639e+01	2.023187557536528303e+01	2.339958202315271407e+01	2.321292597580206163e+01	2.339370152269709635e+01
2.406151994561978569e+01	0.000000000000000000e+00	2.475032046935940144e+01	2.455315869476416779e+01	2.143091377549655263e+01	2.316800318717371709e+01	2.198432777366850388e+01	2.317092007581269186e+01	2.423911794925777130e+01	2.462295470917550588e+01	2.416946236307256513e+01	2.305807746958548421e+01	2.382653066718879487e+01	2.312747272414647526e+01	2.596707714274699086e+01	2.002124169153854183e+01	2.034204369038236138e+01	2.632424906792105190e+01	2.298627763220356712e+01	2.459781917335480728e+01
2.533926122750750309e+01	2.475032046935940144e+01	0.000000000000000000e+00	2.546298561279950690e+01	2.552410107597056665e+01	2.876543544991911361e+01	2.601486378645047992e+01	2.603340716940627786e+01	2.470642591722647197e+01	2.450127709824521460e+01	2.666834858611547787e+01	2.636800065384810310e+01	2.888878747944979963e+01	2.260490740843412993e+01	3.110963090124264596e+01	2.357392309551810783e+01	2.354925309524120891e+01	2.839172908580920662e+01	2.754086104534174240e+01	2.575452261695970790e+01
2.103806672419095491e+01	2.455315869476416779e+01	2.546298561279950690e+01	0.000000000000000000e+00	2.023429448260841212e+01	2.296184210966197625e+01	2.181594154491699911e+01	2.277316723248410923e+01	2.447761923306537923e+01	2.447449078460859795e+01	2.386026722603034855e+01	2.389758755984077609e+01	2.374785703473899545e+01	2.074515424373405281e+01	2.769584496215021474e+01	2.057640395408472500e+01	2.137504849092778514e+01	2.286623227974566319e+01	2.511715888518947537e+01	2.563116743138114728e+01
2.071641218227171066e+01	2.143091377549655263e+01	2.552410107597056665e+01	2.023429448260841212e+01	0.000000000000000000e+00	2.223717658184736123e+01	2.281496409105592704e+01	2.343969854810729103e+01	2.375989659682994315e+01	2.090080041509853004e+01	2.261950808117947531e+01	2.159983424660052265e+01	2.286933175102559801e+01	2.106268717660978140e+01	2.569563063173498207e+01	1.822527556933379600e+01	2.270191723947566231e+01	2.362059069397393074e+01	2.394148387772428066e+01	2.368060060901346020e+01
2.506067769289057168e+01	2.316800318717371709e+01	2.876543544991911361e+01	2.296184210966197625e+01	2.223717658184736123e+01	0.000000000000000000e+00	2.185591491791378260e+01	2.209440298505944611e+01	2.413827650579076689e+01	2.234062534816474610e+01	2.621326548179561300e+01	2.360865010175449186e+01	2.723877020876408039e+01	2.183830025049348578e+01	2.714845314413615895e+01	2.016266525068152760e+01	2.220157763169081377e+01	2.645349512537296732e+01	2.383183666202054241e+01	2.352727134391378527e+01
1.803408603888396655e+01	2.198432777366850388e+01	2.601486378645047992e+01	2.181594154491699911e+01	2.281496409105592704e+01	2.185591491791378260e+01	0.000000000000000000e+00	2.068327061976059866e+01	2.125944282183699130e+01	2.366025483008266050e+01	2.274167115416370777e+01	2.245172189581490585e+01	2.283507342855872935e+01	1.996555952460002814e+01	2.576998217642770683e+01	1.990544658735889882e+01	2.061969843789885815e+01	2.211927088209841941e+01	2.442090648239517847e+01	2.210694360858517982e+01
2.219434925055702479e+01	2.317092007581269186e+01	2.603340716940627786e+01	2.277316723248410923e+01	2.343969854810729103e+01	2.209440298505944611e+01	2.068327061976059866e+01	0.000000000000000000e+00	2.404005086055956752e+01	2.375302840118558834e+01	2.592936579470240233e+01	2.307194790585570132e+01	2.381369550810883240e+01	1.927523750078589160e+01	2.587160782585708318e+01	1.921278419105986401e+01	2.357960091244731515e+01	2.299506424501876012e+01	2.468236772641366272e+01	2.436400760873237203e+01
2.240130534976466947e+01	2.423911794925777130e+01	2.470642591722647197e+01	2.447761923306537923e+01	2.375989659682994315e+01	2.413827650579076689e+01	2.125944282183699130e+01	2.404005086055956752e+01	0.000000000000000000e+00	2.316911092050744614e+01	2.351610377108913852e+01	2.417639350032346712e+01	2.495139619350427651e+01	2.186904864798807324e+01	2.750833744231298539e+01	2.047359581716238353e+01	2.232007227117355797e+01	2.408235675156547373e+01	2.367013578097831328e+01	2.569339295732585526e+01
2.155250368100484692e+01	2.462295470917550588e+01	2.450127709824521460e+01	2.447449078460859795e+01	2.090080041509853004e+01	2.234062534816474610e+01	2.366025483008266050e+01	2.375302840118558834e+01	2.316911092050744614e+01	0.000000000000000000e+00	2.264959634330961080e+01	2.219764333822468672e+01	2.436751319381097503e+01	2.121570041567349207e+01	2.714333107476194584e+01	2.079570032448173222e+01	1.725030482534950593e+01	2.504725630176223916e+01	2.433598680672811199e+01	2.365237131448374441e+01
2.428234753299419069e+01	2.416946236307256513e+01	2.666834858611547787e+01	2.386026722603034855e+01	2.261950808117947531e+01	2.621326548179561300e+01	2.274167115416370777e+01	2.592936579470240233e+01	2.351610377108913852e+01	2.264959634330961080e+01	0.000000000000000000e+00	2.595502789196451587e+01	2.555041279391869580e+01	2.351934582067769952e+01	2.820031220449119047e+01	2.173789346486779550e+01	2.098386382263246119e+01	2.606097343217073004e+01	2.555615211268590770e+01	2.690127881090451467e+01
2.118246291288106775e+01	2.305807746958548421e+01	2.636800065384810310e+01	2.389758755984077609e+01	2.159983424660052265e+01	2.360865010175449186e+01	2.245172189581490585e+01	2.307194790585570132e+01	2.417639350032346712e+01	2.219764333822468672e+01	2.595502789196451587e+01	0.000000000000000000e+00	2.546962365657068972e+01	2.102786634042576708e+01	2.604245471046533922e+01	1.960073865129930581e+01	2.008104110608206128e+01	2.616275901363237111e+01	2.545937337958442015e+01	2.561940445205642192e+01
2.442414004106491632e+01	2.382653066718879487e+01	2.888878747944979963e+01	2.374785703473899545e+01	2.286933175102559801e+01	2.723877020876408039e+01	2.283507342855872935e+01	2.381369550810883240e+01	2.495139619350427651e+01	2.436751319381097503e+01	2.555041279391869580e+01	2.546962365657068972e+01	0.000000000000000000e+00	2.104659411959494619e+01	2.605657258331383730e+01	2.027313470686320684e+01	2.441722606864599499e+01	2.850609553187261014e+01	2.665753687139670447e+01	2.437882299334665248e+01
1.963745654482132608e+01	2.312747272414647526e+01	2.260490740843412993e+01	2.074515424373405281e+01	2.106268717660978140e+01	2.183830025049348578e+01	1.996555952460002814e+01	1.927523750078589160e+01	2.186904864798807324e+01	2.121570041567349207e+01	2.351934582067769952e+01	2.102786634042576708e+01	2.104659411959494619e+01	0.000000000000000000e+00	2.468484083648139205e+01	1.910176389648420781e+01	1.904098866589142958e+01	2.104682992076331516e+01	1.862176801391656511e+01	2.478092660031365213e+01
2.766632284269538644e+01	2.596707714274699086e+01	3.110963090124264596e+01	2.769584496215021474e+01	2.569563063173498207e+01	2.714845314413615895e+01	2.576998217642770683e+01	2.587160782585708318e+01	2.750833744231298539e+01	2.714333107476194584e+01	2.820031220449119047e+01	2.604245471046533922e+01	2.605657258331383730e+01	2.468484083648139205e+01	0.000000000000000000e+00	2.330085833724671218e+01	2.510825214851083231e+01	2.844585890931190875e+01	2.549625640203120014e+01	2.772023904361816804e+01
1.908572876639331639e+01	2.002124169153854183e+01	2.357392309551810783e+01	2.057640395408472500e+01	1.822527556933379600e+01	2.016266525068152760e+01	1.990544658735889882e+01	1.921278419105986401e+01	2.047359581716238353e+01	2.079570032448173222e+01	2.173789346486779550e+01	1.960073865129930581e+01	2.027313470686320684e+01	1.910176389648420781e+01	2.330085833724671218e+01	0.000000000000000000e+00	1.875022860567435501e+01	2.176575005790783379e+01	2.003874757248673077e+01	1.832652209709095104e+01
2.023187557536528303e+01	2.034204369038236138e+01	2.354925309524120891e+01	2.137504849092778514e+01	2.270191723947566231e+01	2.220157763169081377e+01	2.061969843789885815e+01	2.357960091244731515e+01	2.232007227117355797e+01	1.725030482534950593e+01	2.098386382263246119e+01	2.008104110608206128e+01	2.441722606864599499e+01	1.904098866589142958e+01	2.510825214851083231e+01	1.875022860567435501e+01	0.000000000000000000e+00	2.036159182621755903e+01	2.199444762220968030e+01	2.309435428581672767e+01
2.339958202315271407e+01	2.632424906792105190e+01	2.839172908580920662e+01	2.286623227974566319e+01	2.362059069397393074e+01	2.645349512537296732e+01	2.211927088209841941e+01	2.299506424501876012e+01	2.408235675156547373e+01	2.504725630176223916e+01	2.606097343217073004e+01	2.616275901363237111e+01	2.850609553187261014e+01	2.104682992076331516e+01	2.844585890931190875e+01	2.176575005790783379e+01	2.036159182621755903e+01	0.000000000000000000e+00	2.778096618748504554e+01	2.493650922409687709e+01
2.321292597580206163e+01	2.298627763220356712e+01	2.754086104534174240e+01	2.511715888518947537e+01	2.394148387772428066e+01	2.383183666202054241e+01	2.442090648239517847e+01	2.468236772641366272e+01	2.367013578097831328e+01	2.433598680672811199e+01	2.555615211268590770e+01	2.545937337958442015e+01	2.665753687139670447e+01	1.862176801391656511e+01	2.549625640203120014e+01	2.003874757248673077e+01	2.199444762220968030e+01	2.778096618748504554e+01	0.000000000000000000e+00	2.776191193711366623e+01
2.339370152269709635e+01	2.459781917335480728e+01	2.575452261695970790e+01	2.563116743138114728e+01	2.368060060901346020e+01	2.352727134391378527e+01	2.210694360858517982e+01	2.436400760873237203e+01	2.569339295732585526e+01	2.365237131448374441e+01	2.690127881090451467e+01	2.561940445205642192e+01	2.437882299334665248e+01	2.478092660031365213e+01	2.772023904361816804e+01	1.832652209709095104e+01	2.309435428581672767e+01	2.493650922409687709e+01	2.776191193711366623e+01	0.000000000000000000e+00
