0.000000000000000000e+00	2.175235103900504186e+01	2.533604515518346645e+01	2.079335988593437534e+01	2.026358976860363370e+01	2.406127421914630915e+01	2.155151809800422313e+01	2.309017762258327977e+01	2.259032966489276006e+01	1.782746142600135641e+01	2.153403588866413898e+01	2.141362800610209405e+01	2.104103313408420206e+01	1.872578547789982295e+01	2.226579687972179045e+01	2.235645903038939863e+01	2.456712246969312829e+01	2.048708187886154519e+01	2.504472934398032180e+01	2.409891874681494883e+01
2.175235103900504186e+01	0.000000000000000000e+00	2.625207226980573694e+01	1.999434293927602369e+01	2.105708378781137924e+01	2.484336334983154160e+01	2.353193169505638238e+01	2.256987573283991111e+01	2.297076591814688484e+01	1.976155108592498166e+01	2.382675116993203446e+01	2.113250952969318774e+01	2.142586649931180887e+01	1.922537817222654866e+01	2.632227828701853056e+01	2.132555554724251223e+01	2.450924682893769813e+01	2.437723079972861484e+01	2.543405373611944853e+01	1.944632424168162288e+01
2.533604515518346645e+01	2.625207226980573694e+01	0.000000000000000000e+00	2.809619898090168277e+01	2.463576807546140301e+01	3.134017533947621459e+01	2.369949268179273716e+01	2.655998884217706291e+01	2.608647677931444164e+01	2.435173686192099751e+01	2.474523623625939095e+01	2.556711625826914513e+01	2.633053588367684128e+01	2.014768411169945495e+01	2.618248772410380454e+01	2.609290295116932512e+01	2.554271942939713469e+01	2.473304411052054164e+01	2.778701682674260098e+01	2.678049854198278013e+01
2.079335988593437534e+01	1.999434293927602369e+01	2.809619898090168277e+01	0.000000000000000000e+00	1.984002503522183147e+01	2.684042761348334594e+01	2.539199005071574788e+01	2.322812921914135842e+01	2.374347489739824368e+01	2.290715223006590051e+01	2.347991649602623099e+01	2.228241923853170547e+01	2.330063232487567504e+01	1.815454229864898394e+01	2.530055280321311173e+01	2.358726671045691248e+01	2.435839324484219759e+01	2.202681773713643665e+01	2.743856536423587755e+01	2.460230845112004516e+01
2.026358976860363370e+01	2.105708378781137924e+01	2.463576807546140301e+01	1.984002503522183147e+01	0.000000000000000000e+00	2.806058262065057818e+01	2.526440353555942764e+01	2.233271003599950788e+01	2.368218934344713489e+01	1.882146778233818551e+01	1.959635345692638708e+01	2.067016021593340724e+01	2.245795344183123987e+01	1.878569086898297513e+01	2.203263612970856400e+01	2.201690850758604867e+01	2.561463613603269707e+01	2.220594060393935365e+01	2.498411069078160551e+01	2.062610768238815595e+01
2.406127421914630915e+01	2.484336334983154160e+01	3.134017533947621459e+01	2.684042761348334594e+01	2.806058262065057818e+01	0.000000000000000000e+00	2.666996369047165061e+01	2.806523575534188453e+01	2.734965163370356933e+01	2.627994161135523399e+01	2.429777651398453742e+01	2.563257285072480940e+01	2.771022749083429204e+01	2.186965159054712160e+01	2.833825582360005768e+01	2.623145281147067820e+01	2.955816887259329562e+01	2.228421839234867008e+01	2.981274829630236667e+01	2.519196878766723202e+01
2.155151809800422313e+01	2.353193169505638238e+01	2.369949268179273716e+01	2.539199005071574788e+01	2.526440353555942764e+01	2.666996369047165061e+01	0.000000000000000000e+00	2.387353752432104415e+01	2.263435209195004916e+01	2.543401206802900916e+01	2.132862100328488708e+01	2.281068249669170811e+01	2.426024537573939099e+01	2.226187721524961205e+01	2.332653199110216846e+01	2.456514712827704017e+01	2.314445796464520910e+01	2.430688232037896057e+01	2.317052205704324308e+01	2.341820555501862700e+01
2.309017762258327977e+01	2.256987573283991111e+01	2.655998884217706291e+01	2.322812921914135842e+01	2.233271003599950788e+01	2.806523575534188453e+01	2.387353752432104415e+01	0.000000000000000000e+00	2.256983261607645019e+01	2.168118423580248333e+01	2.034029766913949544e+01	2.258734217316251502e+01	2.171974988428898357e+01	2.079909002358502690e+01	2.540381300304660783e+01	2.564270658900691657e+01	2.359313581250895453e+01	2.118889190806414291e+01	2.386603695196859931e+01	2.315861676117688006e+01
2.259032966489276006e+01	2.297076591814688484e+01	2.608647677931444164e+01	2.374347489739824368e+01	2.368218934344713489e+01	2.734965163370356933e+01	2.263435209195004916e+01	2.256983261607645019e+01	0.000000000000000000e+00	1.953297430871112539e+01	2.357156617705690849e+01	2.234487307496687691e+01	2.592136323482468896e+01	1.897810752104968302e+01	2.286513620418696391e+01	2.377115213264986338e+01	2.542674259094240341e+01	2.500935370952620218e+01	2.640126579117586658e+01	2.461169024370604319e+01
1.782746142600135641e+01	1.976155108592498166e+01	2.435173686192099751e+01	2.290715223006590051e+01	1.882146778233818551e+01	2.627994161135523399e+01	2.543401206802900916e+01	2.168118423580248333e+01	1.953297430871112539e+01	0.000000000000000000e+00	2.216430665605119898e+01	2.242737871584376563e+01	2.047887135468708308e+01	1.815508892676811570e+01	2.228024669241799316e+01	2.272333210077047028e+01	2.178270319724724757e+01	2.058063781043227536e+01	2.562745373336650445e+01	1.982424315524584912e+01
2.153403588866413898e+01	2.382675116993203446e+01	2.474523623625939095e+01	2.347991649602623099e+01	1.959635345692638708e+01	2.429777651398453742e+01	2.132862100328488708e+01	2.034029766913949544e+01	2.357156617705690849e+01	2.216430665605119898e+01	0.000000000000000000e+00	2.014281360016232014e+01	2.240477096641196653e+01	1.862975969905297902e+01	2.532772953159766516e+01	2.327024056241769046e+01	2.600353638518714305e+01	2.094264528905986111e+01	2.471645137574548556e+01	2.474915616891134817e+01
2.141362800610209405e+01	2.113250952969318774e+01	2.556711625826914513e+01	2.228241923853170547e+01	2.067016021593340724e+01	2.563257285072480940e+01	2.281068249669170811e+01	2.258734217316251502e+01	2.234487307496687691e+01	2.242737871584376563e+01	2.014281360016232014e+01	0.000000000000000000e+00	2.368378617429528887e+01	2.105964114504529405e+01	2.389656252219468158e+01	2.253154960752836899e+01	2.303700479782882127e+01	2.120387986839642736e+01	2.781214835244344741e+01	2.232796540583727563e+01
2.104103313408420206e+01	2.142586649931180887e+01	2.633053588367684128e+01	2.330063232487567504e+01	2.245795344183123987e+01	2.771022749083429204e+01	2.426024537573939099e+01	2.171974988428898357e+01	2.592136323482468896e+01	2.047887135468708308e+01	2.240477096641196653e+01	2.368378617429528887e+01	0.000000000000000000e+00	1.853073444947326820e+01	2.444958826116700834e+01	2.419836858634511145e+01	2.360648264684629183e+01	2.080117702071256147e+01	2.645576425754514815e+01	2.442196695129031525e+01
1.872578547789982295e+01	1.922537817222654866e+01	2.014768411169945495e+01	1.815454229864898394e+01	1.878569086898297513e+01	2.186965159054712160e+01	2.226187721524961205e+01	2.079909002358502690e+01	1.897810752104968302e+01	1.815508892676811570e+01	1.862975969905297902e+01	2.105964114504529405e+01	1.853073444947326820e+01	0.000000000000000000e+00	2.181792477486762394e+01	2.191155006893640333e+01	2.088708671081221979e+01	1.919082132434895271e+01	2.222480545722357448e+01	2.223985877147126544e+01
2.226579687972179045e+01	2.632227828701853056e+01	2.618248772410380454e+01	2.530055280321311173e+01	2.203263612970856400e+01	2.833825582360005768e+01	2.332653199110216846e+01	2.540381300304660783e+01	2.286513620418696391e+01	2.228024669241799316e+01	2.532772953159766516e+01	2.389656252219468158e+01	2.444958826116700834e+01	2.181792477486762394e+01	0.000000000000000000e+00	2.606145110463334191e+01	2.592852631860169055e+01	2.538228235325793491e+01	2.937349527445928743e+01	2.638351873986535878e+01
2.235645903038939863e+01	2.132555554724251223e+01	2.609290295116932512e+01	2.358726671045691248e+01	2.201690850758604867e+01	2.623145281147067820e+01	2.456514712827704017e+01	2.564270658900691657e+01	2.377115213264986338e+01	2.272333210077047028e+01	2.327024056241769046e+01	2.253154960752836899e+01	2.419836858634511145e+01	2.191155006893640333e+01	2.606145110463334191e+01	0.000000000000000000e+00	2.651007593242285765e+01	2.326188158752879431e+01	2.788160999209366864e+01	2.447211020002918147e+01
2.456712246969312829e+01	2.450924682893769813e+01	2.554271942939713469e+01	2.435839324484219759e+01	2.561463613603269707e+01	2.955816887259329562e+01	2.314445796464520910e+01	2.359313581250895453e+01	2.542674259094240341e+01	2.178270319724724757e+01	2.600353638518714305e+01	2.303700479782882127e+01	2.360648264684629183e+01	2.088708671081221979e+01	2.592852631860169055e+01	2.651007593242285765e+01	0.000000000000000000e+00	2.309638642363485062e+01	2.720030188168030705e+01	2.599139012870075760e+01
2.048708187886154519e+01	2.437723079972861484e+01	2.473304411052054164e+01	2.202681773713643665e+01	2.220594060393935365e+01	2.228421839234867008e+01	2.430688232037896057e+01	2.118889190806414291e+01	2.500935370952620218e+01	2.058063781043227536e+01	2.094264528905986111e+01	2.120387986839642736e+01	2.080117702071256147e+01	1.919082132434895271e+01	2.538228235325793491e+01	2.326188158752879431e+01	2.309638642363485062e+01	0.000000000000000000e+00	2.649021324171498648e+01	2.322974987463816277e+01
2.504472934398032180e+01	2.543405373611944853e+01	2.778701682674260098e+01	2.743856536423587755e+01	2.498411069078160551e+01	2.981274829630236667e+01	2.317052205704324308e+01	2.386603695196859931e+01	2.640126579117586658e+01	2.562745373336650445e+01	2.471645137574548556e+01	2.781214835244344741e+01	2.645576425754514815e+01	2.222480545722357448e+01	2.937349527445928743e+01	2.788160999209366864e+01	2.720030188168030705e+01	2.649021324171498648e+01	0.000000000000000000e+00	2.760936757278422249e+01
2.409891874681494883e+01	1.944632424168162288e+01	2.678049854198278013e+01	2.460230845112004516e+01	2.062610768238815595e+01	2.519196878766723202e+01	2.341820555501862700e+01	2.315861676117688006e+01	2.461169024370604319e+01	1.982424315524584912e+01	2.474915616891134817e+01	2.232796540583727563e+01	2.442196695129031525e+01	2.223985877147126544e+01	2.638351873986535878e+01	2.447211020002918147e+01	2.599139012870075760e+01	2.322974987463816277e+01	2.760936757278422249e+01	0.000000000000000000e+00
