0.000000000000000000e+00	5.053908355795147855e+00	7.412398921832883403e+00	1.684636118598382692e+00	1.016869265004411993e+01	2.594339622641509280e+01	1.579821012686304549e+01	2.257412398921832875e+01	1.448787061994609182e+01	9.433962264150942190e+00	5.871454127268081180e+01	1.381401617250673830e+01	1.482479784366576681e+01	2.468006982048228082e+01	8.760107816711590445e+00	5.255160591931105074e+01	1.987870619946091466e+01	1.920485175202156114e+01	6.401617250673854009e+00	1.658899459469884974e+01
5.053908355795147855e+00	0.000000000000000000e+00	2.695417789757412308e+00	6.401617250673854009e+00	8.423180592991913684e+00	3.617778667142422933e+01	2.358490566037735547e+00	2.628032345013476956e+01	1.010781671159029615e+00	1.936397301689096295e+01	7.412398921832883403e+00	1.145552560646900275e+01	2.425876010781671255e+01	6.169083220421526903e+01	1.752021563342318089e+01	2.358490566037735547e+00	1.785714285714285765e+01	8.760107816711590445e+00	2.358490566037735547e+00	9.097035040431267205e+00
7.412398921832883403e+00	2.695417789757412308e+00	0.000000000000000000e+00	7.749326145552560163e+00	6.499922850295821775e+01	1.280323450134770802e+01	2.695417789757412308e+00	4.981399688508069090e+01	2.257412398921832875e+01	1.078167115902964923e+01	1.381401617250673830e+01	2.863881401617250688e+01	2.055256064690026818e+01	1.347708894878706154e+01	6.401617250673854009e+00	4.716981132075471095e+00	2.507305112614459119e+01	4.331413430799126019e+01	1.246630727762803126e+01	1.044474393530997247e+01
1.684636118598382692e+00	6.401617250673854009e+00	7.749326145552560163e+00	0.000000000000000000e+00	6.401617250673854009e+00	2.055256064690026818e+01	5.727762803234501376e+00	2.088948787061994494e+01	8.086253369272236924e+00	2.594339622641509280e+01	1.044474393530997247e+01	2.459568733153638576e+01	5.203687273674109548e+01	6.401617250673854009e+00	1.688855243045677312e+01	3.032345013477089068e+00	3.680944987439063709e+01	7.412398921832883403e+00	2.863881401617250688e+01	8.423180592991913684e+00
1.016869265004411993e+01	8.423180592991913684e+00	6.499922850295821775e+01	6.401617250673854009e+00	0.000000000000000000e+00	9.433962264150942190e+00	4.380053908355795222e+00	1.819407008086253441e+01	1.078167115902964923e+01	1.684636118598382737e+01	1.381401617250673830e+01	4.793287011365116257e+01	1.280323450134770802e+01	1.650943396226415061e+01	4.043126684636118462e+00	4.716981132075471095e+00	1.954177897574123790e+01	2.324797843665768227e+01	2.358490566037735547e+00	1.464699188481549008e+01
2.594339622641509280e+01	3.617778667142422933e+01	1.280323450134770802e+01	2.055256064690026818e+01	9.433962264150942190e+00	0.000000000000000000e+00	6.064690026954178137e+00	5.742288645974473837e+01	1.853099730458221117e+01	6.420844403512241172e+01	2.863881401617250688e+01	3.268194070080862446e+01	4.134862504761583324e+01	2.526954177897573928e+01	1.853099730458221117e+01	1.718328840970350413e+01	5.730595643934827166e+01	2.830188679245283012e+01	2.431963604627053499e+01	1.819407008086253441e+01
1.579821012686304549e+01	2.358490566037735547e+00	2.695417789757412308e+00	5.727762803234501376e+00	4.380053908355795222e+00	6.064690026954178137e+00	0.000000000000000000e+00	5.053908355795147855e+00	6.738544474393530770e+00	8.423180592991913684e+00	1.010781671159029571e+01	5.080609386225884805e+01	1.987870619946091466e+01	6.064690026954178137e+00	6.738544474393530770e+00	3.788110748400349337e+01	1.179245283018867951e+01	1.246630727762803126e+01	3.032345013477089068e+00	4.261677331005983405e+01
2.257412398921832875e+01	2.628032345013476956e+01	4.981399688508069090e+01	2.088948787061994494e+01	1.819407008086253441e+01	5.742288645974473837e+01	5.053908355795147855e+00	0.000000000000000000e+00	1.718328840970350413e+01	2.796495956873315336e+01	3.070256860296351320e+01	5.855542000781140644e+01	2.964959568733153361e+01	2.931266846361186040e+01	1.415094339622641506e+01	8.760107816711590445e+00	2.964959568733153361e+01	2.055256064690026818e+01	1.920485175202156114e+01	1.381401617250673830e+01
1.448787061994609182e+01	1.010781671159029615e+00	2.257412398921832875e+01	8.086253369272236924e+00	1.078167115902964923e+01	1.853099730458221117e+01	6.738544474393530770e+00	1.718328840970350413e+01	0.000000000000000000e+00	3.369272237196765385e+00	1.179245283018867951e+01	1.482479784366576681e+01	1.920485175202156114e+01	7.412398921832883403e+00	6.401617250673854009e+00	1.280323450134770802e+01	2.324797843665768227e+01	1.145552560646900275e+01	1.246630727762803126e+01	3.470832589963787740e+01
9.433962264150942190e+00	1.936397301689096295e+01	1.078167115902964923e+01	2.594339622641509280e+01	1.684636118598382737e+01	6.420844403512241172e+01	8.423180592991913684e+00	2.796495956873315336e+01	3.369272237196765385e+00	0.000000000000000000e+00	4.380053908355795222e+00	6.384801026091065523e+01	4.812936076648230710e+01	2.425876010781671255e+01	1.078167115902964923e+01	7.412398921832883403e+00	3.874663072776279904e+01	1.549865229110512033e+01	1.111859838274932599e+01	4.192423416863960739e+01
5.871454127268081180e+01	7.412398921832883403e+00	1.381401617250673830e+01	1.044474393530997247e+01	1.381401617250673830e+01	2.863881401617250688e+01	1.010781671159029571e+01	3.070256860296351320e+01	1.179245283018867951e+01	4.380053908355795222e+00	0.000000000000000000e+00	2.675768724474297500e+01	2.291105121293800551e+01	1.044474393530997247e+01	4.553218830314047239e+01	3.975741239892182932e+01	2.358490566037735903e+01	3.942048517520215256e+01	1.482479784366576681e+01	1.583557951482479709e+01
1.381401617250673830e+01	1.145552560646900275e+01	2.863881401617250688e+01	2.459568733153638576e+01	4.793287011365116257e+01	3.268194070080862446e+01	5.080609386225884805e+01	5.855542000781140644e+01	1.482479784366576681e+01	6.384801026091065523e+01	2.675768724474297500e+01	0.000000000000000000e+00	3.133423180592991741e+01	3.571910757079690768e+01	1.650943396226415061e+01	4.779243354276263034e+01	6.370757369002213011e+01	2.863881401617250688e+01	1.819407008086253441e+01	4.346361185983827369e+01
1.482479784366576681e+01	2.425876010781671255e+01	2.055256064690026818e+01	5.203687273674109548e+01	1.280323450134770802e+01	4.134862504761583324e+01	1.987870619946091466e+01	2.964959568733153361e+01	1.920485175202156114e+01	4.812936076648230710e+01	2.291105121293800551e+01	3.133423180592991741e+01	0.000000000000000000e+00	1.886792452830188438e+01	3.335579514824797798e+01	1.954177897574123790e+01	3.470350404312668502e+01	6.014181079999421087e+01	1.549865229110512033e+01	2.964959568733153361e+01
2.468006982048228082e+01	6.169083220421526903e+01	1.347708894878706154e+01	6.401617250673854009e+00	1.650943396226415061e+01	2.526954177897573928e+01	6.064690026954178137e+00	2.931266846361186040e+01	7.412398921832883403e+00	2.425876010781671255e+01	1.044474393530997247e+01	3.571910757079690768e+01	1.886792452830188438e+01	0.000000000000000000e+00	1.179245283018867951e+01	9.433962264150942190e+00	2.021563342318059142e+01	9.770889487870618950e+00	4.043126684636118462e+00	4.400667344941149395e+01
8.760107816711590445e+00	1.752021563342318089e+01	6.401617250673854009e+00	1.688855243045677312e+01	4.043126684636118462e+00	1.853099730458221117e+01	6.738544474393530770e+00	1.415094339622641506e+01	6.401617250673854009e+00	1.078167115902964923e+01	4.553218830314047239e+01	1.650943396226415061e+01	3.335579514824797798e+01	1.179245283018867951e+01	0.000000000000000000e+00	4.620604275057982591e+01	6.599132548013636779e+01	5.082477855623972118e+01	5.727762803234501376e+00	1.010781671159029571e+01
5.255160591931105074e+01	2.358490566037735547e+00	4.716981132075471095e+00	3.032345013477089068e+00	4.716981132075471095e+00	1.718328840970350413e+01	3.788110748400349337e+01	8.760107816711590445e+00	1.280323450134770802e+01	7.412398921832883403e+00	3.975741239892182932e+01	4.779243354276263034e+01	1.954177897574123790e+01	9.433962264150942190e+00	4.620604275057982591e+01	0.000000000000000000e+00	3.066037735849056389e+01	3.335579514824797798e+01	3.706199460916441701e+00	5.837761404896113504e+01
1.987870619946091466e+01	1.785714285714285765e+01	2.507305112614459119e+01	3.680944987439063709e+01	1.954177897574123790e+01	5.730595643934827166e+01	1.179245283018867951e+01	2.964959568733153361e+01	2.324797843665768227e+01	3.874663072776279904e+01	2.358490566037735903e+01	6.370757369002213011e+01	3.470350404312668502e+01	2.021563342318059142e+01	6.599132548013636779e+01	3.066037735849056389e+01	0.000000000000000000e+00	5.395536889613238429e+01	1.111859838274932599e+01	3.706199460916442234e+01
1.920485175202156114e+01	8.760107816711590445e+00	4.331413430799126019e+01	7.412398921832883403e+00	2.324797843665768227e+01	2.830188679245283012e+01	1.246630727762803126e+01	2.055256064690026818e+01	1.145552560646900275e+01	1.549865229110512033e+01	3.942048517520215256e+01	2.863881401617250688e+01	6.014181079999421087e+01	9.770889487870618950e+00	5.082477855623972118e+01	3.335579514824797798e+01	5.395536889613238429e+01	0.000000000000000000e+00	3.032345013477089068e+00	5.649648727753159250e+01
6.401617250673854009e+00	2.358490566037735547e+00	1.246630727762803126e+01	2.863881401617250688e+01	2.358490566037735547e+00	2.431963604627053499e+01	3.032345013477089068e+00	1.920485175202156114e+01	1.246630727762803126e+01	1.111859838274932599e+01	1.482479784366576681e+01	1.819407008086253441e+01	1.549865229110512033e+01	4.043126684636118462e+00	5.727762803234501376e+00	3.706199460916441701e+00	1.111859838274932599e+01	3.032345013477089068e+00	0.000000000000000000e+00	7.412398921832883403e+00
1.658899459469884974e+01	9.097035040431267205e+00	1.044474393530997247e+01	8.423180592991913684e+00	1.464699188481549008e+01	1.819407008086253441e+01	4.261677331005983405e+01	1.381401617250673830e+01	3.470832589963787740e+01	4.192423416863960739e+01	1.583557951482479709e+01	4.346361185983827369e+01	2.964959568733153361e+01	4.400667344941149395e+01	1.010781671159029571e+01	5.837761404896113504e+01	3.706199460916442234e+01	5.649648727753159250e+01	7.412398921832883403e+00	0.000000000000000000e+00
