0.000000000000000000e+00	2.333655770970435483e+01	2.526283753316123182e+01	2.305783731252985191e+01	2.097923628570413257e+01	2.285600467011347448e+01	2.315233691932504811e+01	2.299852505978697792e+01	2.069869975428072806e+01	2.143452369731174656e+01	2.236220936333984355e+01	2.017632503727787352e+01	2.331967082505575206e+01	1.871616006342246052e+01	2.186081594558453034e+01	2.349932741310065509e+01	2.540677039392668846e+01	2.500492739415280852e+01	2.219782661477070462e+01	2.436237602404927927e+01
2.333655770970435483e+01	0.000000000000000000e+00	2.733321981647356935e+01	2.535107341803742642e+01	2.256399404090374716e+01	2.454351719711860724e+01	2.740384928005178722e+01	2.300873839358478534e+01	2.211304858954217423e+01	2.206329263855608858e+01	2.650925638074792090e+01	2.627236581192824616e+01	2.696280821309977327e+01	2.321875887208355493e+01	2.326418675694614535e+01	2.375508323942973021e+01	2.636804075894735888e+01	2.341053801125522327e+01	2.576211130154424112e+01	2.290740303022882784e+01
2.526283753316123182e+01	2.733321981647356935e+01	0.000000000000000000e+00	2.567106837498645788e+01	2.412710299261604163e+01	2.614425898249677616e+01	2.265007739409604426e+01	2.657227606736288195e+01	2.609975227026477640e+01	2.370136714701125058e+01	2.525415619032305514e+01	2.521091587353787489e+01	2.767783475286308814e+01	2.267530147365183879e+01	2.308358077906079586e+01	2.741883728715531277e+01	2.601506389121645313e+01	2.423472584924799378e+01	2.324738391305465868e+01	2.555241455108717119e+01
2.305783731252985191e+01	2.535107341803742642e+01	2.567106837498645788e+01	0.000000000000000000e+00	1.996504717829655462e+01	2.334690539772105922e+01	2.264301529889012699e+01	2.307969577397986427e+01	2.320319128610052672e+01	2.158430392173943702e+01	2.224941882445374119e+01	2.185074912791905888e+01	2.418936482689435863e+01	1.899048250451486197e+01	2.533024733823000574e+01	2.302427137303470772e+01	2.311832823921380964e+01	2.297793823928068591e+01	2.254024663211785295e+01	2.303125477493286510e+01
2.097923628570413257e+01	2.256399404090374716e+01	2.412710299261604163e+01	1.996504717829655462e+01	0.000000000000000000e+00	2.458230946152675500e+01	2.287523820242470052e+01	2.533205965140265192e+01	1.959594819706723712e+01	2.269938768918137839e+01	2.037987800168444252e+01	2.143664265658237866e+01	2.453332120727908361e+01	1.728585743329414370e+01	2.256894643298457481e+01	2.083962896991604552e+01	2.321818678262760116e+01	2.519375030019239858e+01	2.275012918465499467e+01	2.080279169939766248e+01
2.285600467011347448e+01	2.454351719711860724e+01	2.614425898249677616e+01	2.334690539772105922e+01	2.458230946152675500e+01	0.000000000000000000e+00	2.425810208567564885e+01	2.199792312445143949e+01	2.435228775833583015e+01	2.394373478105189434e+01	2.594976447192116353e+01	2.671896180317195402e+01	2.733284344711785607e+01	1.813539336103403699e+01	2.697808531519133979e+01	2.602722303242445179e+01	2.470036594272518116e+01	2.495669947481982831e+01	2.643951159259609440e+01	2.417846588905635841e+01
2.315233691932504811e+01	2.740384928005178722e+01	2.265007739409604426e+01	2.264301529889012699e+01	2.287523820242470052e+01	2.425810208567564885e+01	0.000000000000000000e+00	2.305000976846366356e+01	2.218378587492027876e+01	2.350929830546929011e+01	2.205943128904014117e+01	2.176637879721025115e+01	2.215527083084039717e+01	2.029413321708880247e+01	2.280246936672461544e+01	2.228773947441487024e+01	2.303270876277159118e+01	2.102716576653695668e+01	2.369242868776345290e+01	2.195920155527879558e+01
2.299852505978697792e+01	2.300873839358478534e+01	2.657227606736288195e+01	2.307969577397986427e+01	2.533205965140265192e+01	2.199792312445143949e+01	2.305000976846366356e+01	0.000000000000000000e+00	2.309355761113942052e+01	2.294513315358996053e+01	2.435396238309346018e+01	2.373602887333575140e+01	2.512772566619958425e+01	2.325296226540933020e+01	2.525297706942808773e+01	2.590866125167662659e+01	2.414840655729984320e+01	2.462752632511567796e+01	2.445154629023716453e+01	2.332765555589446649e+01
2.069869975428072806e+01	2.211304858954217423e+01	2.609975227026477640e+01	2.320319128610052672e+01	1.959594819706723712e+01	2.435228775833583015e+01	2.218378587492027876e+01	2.309355761113942052e+01	0.000000000000000000e+00	2.182574270114248449e+01	2.278139648124887628e+01	2.290138213433152004e+01	2.399524868641082875e+01	2.041513297782574909e+01	2.138253881773438181e+01	2.482235181687958914e+01	2.435040936182862836e+01	2.309425597858055923e+01	2.334676964118314757e+01	2.140216069422296741e+01
2.143452369731174656e+01	2.206329263855608858e+01	2.370136714701125058e+01	2.158430392173943702e+01	2.269938768918137839e+01	2.394373478105189434e+01	2.350929830546929011e+01	2.294513315358996053e+01	2.182574270114248449e+01	0.000000000000000000e+00	2.146273142185130212e+01	2.385226231803357066e+01	2.219400268322984004e+01	1.711818542100009566e+01	2.353868257527365415e+01	2.451297122179370902e+01	2.248033912862915429e+01	2.621638956026018974e+01	2.502600593542419460e+01	2.262880445771257243e+01
2.236220936333984355e+01	2.650925638074792090e+01	2.525415619032305514e+01	2.224941882445374119e+01	2.037987800168444252e+01	2.594976447192116353e+01	2.205943128904014117e+01	2.435396238309346018e+01	2.278139648124887628e+01	2.146273142185130212e+01	0.000000000000000000e+00	2.405485661245996454e+01	2.596388161297496566e+01	1.937523278850384756e+01	2.326972730872010686e+01	2.181123682612678039e+01	2.709376631541075398e+01	2.313110801404629058e+01	2.522137950398521156e+01	2.202919850239419830e+01
2.017632503727787352e+01	2.627236581192824616e+01	2.521091587353787489e+01	2.185074912791905888e+01	2.143664265658237866e+01	2.671896180317195402e+01	2.176637879721025115e+01	2.373602887333575140e+01	2.290138213433152004e+01	2.385226231803357066e+01	2.405485661245996454e+01	0.000000000000000000e+00	2.412383138222780588e+01	2.105356132141547221e+01	2.576800244078798485e+01	2.405917001439573255e+01	2.219559757905252795e+01	2.451225076953522120e+01	2.509419823359691648e+01	2.298661804482873094e+01
2.331967082505575206e+01	2.696280821309977327e+01	2.767783475286308814e+01	2.418936482689435863e+01	2.453332120727908361e+01	2.733284344711785607e+01	2.215527083084039717e+01	2.512772566619958425e+01	2.399524868641082875e+01	2.219400268322984004e+01	2.596388161297496566e+01	2.412383138222780588e+01	0.000000000000000000e+00	2.295721987630076200e+01	2.485605503461919596e+01	2.728334683500038693e+01	2.627725661840297633e+01	2.466133982893357768e+01	2.446202641273598033e+01	2.395541817193173273e+01
1.871616006342246052e+01	2.321875887208355493e+01	2.267530147365183879e+01	1.899048250451486197e+01	1.728585743329414370e+01	1.813539336103403699e+01	2.029413321708880247e+01	2.325296226540933020e+01	2.041513297782574909e+01	1.711818542100009566e+01	1.937523278850384756e+01	2.105356132141547221e+01	2.295721987630076200e+01	0.000000000000000000e+00	2.295419950801136366e+01	2.028000949209871706e+01	2.000438218848043093e+01	2.075911475223275104e+01	2.115725587335742830e+01	2.034671666523730948e+01
2.186081594558453034e+01	2.326418675694614535e+01	2.308358077906079586e+01	2.533024733823000574e+01	2.256894643298457481e+01	2.697808531519133979e+01	2.280246936672461544e+01	2.525297706942808773e+01	2.138253881773438181e+01	2.353868257527365415e+01	2.326972730872010686e+01	2.576800244078798485e+01	2.485605503461919596e+01	2.295419950801136366e+01	0.000000000000000000e+00	2.557609994981842405e+01	2.357396743896646640e+01	2.488241334612699163e+01	2.353569160197317700e+01	2.549047181983922172e+01
2.349932741310065509e+01	2.375508323942973021e+01	2.741883728715531277e+01	2.302427137303470772e+01	2.083962896991604552e+01	2.602722303242445179e+01	2.228773947441487024e+01	2.590866125167662659e+01	2.482235181687958914e+01	2.451297122179370902e+01	2.181123682612678039e+01	2.405917001439573255e+01	2.728334683500038693e+01	2.028000949209871706e+01	2.557609994981842405e+01	0.000000000000000000e+00	2.200837427732710694e+01	2.629302686516941989e+01	2.722868099379067530e+01	2.452958527373387554e+01
2.540677039392668846e+01	2.636804075894735888e+01	2.601506389121645313e+01	2.311832823921380964e+01	2.321818678262760116e+01	2.470036594272518116e+01	2.303270876277159118e+01	2.414840655729984320e+01	2.435040936182862836e+01	2.248033912862915429e+01	2.709376631541075398e+01	2.219559757905252795e+01	2.627725661840297633e+01	2.000438218848043093e+01	2.357396743896646640e+01	2.200837427732710694e+01	0.000000000000000000e+00	2.365298590554039393e+01	2.430699376771458020e+01	2.481436467375423405e+01
2.500492739415280852e+01	2.341053801125522327e+01	2.423472584924799378e+01	2.297793823928068591e+01	2.519375030019239858e+01	2.495669947481982831e+01	2.102716576653695668e+01	2.462752632511567796e+01	2.309425597858055923e+01	2.621638956026018974e+01	2.313110801404629058e+01	2.451225076953522120e+01	2.466133982893357768e+01	2.075911475223275104e+01	2.488241334612699163e+01	2.629302686516941989e+01	2.365298590554039393e+01	0.000000000000000000e+00	2.619864214521980017e+01	2.062919750615486336e+01
2.219782661477070462e+01	2.576211130154424112e+01	2.324738391305465868e+01	2.254024663211785295e+01	2.275012918465499467e+01	2.643951159259609440e+01	2.369242868776345290e+01	2.445154629023716453e+01	2.334676964118314757e+01	2.502600593542419460e+01	2.522137950398521156e+01	2.509419823359691648e+01	2.446202641273598033e+01	2.115725587335742830e+01	2.353569160197317700e+01	2.722868099379067530e+01	2.430699376771458020e+01	2.619864214521980017e+01	0.000000000000000000e+00	2.257419626203715879e+01
2.436237602404927927e+01	2.290740303022882784e+01	2.555241455108717119e+01	2.303125477493286510e+01	2.080279169939766248e+01	2.417846588905635841e+01	2.195920155527879558e+01	2.332765555589446649e+01	2.140216069422296741e+01	2.262880445771257243e+01	2.202919850239419830e+01	2.298661804482873094e+01	2.395541817193173273e+01	2.034671666523730948e+01	2.549047181983922172e+01	2.452958527373387554e+01	2.481436467375423405e+01	2.062919750615486336e+01	2.257419626203715879e+01	0.000000000000000000e+00
