0.000000000000000000e+00	2.439126383575211676e+01	2.452831880391081754e+01	2.231297740982075695e+01	2.052123805655267219e+01	2.089700130712728665e+01	2.378714592352312351e+01	2.069243748890641399e+01	2.309266204769786768e+01	1.936937794959170134e+01	2.041048111174501756e+01	2.325410828322472767e+01	2.202059070899224125e+01	1.881068794976085456e+01	1.789814175093506421e+01	2.374954180251332403e+01	1.885866720418435349e+01	2.100729078409123929e+01	2.422898916435138972e+01	2.060399953439065612e+01
2.439126383575211676e+01	0.000000000000000000e+00	2.703778080151056074e+01	1.987287998853721405e+01	2.243997125532323977e+01	2.376298819045311816e+01	2.647302685039471726e+01	2.202154279405714021e+01	2.727435985988610057e+01	1.945948874757330316e+01	2.470032075417620732e+01	2.550413070231650892e+01	2.490068767002683714e+01	2.157344149602246119e+01	2.160020962916916076e+01	2.724087252922914715e+01	2.267214504256023844e+01	2.367260764593471833e+01	2.383958593855305352e+01	2.340324037721213557e+01
2.452831880391081754e+01	2.703778080151056074e+01	0.000000000000000000e+00	2.417465077405017126e+01	2.631551654006818453e+01	2.583457567560641266e+01	2.920214030582518916e+01	2.457956121094787605e+01	2.879544512144629920e+01	2.510165759015105280e+01	2.504512646374055151e+01	2.480235572410093425e+01	2.587768577518480839e+01	2.135552910801573745e+01	2.689639198827119060e+01	2.814333261035395140e+01	2.164194256558103646e+01	2.509425532959224370e+01	2.840265042486182878e+01	2.589088543844175305e+01
2.231297740982075695e+01	1.987287998853721405e+01	2.417465077405017126e+01	0.000000000000000000e+00	2.203761667758655918e+01	2.306837553405750896e+01	2.433171781424722013e+01	1.986148406375645337e+01	2.323979477300114027e+01	2.174430419931658065e+01	2.189269380024777334e+01	2.196452983510383561e+01	2.342684357922808758e+01	2.047772544331426658e+01	2.225770302043124005e+01	2.678773335469781713e+01	2.223580047021314599e+01	2.565551337610272142e+01	2.425586400613547511e+01	2.182251780071148417e+01
2.052123805655267219e+01	2.243997125532323977e+01	2.631551654006818453e+01	2.203761667758655918e+01	0.000000000000000000e+00	2.369612669164771290e+01	2.197596668225326511e+01	1.869853419175091247e+01	2.613448549255220499e+01	2.141468727412418005e+01	2.219086633951186727e+01	2.421163150848627765e+01	2.125237825242543366e+01	1.955920430775802998e+01	2.257129229495577150e+01	2.284035827376321492e+01	2.148739990109210396e+01	2.401336524263041383e+01	2.612025778121328656e+01	2.367854835358302878e+01
2.089700130712728665e+01	2.376298819045311816e+01	2.583457567560641266e+01	2.306837553405750896e+01	2.369612669164771290e+01	0.000000000000000000e+00	2.642746883850217543e+01	2.016121597819855182e+01	2.788928926467948699e+01	2.370388017830224925e+01	2.334921416955646123e+01	2.660804876519974371e+01	2.665430795474399872e+01	2.014354868029527879e+01	2.364460912173965923e+01	2.894112473187642109e+01	2.203854867318447930e+01	2.796814308486885992e+01	2.207388804441087871e+01	2.412289481288649284e+01
2.378714592352312351e+01	2.647302685039471726e+01	2.920214030582518916e+01	2.433171781424722013e+01	2.197596668225326511e+01	2.642746883850217543e+01	0.000000000000000000e+00	2.044653634406737908e+01	2.606237189106759189e+01	2.389085205861842809e+01	2.597206890984461936e+01	2.670060316111041132e+01	2.441637261085390875e+01	1.967363318522531301e+01	2.498661675570363272e+01	2.643444784548629656e+01	1.947226625336226746e+01	2.639538051686059461e+01	2.285139350314433315e+01	2.301919363769496485e+01
2.069243748890641399e+01	2.202154279405714021e+01	2.457956121094787605e+01	1.986148406375645337e+01	1.869853419175091247e+01	2.016121597819855182e+01	2.044653634406737908e+01	0.000000000000000000e+00	2.200205545585874134e+01	1.973993868145464958e+01	2.164493300386543240e+01	2.041802656216338008e+01	2.259084636602392848e+01	1.775625385495088082e+01	1.872150405191118239e+01	2.238432238157225029e+01	1.646489589237397055e+01	2.239248440393595629e+01	2.029098052727306722e+01	1.872173908996811775e+01
2.309266204769786768e+01	2.727435985988610057e+01	2.879544512144629920e+01	2.323979477300114027e+01	2.613448549255220499e+01	2.788928926467948699e+01	2.606237189106759189e+01	2.200205545585874134e+01	0.000000000000000000e+00	2.495597765503614696e+01	2.485658623038050408e+01	2.538415561522922914e+01	2.405936442384651031e+01	2.343873403406458777e+01	2.511929682391583896e+01	2.801468551150036035e+01	2.666435031211116780e+01	2.824269857489298730e+01	2.671749753642475511e+01	2.812101950026211128e+01
1.936937794959170134e+01	1.945948874757330316e+01	2.510165759015105280e+01	2.174430419931658065e+01	2.141468727412418005e+01	2.370388017830224925e+01	2.389085205861842809e+01	1.973993868145464958e+01	2.495597765503614696e+01	0.000000000000000000e+00	2.070101069558763029e+01	2.301732164898302457e+01	2.064914782832388696e+01	1.890102459048727468e+01	2.022511271452982839e+01	2.767547064539205692e+01	2.132574337841270307e+01	2.425108053510478001e+01	2.462949823967455032e+01	2.015437042827613823e+01
2.041048111174501756e+01	2.470032075417620732e+01	2.504512646374055151e+01	2.189269380024777334e+01	2.219086633951186727e+01	2.334921416955646123e+01	2.597206890984461936e+01	2.164493300386543240e+01	2.485658623038050408e+01	2.070101069558763029e+01	0.000000000000000000e+00	2.342734919429274498e+01	2.436478603104400875e+01	2.038767292052387958e+01	2.327982141123619186e+01	2.618776161250640300e+01	1.998971367222535989e+01	2.386681457755478419e+01	2.288555947592924156e+01	2.231660845957187433e+01
2.325410828322472767e+01	2.550413070231650892e+01	2.480235572410093425e+01	2.196452983510383561e+01	2.421163150848627765e+01	2.660804876519974371e+01	2.670060316111041132e+01	2.041802656216338008e+01	2.538415561522922914e+01	2.301732164898302457e+01	2.342734919429274498e+01	0.000000000000000000e+00	2.501636713265790490e+01	2.022108642360357322e+01	2.402570909663995380e+01	2.704825017155489419e+01	2.139741903319068683e+01	2.757944522290376099e+01	2.472014779471010471e+01	2.330583711488887388e+01
2.202059070899224125e+01	2.490068767002683714e+01	2.587768577518480839e+01	2.342684357922808758e+01	2.125237825242543366e+01	2.665430795474399872e+01	2.441637261085390875e+01	2.259084636602392848e+01	2.405936442384651031e+01	2.064914782832388696e+01	2.436478603104400875e+01	2.501636713265790490e+01	0.000000000000000000e+00	2.158621278446362268e+01	2.134807199091096663e+01	2.861198736302209511e+01	2.067400189413285716e+01	2.730697696839859745e+01	2.505141888708152109e+01	2.433698150929404491e+01
1.881068794976085456e+01	2.157344149602246119e+01	2.135552910801573745e+01	2.047772544331426658e+01	1.955920430775802998e+01	2.014354868029527879e+01	1.967363318522531301e+01	1.775625385495088082e+01	2.343873403406458777e+01	1.890102459048727468e+01	2.038767292052387958e+01	2.022108642360357322e+01	2.158621278446362268e+01	0.000000000000000000e+00	1.830480133603740356e+01	2.079494171031570104e+01	1.742357058797981040e+01	2.231423949566420362e+01	1.973230464972979803e+01	2.012554289663050255e+01
1.789814175093506421e+01	2.160020962916916076e+01	2.689639198827119060e+01	2.225770302043124005e+01	2.257129229495577150e+01	2.364460912173965923e+01	2.498661675570363272e+01	1.872150405191118239e+01	2.511929682391583896e+01	2.022511271452982839e+01	2.327982141123619186e+01	2.402570909663995380e+01	2.134807199091096663e+01	1.830480133603740356e+01	0.000000000000000000e+00	2.306732478697719557e+01	2.387608552438800658e+01	2.523110069616269158e+01	2.519904331948043108e+01	2.125763178062548775e+01
2.374954180251332403e+01	2.724087252922914715e+01	2.814333261035395140e+01	2.678773335469781713e+01	2.284035827376321492e+01	2.894112473187642109e+01	2.643444784548629656e+01	2.238432238157225029e+01	2.801468551150036035e+01	2.767547064539205692e+01	2.618776161250640300e+01	2.704825017155489419e+01	2.861198736302209511e+01	2.079494171031570104e+01	2.306732478697719557e+01	0.000000000000000000e+00	2.230631704988517328e+01	2.637269092821639660e+01	2.937059605193916312e+01	2.475302027571424901e+01
1.885866720418435349e+01	2.267214504256023844e+01	2.164194256558103646e+01	2.223580047021314599e+01	2.148739990109210396e+01	2.203854867318447930e+01	1.947226625336226746e+01	1.646489589237397055e+01	2.666435031211116780e+01	2.132574337841270307e+01	1.998971367222535989e+01	2.139741903319068683e+01	2.067400189413285716e+01	1.742357058797981040e+01	2.387608552438800658e+01	2.230631704988517328e+01	0.000000000000000000e+00	2.279727429724948706e+01	2.358020407164880439e+01	2.072364595351584882e+01
2.100729078409123929e+01	2.367260764593471833e+01	2.509425532959224370e+01	2.565551337610272142e+01	2.401336524263041383e+01	2.796814308486885992e+01	2.639538051686059461e+01	2.239248440393595629e+01	2.824269857489298730e+01	2.425108053510478001e+01	2.386681457755478419e+01	2.757944522290376099e+01	2.730697696839859745e+01	2.231423949566420362e+01	2.523110069616269158e+01	2.637269092821639660e+01	2.279727429724948706e+01	0.000000000000000000e+00	2.582431267017910059e+01	2.374193784758913139e+01
2.422898916435138972e+01	2.383958593855305352e+01	2.840265042486182878e+01	2.425586400613547511e+01	2.612025778121328656e+01	2.207388804441087871e+01	2.285139350314433315e+01	2.029098052727306722e+01	2.671749753642475511e+01	2.462949823967455032e+01	2.288555947592924156e+01	2.472014779471010471e+01	2.505141888708152109e+01	1.973230464972979803e+01	2.519904331948043108e+01	2.937059605193916312e+01	2.358020407164880439e+01	2.582431267017910059e+01	0.000000000000000000e+00	2.010068118170693197e+01
2.060399953439065612e+01	2.340324037721213557e+01	2.589088543844175305e+01	2.182251780071148417e+01	2.367854835358302878e+01	2.412289481288649284e+01	2.301919363769496485e+01	1.872173908996811775e+01	2.812101950026211128e+01	2.015437042827613823e+01	2.231660845957187433e+01	2.330583711488887388e+01	2.433698150929404491e+01	2.012554289663050255e+01	2.125763178062548775e+01	2.475302027571424901e+01	2.072364595351584882e+01	2.374193784758913139e+01	2.010068118170693197e+01	0.000000000000000000e+00
