0.000000000000000000e+00	2.182032452274690115e+01	2.427978552547821067e+01	2.384117547820786243e+01	2.390084981634790751e+01	2.380732052878972738e+01	2.292019946278800546e+01	2.363435957390942121e+01	2.058856192429544762e+01	2.064583000414895864e+01	2.398210270850264081e+01	2.309064840795450024e+01	2.233440822240282841e+01	2.264996769505105689e+01	2.495648786447269885e+01	1.847362335099852970e+01	2.245167955725577968e+01	1.969197286610888042e+01	2.868945568169027993e+01	2.466104801683612990e+01
2.182032452274690115e+01	0.000000000000000000e+00	2.810983243698130707e+01	2.193825369131866054e+01	2.689038392878055461e+01	2.674186753489306057e+01	2.756401105946976315e+01	2.740697647364071088e+01	2.100103034177852024e+01	1.838167919906054593e+01	2.717607308909045116e+01	2.394494757786675621e+01	2.551122237157983719e+01	2.187974942008646195e+01	2.639730907081959899e+01	2.499474198819899229e+01	2.303495211213311933e+01	2.268860845786611691e+01	2.471343077985169856e+01	2.424593057606007562e+01
2.427978552547821067e+01	2.810983243698130707e+01	0.000000000000000000e+00	2.494134638394596948e+01	2.652506624852171768e+01	2.820123148560075421e+01	2.517556681258650997e+01	3.144279639580998165e+01	2.378969331391754594e+01	1.991119507578811820e+01	2.810965055871379548e+01	2.992219971195514461e+01	2.198211536362509833e+01	2.351435973970457027e+01	2.649582086233572653e+01	2.360141857480460814e+01	2.592723057077753879e+01	2.262190533699015660e+01	2.817353740561368269e+01	2.833728007485162692e+01
2.384117547820786243e+01	2.193825369131866054e+01	2.494134638394596948e+01	0.000000000000000000e+00	2.492488256018759785e+01	2.696971832794978141e+01	2.301128286510321885e+01	2.390787192328978961e+01	2.156626061307132503e+01	1.912881326044917074e+01	2.180973276640468228e+01	2.518250276767544449e+01	2.087796641556833421e+01	2.331914236970866128e+01	2.320890649338566192e+01	2.474600157493249597e+01	2.266428137711741897e+01	2.374923800206391533e+01	2.606792171185990625e+01	2.675616135164310094e+01
2.390084981634790751e+01	2.689038392878055461e+01	2.652506624852171768e+01	2.492488256018759785e+01	0.000000000000000000e+00	2.797449254317546874e+01	2.258359349103449887e+01	2.541272512661522498e+01	2.297304815624214669e+01	1.845475326895362755e+01	2.183703778730576062e+01	2.250314836995802636e+01	2.348812528227031038e+01	2.083908288774682660e+01	2.289699614619668466e+01	2.309677659196517041e+01	2.437412258411465515e+01	2.061264624003769441e+01	2.781984137051616557e+01	2.485932947883737398e+01
2.380732052878972738e+01	2.674186753489306057e+01	2.820123148560075421e+01	2.696971832794978141e+01	2.797449254317546874e+01	0.000000000000000000e+00	2.641334474001954291e+01	2.687116713778226540e+01	2.381924130415762519e+01	2.051548785440236600e+01	2.739857109313231120e+01	2.366175074666345068e+01	2.965027241716207485e+01	2.615528306998113806e+01	2.844454468681627546e+01	2.190614049067422187e+01	2.493488928307590058e+01	2.337110338821783984e+01	2.782526036503476163e+01	2.529885347642104421e+01
2.292019946278800546e+01	2.756401105946976315e+01	2.517556681258650997e+01	2.301128286510321885e+01	2.258359349103449887e+01	2.641334474001954291e+01	0.000000000000000000e+00	2.550419042433434669e+01	2.018140056815670391e+01	1.793636261011964450e+01	2.193338172606878800e+01	2.600718114708273987e+01	2.093614844573516720e+01	2.146306019527827758e+01	2.837227175580336436e+01	2.210930726951340475e+01	2.152464191010388461e+01	2.117125612151289360e+01	2.587385438138973370e+01	2.198451494611759571e+01
2.363435957390942121e+01	2.740697647364071088e+01	3.144279639580998165e+01	2.390787192328978961e+01	2.541272512661522498e+01	2.687116713778226540e+01	2.550419042433434669e+01	0.000000000000000000e+00	2.061024665754520058e+01	1.923382822728079233e+01	2.439796413485045079e+01	2.734825899574984120e+01	2.442659817477720807e+01	2.217212517571769936e+01	2.688515190298922519e+01	2.492172564053527495e+01	2.445112519162940146e+01	2.082061218386187562e+01	2.685153971857754129e+01	2.463025715942332639e+01
2.058856192429544762e+01	2.100103034177852024e+01	2.378969331391754594e+01	2.156626061307132503e+01	2.297304815624214669e+01	2.381924130415762519e+01	2.018140056815670391e+01	2.061024665754520058e+01	0.000000000000000000e+00	2.115437055324813542e+01	2.494365981458551573e+01	2.193046757142291980e+01	2.284586925516702394e+01	2.285827590732271020e+01	2.657817437035210517e+01	2.044367633228922543e+01	2.198442879426464458e+01	1.772433914791789533e+01	2.455105490551958169e+01	2.248817017837883014e+01
2.064583000414895864e+01	1.838167919906054593e+01	1.991119507578811820e+01	1.912881326044917074e+01	1.845475326895362755e+01	2.051548785440236600e+01	1.793636261011964450e+01	1.923382822728079233e+01	2.115437055324813542e+01	0.000000000000000000e+00	2.019596369102354672e+01	1.796499665004640178e+01	1.815558481979888583e+01	1.937699842691456809e+01	1.891587584793409604e+01	1.927007608339738809e+01	1.845773120910600795e+01	2.083568987888209278e+01	1.864236349855372765e+01	2.112275857316899774e+01
2.398210270850264081e+01	2.717607308909045116e+01	2.810965055871379548e+01	2.180973276640468228e+01	2.183703778730576062e+01	2.739857109313231120e+01	2.193338172606878800e+01	2.439796413485045079e+01	2.494365981458551573e+01	2.019596369102354672e+01	0.000000000000000000e+00	2.462264334323348791e+01	2.692919518782117905e+01	2.264028321322812332e+01	2.490908324594206391e+01	2.046649810025153826e+01	2.348424674339267781e+01	2.062398865774570567e+01	2.487025015203899869e+01	2.331549324424940650e+01
2.309064840795450024e+01	2.394494757786675621e+01	2.992219971195514461e+01	2.518250276767544449e+01	2.250314836995802636e+01	2.366175074666345068e+01	2.600718114708273987e+01	2.734825899574984120e+01	2.193046757142291980e+01	1.796499665004640178e+01	2.462264334323348791e+01	0.000000000000000000e+00	2.142490496247612342e+01	2.142101974780445062e+01	2.674098160118917633e+01	2.209954331163155317e+01	2.180228223916237340e+01	1.867406163048581647e+01	2.531341659928788701e+01	2.724659864938591625e+01
2.233440822240282841e+01	2.551122237157983719e+01	2.198211536362509833e+01	2.087796641556833421e+01	2.348812528227031038e+01	2.965027241716207485e+01	2.093614844573516720e+01	2.442659817477720807e+01	2.284586925516702394e+01	1.815558481979888583e+01	2.692919518782117905e+01	2.142490496247612342e+01	0.000000000000000000e+00	2.160466528667396702e+01	2.776072073743887714e+01	2.084229691711162502e+01	2.315462302947856799e+01	1.967757303218956721e+01	2.664042353089507742e+01	2.205965300584973576e+01
2.264996769505105689e+01	2.187974942008646195e+01	2.351435973970457027e+01	2.331914236970866128e+01	2.083908288774682660e+01	2.615528306998113806e+01	2.146306019527827758e+01	2.217212517571769936e+01	2.285827590732271020e+01	1.937699842691456809e+01	2.264028321322812332e+01	2.142101974780445062e+01	2.160466528667396702e+01	0.000000000000000000e+00	2.474886418909599328e+01	1.840510568108399525e+01	2.195281681418550335e+01	2.056059239388153159e+01	2.510967146278881401e+01	2.530284452355287783e+01
2.495648786447269885e+01	2.639730907081959899e+01	2.649582086233572653e+01	2.320890649338566192e+01	2.289699614619668466e+01	2.844454468681627546e+01	2.837227175580336436e+01	2.688515190298922519e+01	2.657817437035210517e+01	1.891587584793409604e+01	2.490908324594206391e+01	2.674098160118917633e+01	2.776072073743887714e+01	2.474886418909599328e+01	0.000000000000000000e+00	2.283848519917044939e+01	2.496328055799620671e+01	2.001356769512079126e+01	2.573009914830203115e+01	2.468272607429184617e+01
1.847362335099852970e+01	2.499474198819899229e+01	2.360141857480460814e+01	2.474600157493249597e+01	2.309677659196517041e+01	2.190614049067422187e+01	2.210930726951340475e+01	2.492172564053527495e+01	2.044367633228922543e+01	1.927007608339738809e+01	2.046649810025153826e+01	2.209954331163155317e+01	2.084229691711162502e+01	1.840510568108399525e+01	2.283848519917044939e+01	0.000000000000000000e+00	2.122753077499416818e+01	1.970199294058525297e+01	2.277823917916455443e+01	2.186600741988595331e+01
2.245167955725577968e+01	2.303495211213311933e+01	2.592723057077753879e+01	2.266428137711741897e+01	2.437412258411465515e+01	2.493488928307590058e+01	2.152464191010388461e+01	2.445112519162940146e+01	2.198442879426464458e+01	1.845773120910600795e+01	2.348424674339267781e+01	2.180228223916237340e+01	2.315462302947856799e+01	2.195281681418550335e+01	2.496328055799620671e+01	2.122753077499416818e+01	0.000000000000000000e+00	2.129241267103752122e+01	2.273313463968539594e+01	2.263837583654256136e+01
1.969197286610888042e+01	2.268860845786611691e+01	2.262190533699015660e+01	2.374923800206391533e+01	2.061264624003769441e+01	2.337110338821783984e+01	2.117125612151289360e+01	2.082061218386187562e+01	1.772433914791789533e+01	2.083568987888209278e+01	2.062398865774570567e+01	1.867406163048581647e+01	1.967757303218956721e+01	2.056059239388153159e+01	2.001356769512079126e+01	1.970199294058525297e+01	2.129241267103752122e+01	0.000000000000000000e+00	2.215623303382517761e+01	2.288813946283411838e+01
2.868945568169027993e+01	2.471343077985169856e+01	2.817353740561368269e+01	2.606792171185990625e+01	2.781984137051616557e+01	2.782526036503476163e+01	2.587385438138973370e+01	2.685153971857754129e+01	2.455105490551958169e+01	1.864236349855372765e+01	2.487025015203899869e+01	2.531341659928788701e+01	2.664042353089507742e+01	2.510967146278881401e+01	2.573009914830203115e+01	2.277823917916455443e+01	2.273313463968539594e+01	2.215623303382517761e+01	0.000000000000000000e+00	2.569170115049342584e+01
2.466104801683612990e+01	2.424593057606007562e+01	2.833728007485162692e+01	2.675616135164310094e+01	2.485932947883737398e+01	2.529885347642104421e+01	2.198451494611759571e+01	2.463025715942332639e+01	2.248817017837883014e+01	2.112275857316899774e+01	2.331549324424940650e+01	2.724659864938591625e+01	2.205965300584973576e+01	2.530284452355287783e+01	2.468272607429184617e+01	2.186600741988595331e+01	2.263837583654256136e+01	2.288813946283411838e+01	2.569170115049342584e+01	0.000000000000000000e+00
