0.000000000000000000e+00	2.452079719699441895e+01	2.476911679590755000e+01	2.164245772641580601e+01	2.051319607686880175e+01	2.018588265356913780e+01	2.354222514866159344e+01	2.039966460853106867e+01	2.369224980321427054e+01	1.928244736066915266e+01	2.094187232807537313e+01	2.374392820817731575e+01	2.171529424059402302e+01	1.884771583142625317e+01	1.778403864227691500e+01	2.378559315103770544e+01	1.918845670042047757e+01	2.069221203459898817e+01	2.379133099689025244e+01	2.115114387131153251e+01
2.452079719699441895e+01	0.000000000000000000e+00	2.735182501893010354e+01	1.951539460467051867e+01	2.261766700156944765e+01	2.326613725045752545e+01	2.676818836433509574e+01	2.181883272333723056e+01	2.767593551181371581e+01	1.930796243868918438e+01	2.451177502559536237e+01	2.643531940963500304e+01	2.415548918138264156e+01	2.162989697532078637e+01	2.135830405113918218e+01	2.707220893774723436e+01	2.287567157495868386e+01	2.367073569923487852e+01	2.330927484916103865e+01	2.365848316332766998e+01
2.476911679590755000e+01	2.735182501893010354e+01	0.000000000000000000e+00	2.447937240055694375e+01	2.702985744259922996e+01	2.576012649665292642e+01	3.005736724361606349e+01	2.464168077436454141e+01	2.946032289143077421e+01	2.529759424438431381e+01	2.523744352018961834e+01	2.526283176183631340e+01	2.566527969429341383e+01	2.172701019195565308e+01	2.711175071254256608e+01	2.842487929672226343e+01	2.260822689478129988e+01	2.528243821066562447e+01	2.806494606044670448e+01	2.634312153307930870e+01
2.164245772641580601e+01	1.951539460467051867e+01	2.447937240055694375e+01	0.000000000000000000e+00	2.213105838467274111e+01	2.299301281879247583e+01	2.426017838287734563e+01	1.952545214488135628e+01	2.342866094042675584e+01	2.125114349875124020e+01	2.208119410281528516e+01	2.235776061488723343e+01	2.301916419227985244e+01	2.071983598150261940e+01	2.173878110106282691e+01	2.686174642060908013e+01	2.252782155079032833e+01	2.536188165750444412e+01	2.374632773048102052e+01	2.228364538784090598e+01
2.051319607686880175e+01	2.261766700156944765e+01	2.702985744259922996e+01	2.213105838467274111e+01	0.000000000000000000e+00	2.317148654645814077e+01	2.222297790972596232e+01	1.850736194265317991e+01	2.683004173889126065e+01	2.116807807138315667e+01	2.257258984604647623e+01	2.475088030915869197e+01	2.070040465094394122e+01	2.003853710889208983e+01	2.255118800909647447e+01	2.310500284410310812e+01	2.273901222244278841e+01	2.344427555135222363e+01	2.560119058734975894e+01	2.448925103350075005e+01
2.018588265356913780e+01	2.326613725045752545e+01	2.576012649665292642e+01	2.299301281879247583e+01	2.317148654645814077e+01	0.000000000000000000e+00	2.601436853466064036e+01	1.977360862020239907e+01	2.824959155659649213e+01	2.294251584930121979e+01	2.317014019790385149e+01	2.675685048295376589e+01	2.581748012220917943e+01	2.065014769136021044e+01	2.300398857663355301e+01	2.855928111567216732e+01	2.206329474015017311e+01	2.727135169184568397e+01	2.164270846761137435e+01	2.417263478444784752e+01
2.354222514866159344e+01	2.676818836433509574e+01	3.005736724361606349e+01	2.426017838287734563e+01	2.222297790972596232e+01	2.601436853466064036e+01	0.000000000000000000e+00	1.995222965188624542e+01	2.633971809613048976e+01	2.343590346866481866e+01	2.596205300762800761e+01	2.721977265017677183e+01	2.451459740666620135e+01	1.959876843796241630e+01	2.441680933268379405e+01	2.718076681524329530e+01	2.029245928977805136e+01	2.619423115444515560e+01	2.268684820794542389e+01	2.360274032405144240e+01
2.039966460853106867e+01	2.181883272333723056e+01	2.464168077436454141e+01	1.952545214488135628e+01	1.850736194265317991e+01	1.977360862020239907e+01	1.995222965188624542e+01	0.000000000000000000e+00	2.207947286767062778e+01	1.953389549819372206e+01	2.110348267074748208e+01	2.064156599442876683e+01	2.239726205800374714e+01	1.790582842934900043e+01	1.808906576904664121e+01	2.250701591538695823e+01	1.682432146201807655e+01	2.210087115416590109e+01	1.987660378745763268e+01	1.885255209698790679e+01
2.369224980321427054e+01	2.767593551181371581e+01	2.946032289143077421e+01	2.342866094042675584e+01	2.683004173889126065e+01	2.824959155659649213e+01	2.633971809613048976e+01	2.207947286767062778e+01	0.000000000000000000e+00	2.507404329556426958e+01	2.501017240853101953e+01	2.643733594811827103e+01	2.443809391170628942e+01	2.403751334233372106e+01	2.491734630242990889e+01	2.845258386803748252e+01	2.787150679974774192e+01	2.821487585900413109e+01	2.625152947913217005e+01	2.883490569152646898e+01
1.928244736066915266e+01	1.930796243868918438e+01	2.529759424438431381e+01	2.125114349875124020e+01	2.116807807138315667e+01	2.294251584930121979e+01	2.343590346866481866e+01	1.953389549819372206e+01	2.507404329556426958e+01	0.000000000000000000e+00	2.042742821887920357e+01	2.277834056160818932e+01	2.061991268452545967e+01	1.872330057890209076e+01	1.970226301179657824e+01	2.742456373452247576e+01	2.152214241657889460e+01	2.378293201997911765e+01	2.406259730413951559e+01	1.982321396410882386e+01
2.094187232807537313e+01	2.451177502559536237e+01	2.523744352018961834e+01	2.208119410281528516e+01	2.257258984604647623e+01	2.317014019790385149e+01	2.596205300762800761e+01	2.110348267074748208e+01	2.501017240853101953e+01	2.042742821887920357e+01	0.000000000000000000e+00	2.351529489221557156e+01	2.373505374930408252e+01	2.057367334283058469e+01	2.306812791562539999e+01	2.701192787207515522e+01	2.050612951815531559e+01	2.369804507845792330e+01	2.281696137705603533e+01	2.246500432082584453e+01
2.374392820817731575e+01	2.643531940963500304e+01	2.526283176183631340e+01	2.235776061488723343e+01	2.475088030915869197e+01	2.675685048295376589e+01	2.721977265017677183e+01	2.064156599442876683e+01	2.643733594811827103e+01	2.277834056160818932e+01	2.351529489221557156e+01	0.000000000000000000e+00	2.473201531380423646e+01	2.092952764323388948e+01	2.393723023956802010e+01	2.779267361522973800e+01	2.172640789556896834e+01	2.733443551452643305e+01	2.507541864971519985e+01	2.432342639351901781e+01
2.171529424059402302e+01	2.415548918138264156e+01	2.566527969429341383e+01	2.301916419227985244e+01	2.070040465094394122e+01	2.581748012220917943e+01	2.451459740666620135e+01	2.239726205800374714e+01	2.443809391170628942e+01	2.061991268452545967e+01	2.373505374930408252e+01	2.473201531380423646e+01	0.000000000000000000e+00	2.149063614956082802e+01	2.005339355950027169e+01	2.800316074828643664e+01	2.078193280560884659e+01	2.602726147547113555e+01	2.441869902932818448e+01	2.397556348258329706e+01
1.884771583142625317e+01	2.162989697532078637e+01	2.172701019195565308e+01	2.071983598150261940e+01	2.003853710889208983e+01	2.065014769136021044e+01	1.959876843796241630e+01	1.790582842934900043e+01	2.403751334233372106e+01	1.872330057890209076e+01	2.057367334283058469e+01	2.092952764323388948e+01	2.149063614956082802e+01	0.000000000000000000e+00	1.810971386635313607e+01	2.082486320159934223e+01	1.772769228651156226e+01	2.247869258261157199e+01	1.944099794119138380e+01	2.041015271180254231e+01
1.778403864227691500e+01	2.135830405113918218e+01	2.711175071254256608e+01	2.173878110106282691e+01	2.255118800909647447e+01	2.300398857663355301e+01	2.441680933268379405e+01	1.808906576904664121e+01	2.491734630242990889e+01	1.970226301179657824e+01	2.306812791562539999e+01	2.393723023956802010e+01	2.005339355950027169e+01	1.810971386635313607e+01	0.000000000000000000e+00	2.274670677390476570e+01	2.395477918560830233e+01	2.435356427346749086e+01	2.415328665120463114e+01	2.078369334220023390e+01
2.378559315103770544e+01	2.707220893774723436e+01	2.842487929672226343e+01	2.686174642060908013e+01	2.310500284410310812e+01	2.855928111567216732e+01	2.718076681524329530e+01	2.250701591538695823e+01	2.845258386803748252e+01	2.742456373452247576e+01	2.701192787207515522e+01	2.779267361522973800e+01	2.800316074828643664e+01	2.082486320159934223e+01	2.274670677390476570e+01	0.000000000000000000e+00	2.304307264554806167e+01	2.628679776023483683e+01	2.933747050952321089e+01	2.536143786057139238e+01
1.918845670042047757e+01	2.287567157495868386e+01	2.260822689478129988e+01	2.252782155079032833e+01	2.273901222244278841e+01	2.206329474015017311e+01	2.029245928977805136e+01	1.682432146201807655e+01	2.787150679974774192e+01	2.152214241657889460e+01	2.050612951815531559e+01	2.172640789556896834e+01	2.078193280560884659e+01	1.772769228651156226e+01	2.395477918560830233e+01	2.304307264554806167e+01	0.000000000000000000e+00	2.292356197571065834e+01	2.350968599515118740e+01	2.079897707373238447e+01
2.069221203459898817e+01	2.367073569923487852e+01	2.528243821066562447e+01	2.536188165750444412e+01	2.344427555135222363e+01	2.727135169184568397e+01	2.619423115444515560e+01	2.210087115416590109e+01	2.821487585900413109e+01	2.378293201997911765e+01	2.369804507845792330e+01	2.733443551452643305e+01	2.602726147547113555e+01	2.247869258261157199e+01	2.435356427346749086e+01	2.628679776023483683e+01	2.292356197571065834e+01	0.000000000000000000e+00	2.493299979139790423e+01	2.326142890835136612e+01
2.379133099689025244e+01	2.330927484916103865e+01	2.806494606044670448e+01	2.374632773048102052e+01	2.560119058734975894e+01	2.164270846761137435e+01	2.268684820794542389e+01	1.987660378745763268e+01	2.625152947913217005e+01	2.406259730413951559e+01	2.281696137705603533e+01	2.507541864971519985e+01	2.441869902932818448e+01	1.944099794119138380e+01	2.415328665120463114e+01	2.933747050952321089e+01	2.350968599515118740e+01	2.493299979139790423e+01	0.000000000000000000e+00	1.999864528398889973e+01
2.115114387131153251e+01	2.365848316332766998e+01	2.634312153307930870e+01	2.228364538784090598e+01	2.448925103350075005e+01	2.417263478444784752e+01	2.360274032405144240e+01	1.885255209698790679e+01	2.883490569152646898e+01	1.982321396410882386e+01	2.246500432082584453e+01	2.432342639351901781e+01	2.397556348258329706e+01	2.041015271180254231e+01	2.078369334220023390e+01	2.536143786057139238e+01	2.079897707373238447e+01	2.326142890835136612e+01	1.999864528398889973e+01	0.000000000000000000e+00
