0.000000000000000000e+00	2.406141256365181036e+01	2.536561399383477777e+01	2.100928021708960358e+01	2.073213608538279829e+01	2.518310599535844929e+01	1.806233852216382374e+01	2.219374304639143602e+01	2.235570340581222837e+01	2.155537374322611299e+01	2.432038909479594224e+01	2.119874136631464978e+01	2.441820648272890892e+01	1.966468657911170581e+01	2.767734753248696578e+01	1.914838969342815744e+01	2.022674478737369697e+01	2.341820721725009591e+01	2.324355562594786306e+01	2.336728074526852339e+01
2.406141256365181036e+01	0.000000000000000000e+00	2.475704768562249569e+01	2.456075519374700278e+01	2.144843268005645953e+01	2.328284703051100024e+01	2.201570989639050069e+01	2.316634976728296280e+01	2.424213655234001052e+01	2.468831948195029824e+01	2.417695364665209112e+01	2.313285557960093897e+01	2.381571431444091758e+01	2.312730947120819280e+01	2.605381804969591641e+01	2.004981035275034529e+01	2.027105789768586774e+01	2.630753574894055191e+01	2.303698627266866694e+01	2.461525504185831892e+01
2.536561399383477777e+01	2.475704768562249569e+01	0.000000000000000000e+00	2.545178328501686593e+01	2.549773690601746168e+01	2.884216164367323287e+01	2.598804990631658285e+01	2.603394541772283688e+01	2.466786474637561710e+01	2.445915166404446950e+01	2.659975813915879783e+01	2.634841802989410198e+01	2.887022600902963276e+01	2.253350734204467543e+01	3.113366326958739094e+01	2.353473821823216028e+01	2.343728533128017233e+01	2.833946477761524108e+01	2.753193506763340892e+01	2.572919064194548611e+01
2.100928021708960358e+01	2.456075519374700278e+01	2.545178328501686593e+01	0.000000000000000000e+00	2.021751846801689823e+01	2.304039362497658772e+01	2.180492776142908085e+01	2.276136133518388505e+01	2.442821625535234986e+01	2.448408118707476078e+01	2.381109063769683232e+01	2.388211639098615890e+01	2.372609913011974925e+01	2.073464262997068275e+01	2.771143835442906322e+01	2.054645777834725706e+01	2.135199393730798434e+01	2.291989232895957329e+01	2.510672552503881505e+01	2.560710260348910339e+01
2.073213608538279829e+01	2.144843268005645953e+01	2.549773690601746168e+01	2.021751846801689823e+01	0.000000000000000000e+00	2.230676324158615387e+01	2.281506982338482814e+01	2.340008428359098502e+01	2.370219457443545608e+01	2.089750083832161920e+01	2.255708036785042836e+01	2.159204787493132471e+01	2.284995251971249530e+01	2.097582576492141726e+01	2.568057427284122340e+01	1.825435765869212190e+01	2.266395569305729296e+01	2.362642392839802952e+01	2.394547435156380999e+01	2.364681548442261771e+01
2.518310599535844929e+01	2.328284703051100024e+01	2.884216164367323287e+01	2.304039362497658772e+01	2.230676324158615387e+01	0.000000000000000000e+00	2.190017214321383676e+01	2.216750245449815893e+01	2.416622517191682462e+01	2.246475048715953804e+01	2.623003853623336568e+01	2.368040905209807789e+01	2.730333416615178521e+01	2.186832482240378539e+01	2.729031891859631997e+01	2.024807996580131331e+01	2.222664779403147506e+01	2.655939050374612975e+01	2.396106396050104692e+01	2.355642013895248255e+01
1.806233852216382374e+01	2.201570989639050069e+01	2.598804990631658285e+01	2.180492776142908085e+01	2.281506982338482814e+01	2.190017214321383676e+01	0.000000000000000000e+00	2.059659084729678824e+01	2.127247245023535172e+01	2.369344905981452243e+01	2.277052550115529783e+01	2.249072169824633960e+01	2.289479254120499263e+01	1.992574037055864622e+01	2.578966508011456682e+01	1.990060256468277800e+01	2.059657630426264774e+01	2.211975853033536765e+01	2.447966355519298531e+01	2.210310625129065087e+01
2.219374304639143602e+01	2.316634976728296280e+01	2.603394541772283688e+01	2.276136133518388505e+01	2.340008428359098502e+01	2.216750245449815893e+01	2.059659084729678824e+01	0.000000000000000000e+00	2.398050597151214447e+01	2.377604499169716235e+01	2.587670484475165722e+01	2.303620339845345910e+01	2.377199362814320338e+01	1.918932483552902823e+01	2.582333681062156927e+01	1.917063048198055597e+01	2.350238903407435131e+01	2.296135045106501238e+01	2.468039425198906045e+01	2.427867710916794763e+01
2.235570340581222837e+01	2.424213655234001052e+01	2.466786474637561710e+01	2.442821625535234986e+01	2.370219457443545608e+01	2.416622517191682462e+01	2.127247245023535172e+01	2.398050597151214447e+01	0.000000000000000000e+00	2.314048863239579035e+01	2.344930249406790779e+01	2.412811984618103267e+01	2.488253838644581251e+01	2.186124554405920506e+01	2.752821706340619912e+01	2.045298516987496384e+01	2.229541137289692188e+01	2.407890153401380218e+01	2.365970752560131274e+01	2.564148266082616345e+01
2.155537374322611299e+01	2.468831948195029824e+01	2.445915166404446950e+01	2.448408118707476078e+01	2.089750083832161920e+01	2.246475048715953804e+01	2.369344905981452243e+01	2.377604499169716235e+01	2.314048863239579035e+01	0.000000000000000000e+00	2.265752184001095770e+01	2.218989552092137529e+01	2.434972897697120686e+01	2.117083241404101912e+01	2.719611731681659705e+01	2.075508848030458964e+01	1.720569899933611779e+01	2.510600417344199542e+01	2.439118074575673845e+01	2.363119600157795475e+01
2.432038909479594224e+01	2.417695364665209112e+01	2.659975813915879783e+01	2.381109063769683232e+01	2.255708036785042836e+01	2.623003853623336568e+01	2.277052550115529783e+01	2.587670484475165722e+01	2.344930249406790779e+01	2.265752184001095770e+01	0.000000000000000000e+00	2.594634853958200083e+01	2.547055875895075872e+01	2.345184946930479697e+01	2.824154225235307436e+01	2.171539595833180059e+01	2.089585408060905181e+01	2.609506214108728273e+01	2.553866820989586017e+01	2.689590603469740415e+01
2.119874136631464978e+01	2.313285557960093897e+01	2.634841802989410198e+01	2.388211639098615890e+01	2.159204787493132471e+01	2.368040905209807789e+01	2.249072169824633960e+01	2.303620339845345910e+01	2.412811984618103267e+01	2.218989552092137529e+01	2.594634853958200083e+01	0.000000000000000000e+00	2.543969773174753257e+01	2.098976935856523696e+01	2.608515391387538784e+01	1.954114997941407239e+01	2.004565168054491053e+01	2.624031435524987188e+01	2.551257742625605474e+01	2.565440031013566724e+01
2.441820648272890892e+01	2.381571431444091758e+01	2.887022600902963276e+01	2.372609913011974925e+01	2.284995251971249530e+01	2.730333416615178521e+01	2.289479254120499263e+01	2.377199362814320338e+01	2.488253838644581251e+01	2.434972897697120686e+01	2.547055875895075872e+01	2.543969773174753257e+01	0.000000000000000000e+00	2.099449758593090110e+01	2.613496760642785688e+01	2.029006578166814023e+01	2.441932742886377739e+01	2.850126630872535571e+01	2.663847148140568066e+01	2.431667897655621147e+01
1.966468657911170581e+01	2.312730947120819280e+01	2.253350734204467543e+01	2.073464262997068275e+01	2.097582576492141726e+01	2.186832482240378539e+01	1.992574037055864622e+01	1.918932483552902823e+01	2.186124554405920506e+01	2.117083241404101912e+01	2.345184946930479697e+01	2.098976935856523696e+01	2.099449758593090110e+01	0.000000000000000000e+00	2.468179368196429380e+01	1.908102366983438714e+01	1.894295236455228348e+01	2.106255132801257091e+01	1.863881316044334824e+01	2.472853882813271298e+01
2.767734753248696578e+01	2.605381804969591641e+01	3.113366326958739094e+01	2.771143835442906322e+01	2.568057427284122340e+01	2.729031891859631997e+01	2.578966508011456682e+01	2.582333681062156927e+01	2.752821706340619912e+01	2.719611731681659705e+01	2.824154225235307436e+01	2.608515391387538784e+01	2.613496760642785688e+01	2.468179368196429380e+01	0.000000000000000000e+00	2.335606419643243470e+01	2.509960246495888470e+01	2.857540925542084409e+01	2.558417815106827220e+01	2.770363073407192900e+01
1.914838969342815744e+01	2.004981035275034529e+01	2.353473821823216028e+01	2.054645777834725706e+01	1.825435765869212190e+01	2.024807996580131331e+01	1.990060256468277800e+01	1.917063048198055597e+01	2.045298516987496384e+01	2.075508848030458964e+01	2.171539595833180059e+01	1.954114997941407239e+01	2.029006578166814023e+01	1.908102366983438714e+01	2.335606419643243470e+01	0.000000000000000000e+00	1.869490974798718241e+01	2.178640555114955646e+01	2.003319243975332142e+01	1.833164166771081227e+01
2.022674478737369697e+01	2.027105789768586774e+01	2.343728533128017233e+01	2.135199393730798434e+01	2.266395569305729296e+01	2.222664779403147506e+01	2.059657630426264774e+01	2.350238903407435131e+01	2.229541137289692188e+01	1.720569899933611779e+01	2.089585408060905181e+01	2.004565168054491053e+01	2.441932742886377739e+01	1.894295236455228348e+01	2.509960246495888470e+01	1.869490974798718241e+01	0.000000000000000000e+00	2.034456492358359014e+01	2.204453874962442939e+01	2.301482949115169774e+01
2.341820721725009591e+01	2.630753574894055191e+01	2.833946477761524108e+01	2.291989232895957329e+01	2.362642392839802952e+01	2.655939050374612975e+01	2.211975853033536765e+01	2.296135045106501238e+01	2.407890153401380218e+01	2.510600417344199542e+01	2.609506214108728273e+01	2.624031435524987188e+01	2.850126630872535571e+01	2.106255132801257091e+01	2.857540925542084409e+01	2.178640555114955646e+01	2.034456492358359014e+01	0.000000000000000000e+00	2.789173256952962632e+01	2.496171760062888367e+01
2.324355562594786306e+01	2.303698627266866694e+01	2.753193506763340892e+01	2.510672552503881505e+01	2.394547435156380999e+01	2.396106396050104692e+01	2.447966355519298531e+01	2.468039425198906045e+01	2.365970752560131274e+01	2.439118074575673845e+01	2.553866820989586017e+01	2.551257742625605474e+01	2.663847148140568066e+01	1.863881316044334824e+01	2.558417815106827220e+01	2.003319243975332142e+01	2.204453874962442939e+01	2.789173256952962632e+01	0.000000000000000000e+00	2.773655863416069423e+01
2.336728074526852339e+01	2.461525504185831892e+01	2.572919064194548611e+01	2.560710260348910339e+01	2.364681548442261771e+01	2.355642013895248255e+01	2.210310625129065087e+01	2.427867710916794763e+01	2.564148266082616345e+01	2.363119600157795475e+01	2.689590603469740415e+01	2.565440031013566724e+01	2.431667897655621147e+01	2.472853882813271298e+01	2.770363073407192900e+01	1.833164166771081227e+01	2.301482949115169774e+01	2.496171760062888367e+01	2.773655863416069423e+01	0.000000000000000000e+00
