0.000000000000000000e+00	2.530465874413753369e+01	2.858884855794550361e+01	2.692798948086247179e+01	2.357490789617753890e+01	2.454883784238839084e+01	2.160116189698769062e+01	2.302538498292182467e+01	2.303466999232927748e+01	2.271689956273851507e+01	2.254671766978153968e+01	2.474522100565813432e+01	2.477484186436108260e+01	2.194758692970059855e+01	2.356035130913514308e+01	2.433145828686038215e+01	2.438667799529309477e+01	2.557969137437296681e+01	2.168330476829837039e+01	2.539309597841121402e+01
2.530465874413753369e+01	0.000000000000000000e+00	2.734912271345519130e+01	2.635481344774571255e+01	2.505017007650374694e+01	2.450152905655841451e+01	2.080731843005365533e+01	2.104004862987589064e+01	2.542996249332641767e+01	2.005963672634612394e+01	2.159349947614094134e+01	2.651417564177236841e+01	2.600883711805146703e+01	2.110112318561030875e+01	2.771795944062890982e+01	2.440896564556701875e+01	2.656818577852713403e+01	2.445605093145273656e+01	2.581708293158870759e+01	2.747227476451730510e+01
2.858884855794550361e+01	2.734912271345519130e+01	0.000000000000000000e+00	2.636560418885690638e+01	2.638819791202994836e+01	2.586458158335006274e+01	2.396397258175649014e+01	2.477565762109324154e+01	2.542762846559105938e+01	2.624516957390216021e+01	2.444571196736831808e+01	2.702091997732109974e+01	2.759748795343480765e+01	2.728456359221764416e+01	2.827563877949810234e+01	2.567692753866062105e+01	3.088795873584993146e+01	2.505734378666925366e+01	2.703327237880236567e+01	3.013853297484083882e+01
2.692798948086247179e+01	2.635481344774571255e+01	2.636560418885690638e+01	0.000000000000000000e+00	2.380842261847569930e+01	2.487946973481434298e+01	2.169738036816303861e+01	2.485482678804590861e+01	2.546953650076810050e+01	2.123248163677612155e+01	2.287289024805660276e+01	2.698363097296474677e+01	2.495171964805160414e+01	2.247174487842587709e+01	2.666369314510594180e+01	2.428974675564622743e+01	2.562761055854933190e+01	2.330861350861608017e+01	2.405149044751209786e+01	2.527480223496706557e+01
2.357490789617753890e+01	2.505017007650374694e+01	2.638819791202994836e+01	2.380842261847569930e+01	0.000000000000000000e+00	2.357714885041299979e+01	2.210934874227346825e+01	1.957519664511789514e+01	2.317185887753865359e+01	2.236534663434109405e+01	2.143398812106947915e+01	2.347743897193573659e+01	2.360058829878500930e+01	1.943889692408506065e+01	2.340405560274881935e+01	2.286158162778394853e+01	2.565531736167033472e+01	2.335803419372276224e+01	2.291717489204544123e+01	2.316215378835355310e+01
2.454883784238839084e+01	2.450152905655841451e+01	2.586458158335006274e+01	2.487946973481434298e+01	2.357714885041299979e+01	0.000000000000000000e+00	2.270209071659463973e+01	2.220733093785205625e+01	2.325590512332508197e+01	2.163169152587698107e+01	2.249196268070173232e+01	2.846649593088340069e+01	2.189951803465283930e+01	2.058011085573022214e+01	2.446746977272266221e+01	2.360628434428541311e+01	2.566026621033329391e+01	2.367662036961067074e+01	2.115175656766755807e+01	2.491567581362924244e+01
2.160116189698769062e+01	2.080731843005365533e+01	2.396397258175649014e+01	2.169738036816303861e+01	2.210934874227346825e+01	2.270209071659463973e+01	0.000000000000000000e+00	2.379654517525117541e+01	1.984757941694928363e+01	1.977491572738776426e+01	1.956212272203129388e+01	2.427868384748122565e+01	2.234897310829134298e+01	2.100247958539300441e+01	2.273131343636890378e+01	2.021971861043318341e+01	2.354609177583261825e+01	2.238284504131163999e+01	2.023265534489328132e+01	2.480594563168591193e+01
2.302538498292182467e+01	2.104004862987589064e+01	2.477565762109324154e+01	2.485482678804590861e+01	1.957519664511789514e+01	2.220733093785205625e+01	2.379654517525117541e+01	0.000000000000000000e+00	1.973604258563877778e+01	2.117762206925939239e+01	1.875031403530328689e+01	2.403884282383588911e+01	2.028083326972947376e+01	1.929823877325644332e+01	2.193872241023501601e+01	2.138305872638383320e+01	2.149515931942240954e+01	2.096221424703453451e+01	2.164726862667197338e+01	2.390514578595897532e+01
2.303466999232927748e+01	2.542996249332641767e+01	2.542762846559105938e+01	2.546953650076810050e+01	2.317185887753865359e+01	2.325590512332508197e+01	1.984757941694928363e+01	1.973604258563877778e+01	0.000000000000000000e+00	2.107974399948036037e+01	2.091092025370560847e+01	2.372310020437378242e+01	2.289719656385935309e+01	2.466700888799708835e+01	2.294588776003233122e+01	2.175739504470577046e+01	2.376233172702070817e+01	2.198408358069702828e+01	2.446441403988722385e+01	2.510709617767779633e+01
2.271689956273851507e+01	2.005963672634612394e+01	2.624516957390216021e+01	2.123248163677612155e+01	2.236534663434109405e+01	2.163169152587698107e+01	1.977491572738776426e+01	2.117762206925939239e+01	2.107974399948036037e+01	0.000000000000000000e+00	2.094345242388085282e+01	2.229799074202403020e+01	2.030676593143843078e+01	1.944903926614735212e+01	2.024215236191479406e+01	1.888128317707290194e+01	2.199050096969781265e+01	2.152825785110351475e+01	2.210742350064744954e+01	2.217580338953020558e+01
2.254671766978153968e+01	2.159349947614094134e+01	2.444571196736831808e+01	2.287289024805660276e+01	2.143398812106947915e+01	2.249196268070173232e+01	1.956212272203129388e+01	1.875031403530328689e+01	2.091092025370560847e+01	2.094345242388085282e+01	0.000000000000000000e+00	2.437031960170105194e+01	2.186290605041459401e+01	1.965067107956392434e+01	2.243898392650448059e+01	2.363638547343132501e+01	2.190990212238036605e+01	2.206838173952564830e+01	2.078291122989579875e+01	2.210082505332142233e+01
2.474522100565813432e+01	2.651417564177236841e+01	2.702091997732109974e+01	2.698363097296474677e+01	2.347743897193573659e+01	2.846649593088340069e+01	2.427868384748122565e+01	2.403884282383588911e+01	2.372310020437378242e+01	2.229799074202403020e+01	2.437031960170105194e+01	0.000000000000000000e+00	2.631172134816849706e+01	2.291996140177675656e+01	2.642931594346486079e+01	2.413038468898819033e+01	2.688143608270998541e+01	2.492457917468274076e+01	2.184554502194107783e+01	2.539104910008999738e+01
2.477484186436108260e+01	2.600883711805146703e+01	2.759748795343480765e+01	2.495171964805160414e+01	2.360058829878500930e+01	2.189951803465283930e+01	2.234897310829134298e+01	2.028083326972947376e+01	2.289719656385935309e+01	2.030676593143843078e+01	2.186290605041459401e+01	2.631172134816849706e+01	0.000000000000000000e+00	2.347223205904638021e+01	2.711667612018829487e+01	2.542254088143968715e+01	2.667557225220545192e+01	2.173144410552210815e+01	2.567151116426509816e+01	2.590038551408712308e+01
2.194758692970059855e+01	2.110112318561030875e+01	2.728456359221764416e+01	2.247174487842587709e+01	1.943889692408506065e+01	2.058011085573022214e+01	2.100247958539300441e+01	1.929823877325644332e+01	2.466700888799708835e+01	1.944903926614735212e+01	1.965067107956392434e+01	2.291996140177675656e+01	2.347223205904638021e+01	0.000000000000000000e+00	2.364406234316478717e+01	2.039296237914659571e+01	2.129716834964674632e+01	1.875297516328764047e+01	2.053949446738567985e+01	2.344023121634276663e+01
2.356035130913514308e+01	2.771795944062890982e+01	2.827563877949810234e+01	2.666369314510594180e+01	2.340405560274881935e+01	2.446746977272266221e+01	2.273131343636890378e+01	2.193872241023501601e+01	2.294588776003233122e+01	2.024215236191479406e+01	2.243898392650448059e+01	2.642931594346486079e+01	2.711667612018829487e+01	2.364406234316478717e+01	0.000000000000000000e+00	2.350851910165724590e+01	2.860419178397617301e+01	2.417985483268405034e+01	2.279095196609642571e+01	2.713033539762082924e+01
2.433145828686038215e+01	2.440896564556701875e+01	2.567692753866062105e+01	2.428974675564622743e+01	2.286158162778394853e+01	2.360628434428541311e+01	2.021971861043318341e+01	2.138305872638383320e+01	2.175739504470577046e+01	1.888128317707290194e+01	2.363638547343132501e+01	2.413038468898819033e+01	2.542254088143968715e+01	2.039296237914659571e+01	2.350851910165724590e+01	0.000000000000000000e+00	2.546028377551970934e+01	2.016736068335669430e+01	2.284844097747320291e+01	2.490709000603949619e+01
2.438667799529309477e+01	2.656818577852713403e+01	3.088795873584993146e+01	2.562761055854933190e+01	2.565531736167033472e+01	2.566026621033329391e+01	2.354609177583261825e+01	2.149515931942240954e+01	2.376233172702070817e+01	2.199050096969781265e+01	2.190990212238036605e+01	2.688143608270998541e+01	2.667557225220545192e+01	2.129716834964674632e+01	2.860419178397617301e+01	2.546028377551970934e+01	0.000000000000000000e+00	2.211445852815322510e+01	2.408772608627322853e+01	2.728413828326184998e+01
2.557969137437296681e+01	2.445605093145273656e+01	2.505734378666925366e+01	2.330861350861608017e+01	2.335803419372276224e+01	2.367662036961067074e+01	2.238284504131163999e+01	2.096221424703453451e+01	2.198408358069702828e+01	2.152825785110351475e+01	2.206838173952564830e+01	2.492457917468274076e+01	2.173144410552210815e+01	1.875297516328764047e+01	2.417985483268405034e+01	2.016736068335669430e+01	2.211445852815322510e+01	0.000000000000000000e+00	2.365204930667147210e+01	2.369000745919883855e+01
2.168330476829837039e+01	2.581708293158870759e+01	2.703327237880236567e+01	2.405149044751209786e+01	2.291717489204544123e+01	2.115175656766755807e+01	2.023265534489328132e+01	2.164726862667197338e+01	2.446441403988722385e+01	2.210742350064744954e+01	2.078291122989579875e+01	2.184554502194107783e+01	2.567151116426509816e+01	2.053949446738567985e+01	2.279095196609642571e+01	2.284844097747320291e+01	2.408772608627322853e+01	2.365204930667147210e+01	0.000000000000000000e+00	2.673558509720325560e+01
2.539309597841121402e+01	2.747227476451730510e+01	3.013853297484083882e+01	2.527480223496706557e+01	2.316215378835355310e+01	2.491567581362924244e+01	2.480594563168591193e+01	2.390514578595897532e+01	2.510709617767779633e+01	2.217580338953020558e+01	2.210082505332142233e+01	2.539104910008999738e+01	2.590038551408712308e+01	2.344023121634276663e+01	2.713033539762082924e+01	2.490709000603949619e+01	2.728413828326184998e+01	2.369000745919883855e+01	2.673558509720325560e+01	0.000000000000000000e+00
