0.000000000000000000e+00	2.569827164801264985e+01	2.905597830734911113e+01	2.628516941372419424e+01	2.638951657638810389e+01	2.611378091103685506e+01	2.426134951981450882e+01	2.888435908707599964e+01	2.491271102957177419e+01	2.384225555150317888e+01	2.380681531243521576e+01	2.650842521487438930e+01	2.374144522171074101e+01	2.379003661169845074e+01	2.581158840035910629e+01	2.025452992285683962e+01	2.396672584321050081e+01	2.439194083918252787e+01	2.557586590366434010e+01	2.299429734125853386e+01
2.569827164801264985e+01	0.000000000000000000e+00	2.565982679452258708e+01	2.341605366628095553e+01	2.222785515177252691e+01	2.518217491257326301e+01	2.514169336043889658e+01	2.678518612917663333e+01	2.145491532134727208e+01	2.150913078535690914e+01	2.190772035760261716e+01	2.145551385459312854e+01	2.182192115938381960e+01	1.994569278274696700e+01	2.675934607258473719e+01	2.215800917480179066e+01	2.210204552488093199e+01	2.590874727045558856e+01	2.120565485050969912e+01	2.417143958115881830e+01
2.905597830734911113e+01	2.565982679452258708e+01	0.000000000000000000e+00	2.646570151994309228e+01	2.672606469609072377e+01	2.523530260607289932e+01	2.344150520888296185e+01	2.776704695305664572e+01	2.614503947965120645e+01	2.599345487939194399e+01	2.354653805002490685e+01	2.418140168365810538e+01	2.672252990701047182e+01	2.119644771813447548e+01	2.655075423570206183e+01	2.325162337889515385e+01	2.560795548140915656e+01	2.728836474505381204e+01	2.497296684560802760e+01	2.788550882754991278e+01
2.628516941372419424e+01	2.341605366628095553e+01	2.646570151994309228e+01	0.000000000000000000e+00	2.543539068248001911e+01	2.804548002184534994e+01	2.294922836580516545e+01	2.717720671024414614e+01	2.466412633559858136e+01	2.484521304797738139e+01	2.259082300116439157e+01	2.560839559696802681e+01	2.550096801767319832e+01	1.883441076400497494e+01	2.474952036656141985e+01	2.102026575284261867e+01	2.404615913301809726e+01	2.577868123372970999e+01	2.742994409230013630e+01	2.566324343191691781e+01
2.638951657638810389e+01	2.222785515177252691e+01	2.672606469609072377e+01	2.543539068248001911e+01	0.000000000000000000e+00	2.575262226852294489e+01	2.282237625307065443e+01	2.466419187055767992e+01	2.467082572471733926e+01	2.166062792313756802e+01	2.314088905264445017e+01	2.130858669167547248e+01	2.469783375070089804e+01	1.994861347653344907e+01	2.417815070942535982e+01	2.186833782569479467e+01	2.445582639289199633e+01	2.605371902726517419e+01	2.437227980595305965e+01	2.465633399816920246e+01
2.611378091103685506e+01	2.518217491257326301e+01	2.523530260607289932e+01	2.804548002184534994e+01	2.575262226852294489e+01	0.000000000000000000e+00	2.418205332576712507e+01	2.876715633567189911e+01	2.806396201145151537e+01	2.572437337889780196e+01	2.370857380874374343e+01	2.510920981376373717e+01	2.635387735480717097e+01	2.014890335673907629e+01	2.875736471626981583e+01	2.503635818775342159e+01	2.460003406859739528e+01	2.644348879972227095e+01	2.428832583261571187e+01	2.734891241224368486e+01
2.426134951981450882e+01	2.514169336043889658e+01	2.344150520888296185e+01	2.294922836580516545e+01	2.282237625307065443e+01	2.418205332576712507e+01	0.000000000000000000e+00	2.470318322981959369e+01	2.196669140318305935e+01	2.200896199601412206e+01	2.036066322638561843e+01	2.172899089087550095e+01	2.239337334545087899e+01	1.777398846325223758e+01	2.484806802611592857e+01	1.956741322491358304e+01	2.067802392411909906e+01	2.543335126712427652e+01	2.417413426626315243e+01	2.255078578169930026e+01
2.888435908707599964e+01	2.678518612917663333e+01	2.776704695305664572e+01	2.717720671024414614e+01	2.466419187055767992e+01	2.876715633567189911e+01	2.470318322981959369e+01	0.000000000000000000e+00	2.616188757061617309e+01	2.352937868074338823e+01	2.420748116912978176e+01	2.453861672046062736e+01	2.390786245095932472e+01	2.055625615499274517e+01	2.904384711633305471e+01	2.327664863450815247e+01	2.142558984595053317e+01	2.590916614762108239e+01	2.482787461017704089e+01	2.644839844652206651e+01
2.491271102957177419e+01	2.145491532134727208e+01	2.614503947965120645e+01	2.466412633559858136e+01	2.467082572471733926e+01	2.806396201145151537e+01	2.196669140318305935e+01	2.616188757061617309e+01	0.000000000000000000e+00	2.136827770726388920e+01	2.258543459051286106e+01	2.350345263693405684e+01	2.515650043249017287e+01	2.015522188320323949e+01	2.554153789810175468e+01	2.166612854524930043e+01	2.275316253712739112e+01	2.079888449161528285e+01	2.557988377536800328e+01	2.365917512324940475e+01
2.384225555150317888e+01	2.150913078535690914e+01	2.599345487939194399e+01	2.484521304797738139e+01	2.166062792313756802e+01	2.572437337889780196e+01	2.200896199601412206e+01	2.352937868074338823e+01	2.136827770726388920e+01	0.000000000000000000e+00	2.442442172030645509e+01	1.977769867684430238e+01	2.626275566427120722e+01	1.754753188781541340e+01	2.137741757953144628e+01	1.997949491045712023e+01	1.997164863799730483e+01	2.329072322286593177e+01	2.197654434798202416e+01	2.255971872487287300e+01
2.380681531243521576e+01	2.190772035760261716e+01	2.354653805002490685e+01	2.259082300116439157e+01	2.314088905264445017e+01	2.370857380874374343e+01	2.036066322638561843e+01	2.420748116912978176e+01	2.258543459051286106e+01	2.442442172030645509e+01	0.000000000000000000e+00	2.065933436686347946e+01	2.456471310126274332e+01	1.750183251511834825e+01	2.113209964616522640e+01	2.105080874170005600e+01	2.098789849719094747e+01	2.197475536013679687e+01	2.201600798943095683e+01	2.090612199937409343e+01
2.650842521487438930e+01	2.145551385459312854e+01	2.418140168365810538e+01	2.560839559696802681e+01	2.130858669167547248e+01	2.510920981376373717e+01	2.172899089087550095e+01	2.453861672046062736e+01	2.350345263693405684e+01	1.977769867684430238e+01	2.065933436686347946e+01	0.000000000000000000e+00	2.200788442225162811e+01	1.857898549106012354e+01	2.179418154123903406e+01	1.873707417200358094e+01	1.856559757480080108e+01	2.446884617359614111e+01	2.192232079518162990e+01	1.997925209324300155e+01
2.374144522171074101e+01	2.182192115938381960e+01	2.672252990701047182e+01	2.550096801767319832e+01	2.469783375070089804e+01	2.635387735480717097e+01	2.239337334545087899e+01	2.390786245095932472e+01	2.515650043249017287e+01	2.626275566427120722e+01	2.456471310126274332e+01	2.200788442225162811e+01	0.000000000000000000e+00	2.010826125798584840e+01	2.559127056626900654e+01	2.121469187323825878e+01	2.202103285884793138e+01	2.393733685410849787e+01	2.478330359967421970e+01	2.527640220072584754e+01
2.379003661169845074e+01	1.994569278274696700e+01	2.119644771813447548e+01	1.883441076400497494e+01	1.994861347653344907e+01	2.014890335673907629e+01	1.777398846325223758e+01	2.055625615499274517e+01	2.015522188320323949e+01	1.754753188781541340e+01	1.750183251511834825e+01	1.857898549106012354e+01	2.010826125798584840e+01	0.000000000000000000e+00	2.112981627636450455e+01	1.843758873231473316e+01	1.785974163322782360e+01	1.999693694960736678e+01	1.965683302621982875e+01	2.074285975195956411e+01
2.581158840035910629e+01	2.675934607258473719e+01	2.655075423570206183e+01	2.474952036656141985e+01	2.417815070942535982e+01	2.875736471626981583e+01	2.484806802611592857e+01	2.904384711633305471e+01	2.554153789810175468e+01	2.137741757953144628e+01	2.113209964616522640e+01	2.179418154123903406e+01	2.559127056626900654e+01	2.112981627636450455e+01	0.000000000000000000e+00	2.170102628649859966e+01	2.473624011346036866e+01	2.641990631093597486e+01	2.649262687747211586e+01	2.523176592277182095e+01
2.025452992285683962e+01	2.215800917480179066e+01	2.325162337889515385e+01	2.102026575284261867e+01	2.186833782569479467e+01	2.503635818775342159e+01	1.956741322491358304e+01	2.327664863450815247e+01	2.166612854524930043e+01	1.997949491045712023e+01	2.105080874170005600e+01	1.873707417200358094e+01	2.121469187323825878e+01	1.843758873231473316e+01	2.170102628649859966e+01	0.000000000000000000e+00	2.129692434548314850e+01	2.282085678380322591e+01	2.132453683421940838e+01	2.083876952096789026e+01
2.396672584321050081e+01	2.210204552488093199e+01	2.560795548140915656e+01	2.404615913301809726e+01	2.445582639289199633e+01	2.460003406859739528e+01	2.067802392411909906e+01	2.142558984595053317e+01	2.275316253712739112e+01	1.997164863799730483e+01	2.098789849719094747e+01	1.856559757480080108e+01	2.202103285884793138e+01	1.785974163322782360e+01	2.473624011346036866e+01	2.129692434548314850e+01	0.000000000000000000e+00	2.111007328440668473e+01	2.428906532341668623e+01	2.457008569437802592e+01
2.439194083918252787e+01	2.590874727045558856e+01	2.728836474505381204e+01	2.577868123372970999e+01	2.605371902726517419e+01	2.644348879972227095e+01	2.543335126712427652e+01	2.590916614762108239e+01	2.079888449161528285e+01	2.329072322286593177e+01	2.197475536013679687e+01	2.446884617359614111e+01	2.393733685410849787e+01	1.999693694960736678e+01	2.641990631093597486e+01	2.282085678380322591e+01	2.111007328440668473e+01	0.000000000000000000e+00	2.247481019093644861e+01	2.584304184877617061e+01
2.557586590366434010e+01	2.120565485050969912e+01	2.497296684560802760e+01	2.742994409230013630e+01	2.437227980595305965e+01	2.428832583261571187e+01	2.417413426626315243e+01	2.482787461017704089e+01	2.557988377536800328e+01	2.197654434798202416e+01	2.201600798943095683e+01	2.192232079518162990e+01	2.478330359967421970e+01	1.965683302621982875e+01	2.649262687747211586e+01	2.132453683421940838e+01	2.428906532341668623e+01	2.247481019093644861e+01	0.000000000000000000e+00	2.427943833613966973e+01
2.299429734125853386e+01	2.417143958115881830e+01	2.788550882754991278e+01	2.566324343191691781e+01	2.465633399816920246e+01	2.734891241224368486e+01	2.255078578169930026e+01	2.644839844652206651e+01	2.365917512324940475e+01	2.255971872487287300e+01	2.090612199937409343e+01	1.997925209324300155e+01	2.527640220072584754e+01	2.074285975195956411e+01	2.523176592277182095e+01	2.083876952096789026e+01	2.457008569437802592e+01	2.584304184877617061e+01	2.427943833613966973e+01	0.000000000000000000e+00
