0.000000000000000000e+00	2.542839940487244732e+01	2.858395996471542233e+01	2.688022242039304288e+01	2.362365662998453431e+01	2.468960274813523981e+01	2.175549419326713974e+01	2.290645155431349878e+01	2.333767733482941864e+01	2.295215591372272712e+01	2.302450827456058491e+01	2.411015193720615457e+01	2.470021134805055851e+01	2.194749080341190250e+01	2.341472888867316016e+01	2.421093772509441067e+01	2.437224466378248522e+01	2.582332537707450015e+01	2.198173960792706438e+01	2.559106145221344164e+01
2.542839940487244732e+01	0.000000000000000000e+00	2.730817375340785702e+01	2.623362238562095428e+01	2.527853358221371849e+01	2.451568901450427873e+01	2.108212622341573805e+01	2.100980494544036858e+01	2.610326354269733429e+01	2.024685782560273850e+01	2.204109893306081602e+01	2.624431604678751739e+01	2.667586395832730872e+01	2.133615641471097746e+01	2.750319240068088789e+01	2.436031908457346518e+01	2.669573848026464447e+01	2.468597965469388100e+01	2.567752780849596306e+01	2.732295604593464944e+01
2.858395996471542233e+01	2.730817375340785702e+01	0.000000000000000000e+00	2.571072118040294541e+01	2.645870598241379312e+01	2.545049524381978401e+01	2.357459914317534100e+01	2.436343151224411585e+01	2.567727841316898107e+01	2.639770947177530047e+01	2.440485554935189327e+01	2.669742623542914117e+01	2.725932899981685864e+01	2.727463609361359076e+01	2.797393559598090462e+01	2.497291973219001804e+01	3.042895666245919273e+01	2.447965164736325505e+01	2.721434838369032150e+01	2.974287276915435640e+01
2.688022242039304288e+01	2.623362238562095428e+01	2.571072118040294541e+01	0.000000000000000000e+00	2.388356591254602179e+01	2.462407782562021552e+01	2.172155445948989438e+01	2.428324485231903296e+01	2.559881727053764777e+01	2.146080158103150737e+01	2.291150872659316207e+01	2.657570500948051162e+01	2.509095907926209179e+01	2.229485099055523989e+01	2.645809265909248253e+01	2.420457492929923404e+01	2.554378493060649191e+01	2.343175247658017213e+01	2.407151745895341932e+01	2.522157246971425693e+01
2.362365662998453431e+01	2.527853358221371849e+01	2.645870598241379312e+01	2.388356591254602179e+01	0.000000000000000000e+00	2.354898898698327869e+01	2.195123729989942873e+01	1.957642509689546984e+01	2.366874069820871185e+01	2.235550596274767798e+01	2.154657138897828617e+01	2.319421505508376313e+01	2.434815970205396596e+01	1.913228738539571339e+01	2.293009387929195597e+01	2.244192086980006451e+01	2.598487909853368194e+01	2.325769340937648266e+01	2.315315678686035739e+01	2.320199967798133400e+01
2.468960274813523981e+01	2.451568901450427873e+01	2.545049524381978401e+01	2.462407782562021552e+01	2.354898898698327869e+01	0.000000000000000000e+00	2.273622460218420471e+01	2.207689525012873943e+01	2.329417072028222435e+01	2.162205331443944800e+01	2.273060469084276036e+01	2.852274712633147047e+01	2.229005212578296380e+01	2.054707404415010075e+01	2.381337317356632610e+01	2.372867350734338743e+01	2.514994216119940162e+01	2.347715026674366001e+01	2.085072570017965532e+01	2.482284942666860772e+01
2.175549419326713974e+01	2.108212622341573805e+01	2.357459914317534100e+01	2.172155445948989438e+01	2.195123729989942873e+01	2.273622460218420471e+01	0.000000000000000000e+00	2.357498115413740081e+01	1.981747780425526884e+01	1.979513693144323483e+01	1.963527470168956057e+01	2.417554913530240768e+01	2.247470119315883252e+01	2.139854424369790209e+01	2.247355640135130983e+01	2.010112331197073843e+01	2.332946803773314315e+01	2.235130659899488847e+01	2.054657762314059610e+01	2.453633287967958765e+01
2.290645155431349878e+01	2.100980494544036858e+01	2.436343151224411585e+01	2.428324485231903296e+01	1.957642509689546984e+01	2.207689525012873943e+01	2.357498115413740081e+01	0.000000000000000000e+00	1.967662662641872018e+01	2.118881346905695295e+01	1.877601562595227946e+01	2.346849549176983274e+01	2.039664229343307511e+01	1.937062373953341776e+01	2.141186882668829838e+01	2.102374027575275406e+01	2.156221918940588722e+01	2.115326904661853291e+01	2.192357730645248637e+01	2.358263201472296799e+01
2.333767733482941864e+01	2.610326354269733429e+01	2.567727841316898107e+01	2.559881727053764777e+01	2.366874069820871185e+01	2.329417072028222435e+01	1.981747780425526884e+01	1.967662662641872018e+01	0.000000000000000000e+00	2.148708469484492056e+01	2.138775939430628981e+01	2.360185893141148128e+01	2.321633736279494897e+01	2.510544414481451270e+01	2.278500550012040193e+01	2.158956666488182918e+01	2.381515676810107607e+01	2.250515748448745867e+01	2.472278960341611764e+01	2.558976127166075187e+01
2.295215591372272712e+01	2.024685782560273850e+01	2.639770947177530047e+01	2.146080158103150737e+01	2.235550596274767798e+01	2.162205331443944800e+01	1.979513693144323483e+01	2.118881346905695295e+01	2.148708469484492056e+01	0.000000000000000000e+00	2.116083253987266133e+01	2.226592604108426343e+01	2.082277259135041447e+01	1.978097600758037444e+01	2.044559206743495494e+01	1.917207964587631253e+01	2.232938191159670893e+01	2.196424008209235268e+01	2.224452662452674545e+01	2.248054300032064035e+01
2.302450827456058491e+01	2.204109893306081602e+01	2.440485554935189327e+01	2.291150872659316207e+01	2.154657138897828617e+01	2.273060469084276036e+01	1.963527470168956057e+01	1.877601562595227946e+01	2.138775939430628981e+01	2.116083253987266133e+01	0.000000000000000000e+00	2.408058316864566706e+01	2.233393839028534344e+01	1.987956722346337557e+01	2.247113143590046391e+01	2.400923050247697788e+01	2.225708225393772111e+01	2.230973909827510582e+01	2.111453265285395631e+01	2.228460158912038835e+01
2.411015193720615457e+01	2.624431604678751739e+01	2.669742623542914117e+01	2.657570500948051162e+01	2.319421505508376313e+01	2.852274712633147047e+01	2.417554913530240768e+01	2.346849549176983274e+01	2.360185893141148128e+01	2.226592604108426343e+01	2.408058316864566706e+01	0.000000000000000000e+00	2.606579909130216066e+01	2.263439901141741473e+01	2.600854722439213162e+01	2.336881954231215985e+01	2.649585566801637881e+01	2.477228743731678406e+01	2.173807159034807057e+01	2.534489070600327310e+01
2.470021134805055851e+01	2.667586395832730872e+01	2.725932899981685864e+01	2.509095907926209179e+01	2.434815970205396596e+01	2.229005212578296380e+01	2.247470119315883252e+01	2.039664229343307511e+01	2.321633736279494897e+01	2.082277259135041447e+01	2.233393839028534344e+01	2.606579909130216066e+01	0.000000000000000000e+00	2.363811408927114854e+01	2.667020262660795638e+01	2.563634777147452937e+01	2.674188809416873625e+01	2.199907260038133572e+01	2.552765163808334137e+01	2.611176971937198488e+01
2.194749080341190250e+01	2.133615641471097746e+01	2.727463609361359076e+01	2.229485099055523989e+01	1.913228738539571339e+01	2.054707404415010075e+01	2.139854424369790209e+01	1.937062373953341776e+01	2.510544414481451270e+01	1.978097600758037444e+01	1.987956722346337557e+01	2.263439901141741473e+01	2.363811408927114854e+01	0.000000000000000000e+00	2.361301838398309982e+01	2.041213282769239257e+01	2.172524660546396191e+01	1.906498986785037530e+01	2.092772848211939873e+01	2.334765287384636068e+01
2.341472888867316016e+01	2.750319240068088789e+01	2.797393559598090462e+01	2.645809265909248253e+01	2.293009387929195597e+01	2.381337317356632610e+01	2.247355640135130983e+01	2.141186882668829838e+01	2.278500550012040193e+01	2.044559206743495494e+01	2.247113143590046391e+01	2.600854722439213162e+01	2.667020262660795638e+01	2.361301838398309982e+01	0.000000000000000000e+00	2.332795492892122979e+01	2.809592938027871867e+01	2.411485667742390504e+01	2.289946133679826090e+01	2.699814953178520227e+01
2.421093772509441067e+01	2.436031908457346518e+01	2.497291973219001804e+01	2.420457492929923404e+01	2.244192086980006451e+01	2.372867350734338743e+01	2.010112331197073843e+01	2.102374027575275406e+01	2.158956666488182918e+01	1.917207964587631253e+01	2.400923050247697788e+01	2.336881954231215985e+01	2.563634777147452937e+01	2.041213282769239257e+01	2.332795492892122979e+01	0.000000000000000000e+00	2.510475331054830761e+01	1.988593399238090598e+01	2.260182442908369893e+01	2.440744209947295573e+01
2.437224466378248522e+01	2.669573848026464447e+01	3.042895666245919273e+01	2.554378493060649191e+01	2.598487909853368194e+01	2.514994216119940162e+01	2.332946803773314315e+01	2.156221918940588722e+01	2.381515676810107607e+01	2.232938191159670893e+01	2.225708225393772111e+01	2.649585566801637881e+01	2.674188809416873625e+01	2.172524660546396191e+01	2.809592938027871867e+01	2.510475331054830761e+01	0.000000000000000000e+00	2.244564359433151424e+01	2.428106905663240411e+01	2.679826683082081473e+01
2.582332537707450015e+01	2.468597965469388100e+01	2.447965164736325505e+01	2.343175247658017213e+01	2.325769340937648266e+01	2.347715026674366001e+01	2.235130659899488847e+01	2.115326904661853291e+01	2.250515748448745867e+01	2.196424008209235268e+01	2.230973909827510582e+01	2.477228743731678406e+01	2.199907260038133572e+01	1.906498986785037530e+01	2.411485667742390504e+01	1.988593399238090598e+01	2.244564359433151424e+01	0.000000000000000000e+00	2.421200459954560458e+01	2.347635290615082937e+01
2.198173960792706438e+01	2.567752780849596306e+01	2.721434838369032150e+01	2.407151745895341932e+01	2.315315678686035739e+01	2.085072570017965532e+01	2.054657762314059610e+01	2.192357730645248637e+01	2.472278960341611764e+01	2.224452662452674545e+01	2.111453265285395631e+01	2.173807159034807057e+01	2.552765163808334137e+01	2.092772848211939873e+01	2.289946133679826090e+01	2.260182442908369893e+01	2.428106905663240411e+01	2.421200459954560458e+01	0.000000000000000000e+00	2.695052289260805622e+01
2.559106145221344164e+01	2.732295604593464944e+01	2.974287276915435640e+01	2.522157246971425693e+01	2.320199967798133400e+01	2.482284942666860772e+01	2.453633287967958765e+01	2.358263201472296799e+01	2.558976127166075187e+01	2.248054300032064035e+01	2.228460158912038835e+01	2.534489070600327310e+01	2.611176971937198488e+01	2.334765287384636068e+01	2.699814953178520227e+01	2.440744209947295573e+01	2.679826683082081473e+01	2.347635290615082937e+01	2.695052289260805622e+01	0.000000000000000000e+00
