0.000000000000000000e+00	5.053908355795147855e+00	7.412398921832883403e+00	1.684636118598382692e+00	6.401617250673854009e+00	4.452394165213254951e+01	9.770889487870618950e+00	3.496115427302996892e+01	4.029418371122033449e+01	9.433962264150942190e+00	4.886105385550446556e+01	1.381401617250673830e+01	1.482479784366576681e+01	1.111859838274932599e+01	8.760107816711590445e+00	2.392183288409703579e+01	1.987870619946091466e+01	1.920485175202156114e+01	6.401617250673854009e+00	1.583557951482479709e+01
5.053908355795147855e+00	0.000000000000000000e+00	2.695417789757412308e+00	6.401617250673854009e+00	8.423180592991913684e+00	1.583557951482479709e+01	2.358490566037735547e+00	2.628032345013476956e+01	1.010781671159029615e+00	1.785714285714285765e+01	7.412398921832883403e+00	1.145552560646900275e+01	5.522633581734581298e+01	4.486086887585222627e+01	1.752021563342318089e+01	2.358490566037735547e+00	1.785714285714285765e+01	8.760107816711590445e+00	2.358490566037735547e+00	9.097035040431267205e+00
7.412398921832883403e+00	2.695417789757412308e+00	0.000000000000000000e+00	7.749326145552560163e+00	5.709760319222028357e+01	1.280323450134770802e+01	2.695417789757412308e+00	2.796495956873315336e+01	7.315449764811584998e+01	1.078167115902964923e+01	1.381401617250673830e+01	5.031611701284287363e+01	2.055256064690026818e+01	1.347708894878706154e+01	6.401617250673854009e+00	4.716981132075471095e+00	2.055256064690026818e+01	1.920485175202156114e+01	1.246630727762803126e+01	1.044474393530997247e+01
1.684636118598382692e+00	6.401617250673854009e+00	7.749326145552560163e+00	0.000000000000000000e+00	6.401617250673854009e+00	2.055256064690026818e+01	5.727762803234501376e+00	2.088948787061994494e+01	8.086253369272236924e+00	2.594339622641509280e+01	1.044474393530997247e+01	3.491821256804608709e+01	2.190026954177897522e+01	6.401617250673854009e+00	1.010781671159029571e+01	3.032345013477089068e+00	2.324797843665768227e+01	7.412398921832883403e+00	7.818693515141904982e+01	8.423180592991913684e+00
6.401617250673854009e+00	8.423180592991913684e+00	5.709760319222028357e+01	6.401617250673854009e+00	0.000000000000000000e+00	9.433962264150942190e+00	4.380053908355795222e+00	1.819407008086253441e+01	1.078167115902964923e+01	1.684636118598382737e+01	2.310428888536546665e+01	2.156334231805929846e+01	1.280323450134770802e+01	1.650943396226415061e+01	4.043126684636118462e+00	4.716981132075471095e+00	1.954177897574123790e+01	3.047374610221447355e+01	2.358490566037735547e+00	1.314016172506738478e+01
4.452394165213254951e+01	1.583557951482479709e+01	1.280323450134770802e+01	2.055256064690026818e+01	9.433962264150942190e+00	0.000000000000000000e+00	6.064690026954178137e+00	4.009433962264150608e+01	1.853099730458221117e+01	2.729110512129379984e+01	2.863881401617250688e+01	3.268194070080862446e+01	2.628032345013476956e+01	2.526954177897573928e+01	1.853099730458221117e+01	1.718328840970350413e+01	6.360657470535384306e+01	6.752748269118968949e+01	2.055256064690026818e+01	1.819407008086253441e+01
9.770889487870618950e+00	2.358490566037735547e+00	2.695417789757412308e+00	5.727762803234501376e+00	4.380053908355795222e+00	6.064690026954178137e+00	0.000000000000000000e+00	5.053908355795147855e+00	9.835302045346439925e+00	8.423180592991913684e+00	1.010781671159029571e+01	3.523366893927382648e+01	6.839457481105650061e+01	6.064690026954178137e+00	6.738544474393530770e+00	2.055256064690026818e+01	1.179245283018867951e+01	1.246630727762803126e+01	3.032345013477089068e+00	4.894693726547222923e+01
3.496115427302996892e+01	2.628032345013476956e+01	2.796495956873315336e+01	2.088948787061994494e+01	1.819407008086253441e+01	4.009433962264150608e+01	5.053908355795147855e+00	0.000000000000000000e+00	1.924779345700544297e+01	2.796495956873315336e+01	6.624418635378680165e+01	3.369272237196765474e+01	2.964959568733153361e+01	6.544150679139580973e+01	1.518319591987738448e+01	8.760107816711590445e+00	2.964959568733153361e+01	2.055256064690026818e+01	1.920485175202156114e+01	1.381401617250673830e+01
4.029418371122033449e+01	1.010781671159029615e+00	7.315449764811584998e+01	8.086253369272236924e+00	1.078167115902964923e+01	1.853099730458221117e+01	9.835302045346439925e+00	1.924779345700544297e+01	0.000000000000000000e+00	3.369272237196765385e+00	1.179245283018867951e+01	1.482479784366576681e+01	1.920485175202156114e+01	7.412398921832883403e+00	6.401617250673854009e+00	1.693224459595158748e+01	4.595753395697902022e+01	1.145552560646900275e+01	1.246630727762803126e+01	2.190026954177897522e+01
9.433962264150942190e+00	1.785714285714285765e+01	1.078167115902964923e+01	2.594339622641509280e+01	1.684636118598382737e+01	2.729110512129379984e+01	8.423180592991913684e+00	2.796495956873315336e+01	3.369272237196765385e+00	0.000000000000000000e+00	4.380053908355795222e+00	4.601534009830346861e+01	2.628032345013476956e+01	2.425876010781671255e+01	1.078167115902964923e+01	7.412398921832883403e+00	5.939168120078220170e+01	1.549865229110512033e+01	1.111859838274932599e+01	2.459568733153638576e+01
4.886105385550446556e+01	7.412398921832883403e+00	1.381401617250673830e+01	1.044474393530997247e+01	2.310428888536546665e+01	2.863881401617250688e+01	1.010781671159029571e+01	6.624418635378680165e+01	1.179245283018867951e+01	4.380053908355795222e+00	0.000000000000000000e+00	2.223719676549865198e+01	4.665285925691031110e+01	1.044474393530997247e+01	2.594339622641509280e+01	7.382174567940384691e+01	2.358490566037735903e+01	5.903328312457058047e+01	4.476012102954390315e+01	1.583557951482479709e+01
1.381401617250673830e+01	1.145552560646900275e+01	5.031611701284287363e+01	3.491821256804608709e+01	2.156334231805929846e+01	3.268194070080862446e+01	3.523366893927382648e+01	3.369272237196765474e+01	1.482479784366576681e+01	4.601534009830346861e+01	2.223719676549865198e+01	0.000000000000000000e+00	3.133423180592991741e+01	2.394330373658897315e+01	1.650943396226415061e+01	2.594339622641509280e+01	4.110512129380053636e+01	3.276782411077638102e+01	1.819407008086253441e+01	4.346361185983827369e+01
1.482479784366576681e+01	5.522633581734581298e+01	2.055256064690026818e+01	2.190026954177897522e+01	1.280323450134770802e+01	2.628032345013476956e+01	6.839457481105650061e+01	2.964959568733153361e+01	1.920485175202156114e+01	2.628032345013476956e+01	4.665285925691031110e+01	3.133423180592991741e+01	0.000000000000000000e+00	1.886792452830188438e+01	6.638787590507901371e+01	1.954177897574123790e+01	3.470350404312668502e+01	3.301886792452830122e+01	1.549865229110512033e+01	4.926239363669996152e+01
1.111859838274932599e+01	4.486086887585222627e+01	1.347708894878706154e+01	6.401617250673854009e+00	1.650943396226415061e+01	2.526954177897573928e+01	6.064690026954178137e+00	6.544150679139580973e+01	7.412398921832883403e+00	2.425876010781671255e+01	1.044474393530997247e+01	2.394330373658897315e+01	1.886792452830188438e+01	0.000000000000000000e+00	1.179245283018867951e+01	9.433962264150942190e+00	4.911870408540775657e+01	9.770889487870618950e+00	4.043126684636118462e+00	4.355610168595740106e+01
8.760107816711590445e+00	1.752021563342318089e+01	6.401617250673854009e+00	1.010781671159029571e+01	4.043126684636118462e+00	1.853099730458221117e+01	6.738544474393530770e+00	1.518319591987738448e+01	6.401617250673854009e+00	1.078167115902964923e+01	2.594339622641509280e+01	1.650943396226415061e+01	6.638787590507901371e+01	1.179245283018867951e+01	0.000000000000000000e+00	2.661725067385444632e+01	3.133423180592991741e+01	2.897574123989218364e+01	5.727762803234501376e+00	1.010781671159029571e+01
2.392183288409703579e+01	2.358490566037735547e+00	4.716981132075471095e+00	3.032345013477089068e+00	4.716981132075471095e+00	1.718328840970350413e+01	2.055256064690026818e+01	8.760107816711590445e+00	1.693224459595158748e+01	7.412398921832883403e+00	7.382174567940384691e+01	2.594339622641509280e+01	1.954177897574123790e+01	9.433962264150942190e+00	2.661725067385444632e+01	0.000000000000000000e+00	4.098290259500026167e+01	3.335579514824797798e+01	3.706199460916441701e+00	5.162088420273769884e+01
1.987870619946091466e+01	1.785714285714285765e+01	2.055256064690026818e+01	2.324797843665768227e+01	1.954177897574123790e+01	6.360657470535384306e+01	1.179245283018867951e+01	2.964959568733153361e+01	4.595753395697902022e+01	5.939168120078220170e+01	2.358490566037735903e+01	4.110512129380053636e+01	3.470350404312668502e+01	4.911870408540775657e+01	3.133423180592991741e+01	4.098290259500026167e+01	0.000000000000000000e+00	3.436657681940700826e+01	1.111859838274932599e+01	5.151352994027799781e+01
1.920485175202156114e+01	8.760107816711590445e+00	1.920485175202156114e+01	7.412398921832883403e+00	3.047374610221447355e+01	6.752748269118968949e+01	1.246630727762803126e+01	2.055256064690026818e+01	1.145552560646900275e+01	1.549865229110512033e+01	5.903328312457058047e+01	3.276782411077638102e+01	3.301886792452830122e+01	9.770889487870618950e+00	2.897574123989218364e+01	3.335579514824797798e+01	3.436657681940700826e+01	0.000000000000000000e+00	3.032345013477089068e+00	2.560646900269541604e+01
6.401617250673854009e+00	2.358490566037735547e+00	1.246630727762803126e+01	7.818693515141904982e+01	2.358490566037735547e+00	2.055256064690026818e+01	3.032345013477089068e+00	1.920485175202156114e+01	1.246630727762803126e+01	1.111859838274932599e+01	4.476012102954390315e+01	1.819407008086253441e+01	1.549865229110512033e+01	4.043126684636118462e+00	5.727762803234501376e+00	3.706199460916441701e+00	1.111859838274932599e+01	3.032345013477089068e+00	0.000000000000000000e+00	7.412398921832883403e+00
1.583557951482479709e+01	9.097035040431267205e+00	1.044474393530997247e+01	8.423180592991913684e+00	1.314016172506738478e+01	1.819407008086253441e+01	4.894693726547222923e+01	1.381401617250673830e+01	2.190026954177897522e+01	2.459568733153638576e+01	1.583557951482479709e+01	4.346361185983827369e+01	4.926239363669996152e+01	4.355610168595740106e+01	1.010781671159029571e+01	5.162088420273769884e+01	5.151352994027799781e+01	2.560646900269541604e+01	7.412398921832883403e+00	0.000000000000000000e+00
