0.000000000000000000e+00	7.410864094183898487e+01	2.673580166896216426e+01	1.620351616300737163e+01	7.723604782132180446e+01	8.034849103152480154e+01	7.696670177428501347e+00	0.000000000000000000e+00	0.000000000000000000e+00	2.025439520375921632e+01	1.174754921818034425e+01	6.536023858074298687e+01	1.377298873855626660e+01	9.317021793729239221e+00	2.065948310783440078e+01	0.000000000000000000e+00	1.053228550595479263e+01	8.911933889654054752e+00	1.255772502633071319e+01	2.146965891598476972e+01
7.410864094183898487e+01	0.000000000000000000e+00	3.240703232601474326e+01	1.012773201863959969e+02	1.620351616300737163e+01	9.645901867829327614e+01	2.187474682005995064e+01	1.377298873855626660e+01	6.481406465202948830e+00	1.672938225484111996e+01	1.741877987523292504e+01	2.309001053228550404e+01	2.876124118933808660e+01	1.377298873855626660e+01	4.172405411974398248e+01	0.000000000000000000e+00	3.240703232601474326e+01	1.701369197115774057e+01	8.090962862951813861e+01	4.010370250344324461e+01
2.673580166896216426e+01	3.240703232601474326e+01	0.000000000000000000e+00	1.660860406708255610e+01	2.227983472413513510e+01	1.701369197115774057e+01	2.552053795673661085e+01	3.240703232601474415e+00	5.600794528085417312e+01	1.863404358745847844e+01	2.507269671186193349e+01	3.738138352803560593e+01	2.268492262821031957e+01	1.417807664263145107e+01	2.430527424451105745e+01	1.620351616300737208e+00	1.863404358745847844e+01	8.961527764981464372e+01	2.227983472413513510e+01	2.106457101190958525e+01
1.620351616300737163e+01	1.012773201863959969e+02	1.660860406708255610e+01	0.000000000000000000e+00	1.296281293040589766e+01	7.696670177428501347e+00	0.000000000000000000e+00	7.696670177428501347e+00	0.000000000000000000e+00	1.296281293040589766e+01	6.076318561127764362e+00	5.863727574002290766e+01	8.101758081503686038e-01	5.266142752977396313e+00	2.073750795479347175e+01	0.000000000000000000e+00	9.317021793729239221e+00	0.000000000000000000e+00	7.696670177428501347e+00	4.334440573604472036e+01
7.723604782132180446e+01	1.620351616300737163e+01	2.227983472413513510e+01	1.296281293040589766e+01	0.000000000000000000e+00	1.822895568338329397e+01	8.101758081503685816e+00	6.886494369278133298e+00	4.050879040751843019e-01	3.038159280563882092e+01	2.879651269549766113e+01	4.253422992789435142e+01	1.296281293040589766e+01	0.000000000000000000e+00	1.903913149153366291e+01	0.000000000000000000e+00	4.861054848902211845e+00	2.268492262821031957e+01	4.455966944827027376e+00	1.944421939560884738e+01
8.034849103152480154e+01	9.645901867829327614e+01	1.701369197115774057e+01	7.696670177428501347e+00	1.822895568338329397e+01	0.000000000000000000e+00	2.349509843636068851e+01	3.645791136676658883e+00	1.377298873855626660e+01	1.822895568338329397e+01	9.722109697804423689e+00	1.134246131410515979e+01	8.442715974379630950e+01	2.430527424451105922e+00	1.498825245078182000e+01	5.671230657052579893e+00	1.215263712225552872e+01	1.012719760187960816e+01	1.498825245078182000e+01	6.886494369278133298e+00
7.696670177428501347e+00	2.187474682005995064e+01	2.552053795673661085e+01	0.000000000000000000e+00	8.101758081503685816e+00	2.349509843636068851e+01	0.000000000000000000e+00	1.417807664263145107e+01	1.059395720005805828e+02	7.973711825809208165e+01	1.579842825893218716e+01	8.506845985578870284e+00	2.883926603629715402e+01	0.000000000000000000e+00	1.174754921818034425e+01	2.997650490156364000e+01	9.317021793729239221e+00	8.506845985578870284e+00	2.957141699748845554e+01	3.645791136676658883e+00
0.000000000000000000e+00	1.377298873855626660e+01	3.240703232601474415e+00	7.696670177428501347e+00	6.886494369278133298e+00	3.645791136676658883e+00	1.417807664263145107e+01	0.000000000000000000e+00	1.053228550595479263e+01	8.506845985578870284e+00	2.146965891598476972e+01	5.671230657052579893e+00	6.438653124403457184e+01	2.146965891598476972e+01	1.741877987523292504e+01	2.309001053228550404e+01	4.861054848902211845e+00	8.101758081503685816e+00	3.645791136676658883e+00	4.126873104022939032e+01
0.000000000000000000e+00	6.481406465202948830e+00	5.600794528085417312e+01	0.000000000000000000e+00	4.050879040751843019e-01	1.377298873855626660e+01	1.059395720005805828e+02	1.053228550595479263e+01	0.000000000000000000e+00	1.296281293040589766e+01	6.076318561127764362e+00	4.861054848902211845e+00	1.620351616300737208e+00	4.050879040751843019e-01	4.455966944827027376e+00	3.491558459742491749e+01	0.000000000000000000e+00	1.053228550595479263e+01	8.101758081503685816e+00	0.000000000000000000e+00
2.025439520375921632e+01	1.672938225484111996e+01	1.863404358745847844e+01	1.296281293040589766e+01	3.038159280563882092e+01	1.822895568338329397e+01	7.973711825809208165e+01	8.506845985578870284e+00	1.296281293040589766e+01	0.000000000000000000e+00	8.101758081503685816e+00	6.698059019704372474e+01	4.091387831159361355e+01	6.481406465202948830e+00	6.127408803383156766e+01	7.291582273353317767e+00	1.215263712225552872e+01	1.174754921818034425e+01	3.321720813416511220e+01	3.847586905250259548e+01
1.174754921818034425e+01	1.741877987523292504e+01	2.507269671186193349e+01	6.076318561127764362e+00	2.879651269549766113e+01	9.722109697804423689e+00	1.579842825893218716e+01	2.146965891598476972e+01	6.076318561127764362e+00	8.101758081503685816e+00	0.000000000000000000e+00	3.240703232601474415e+00	2.754597747711253319e+01	9.722109697804423689e+00	6.076318561127764362e+00	1.539334035485700269e+01	2.106457101190958525e+01	8.880510184166426768e+01	9.317021793729239221e+00	1.377298873855626660e+01
6.536023858074298687e+01	2.309001053228550404e+01	3.738138352803560593e+01	5.863727574002290766e+01	4.253422992789435142e+01	1.134246131410515979e+01	8.506845985578870284e+00	5.671230657052579893e+00	4.861054848902211845e+00	6.698059019704372474e+01	3.240703232601474415e+00	0.000000000000000000e+00	9.722109697804423689e+00	1.215263712225552961e+00	2.146965891598476972e+01	0.000000000000000000e+00	0.000000000000000000e+00	9.317021793729239221e+00	6.481406465202948830e+00	2.795106538118771766e+01
1.377298873855626660e+01	2.876124118933808660e+01	2.268492262821031957e+01	8.101758081503686038e-01	1.296281293040589766e+01	8.442715974379630950e+01	2.883926603629715402e+01	6.438653124403457184e+01	1.620351616300737208e+00	4.091387831159361355e+01	2.754597747711253319e+01	9.722109697804423689e+00	0.000000000000000000e+00	1.620351616300737163e+01	8.309859967845210349e+01	9.722109697804423689e+00	8.422835670907868177e+01	2.430527424451105745e+01	4.293183599732962108e+01	2.025439520375921632e+01
9.317021793729239221e+00	1.377298873855626660e+01	1.417807664263145107e+01	5.266142752977396313e+00	0.000000000000000000e+00	2.430527424451105922e+00	0.000000000000000000e+00	2.146965891598476972e+01	4.050879040751843019e-01	6.481406465202948830e+00	9.722109697804423689e+00	1.215263712225552961e+00	1.620351616300737163e+01	0.000000000000000000e+00	2.309001053228550404e+01	4.861054848902211845e+00	8.506845985578870284e+00	1.620351616300737208e+00	9.722109697804423689e+00	1.741877987523292504e+01
2.065948310783440078e+01	4.172405411974398248e+01	2.430527424451105745e+01	2.073750795479347175e+01	1.903913149153366291e+01	1.498825245078182000e+01	1.174754921818034425e+01	1.741877987523292504e+01	4.455966944827027376e+00	6.127408803383156766e+01	6.076318561127764362e+00	2.146965891598476972e+01	8.309859967845210349e+01	2.309001053228550404e+01	0.000000000000000000e+00	0.000000000000000000e+00	4.458745911978993348e+01	1.336790083448108213e+01	2.957141699748845554e+01	7.386708456632186426e+01
0.000000000000000000e+00	0.000000000000000000e+00	1.620351616300737208e+00	0.000000000000000000e+00	0.000000000000000000e+00	5.671230657052579893e+00	2.997650490156364000e+01	2.309001053228550404e+01	3.491558459742491749e+01	7.291582273353317767e+00	1.539334035485700269e+01	0.000000000000000000e+00	9.722109697804423689e+00	4.861054848902211845e+00	0.000000000000000000e+00	0.000000000000000000e+00	0.000000000000000000e+00	0.000000000000000000e+00	4.861054848902211845e+00	6.481406465202948830e+00
1.053228550595479263e+01	3.240703232601474326e+01	1.863404358745847844e+01	9.317021793729239221e+00	4.861054848902211845e+00	1.215263712225552872e+01	9.317021793729239221e+00	4.861054848902211845e+00	0.000000000000000000e+00	1.215263712225552872e+01	2.106457101190958525e+01	0.000000000000000000e+00	8.422835670907868177e+01	8.506845985578870284e+00	4.458745911978993348e+01	0.000000000000000000e+00	0.000000000000000000e+00	3.333050448728376125e+01	2.227983472413513510e+01	1.134246131410515979e+01
8.911933889654054752e+00	1.701369197115774057e+01	8.961527764981464372e+01	0.000000000000000000e+00	2.268492262821031957e+01	1.012719760187960816e+01	8.506845985578870284e+00	8.101758081503685816e+00	1.053228550595479263e+01	1.174754921818034425e+01	8.880510184166426768e+01	9.317021793729239221e+00	2.430527424451105745e+01	1.620351616300737208e+00	1.336790083448108213e+01	0.000000000000000000e+00	3.333050448728376125e+01	0.000000000000000000e+00	5.671230657052579893e+00	1.620351616300737208e+00
1.255772502633071319e+01	8.090962862951813861e+01	2.227983472413513510e+01	7.696670177428501347e+00	4.455966944827027376e+00	1.498825245078182000e+01	2.957141699748845554e+01	3.645791136676658883e+00	8.101758081503685816e+00	3.321720813416511220e+01	9.317021793729239221e+00	6.481406465202948830e+00	4.293183599732962108e+01	9.722109697804423689e+00	2.957141699748845554e+01	4.861054848902211845e+00	2.227983472413513510e+01	5.671230657052579893e+00	0.000000000000000000e+00	1.915990967929222677e+01
2.146965891598476972e+01	4.010370250344324461e+01	2.106457101190958525e+01	4.334440573604472036e+01	1.944421939560884738e+01	6.886494369278133298e+00	3.645791136676658883e+00	4.126873104022939032e+01	0.000000000000000000e+00	3.847586905250259548e+01	1.377298873855626660e+01	2.795106538118771766e+01	2.025439520375921632e+01	1.741877987523292504e+01	7.386708456632186426e+01	6.481406465202948830e+00	1.134246131410515979e+01	1.620351616300737208e+00	1.915990967929222677e+01	0.000000000000000000e+00
