0.000000000000000000e+00	2.456987384831125709e+01	2.817456180940456889e+01	2.294189696311605786e+01	4.699367339860556569e+01	2.194828260387975405e+01	2.751321684961583003e+01	2.351794439228758549e+01	1.164897747864354116e+01	2.511001812063163285e+01	1.935962094195896555e+01	1.888830940900044908e+01	1.363163570322252127e+01	1.610961432024944173e+01	1.985791490874733611e+01	9.748643210341342069e+00	2.045655358269246804e+01	2.070929329536629382e+01	3.969007922278043310e+01	2.352344026997026916e+01
2.456987384831125709e+01	0.000000000000000000e+00	3.611868592463541461e+01	2.577890714865443300e+01	4.399238038095121794e+01	3.441135865750387524e+01	3.504234849247238515e+01	3.087252986143198541e+01	2.161761012398538284e+01	1.604970230390888020e+01	3.272346975596811092e+01	2.408507109843780825e+01	2.263066284881747947e+01	2.332196381677649910e+01	4.185069727199051925e+01	1.597194884152572492e+01	2.862346140242686232e+01	1.732459476927348163e+01	3.074675868006999835e+01	2.252135645871084790e+01
2.817456180940456889e+01	3.611868592463541461e+01	0.000000000000000000e+00	2.558590014748378039e+01	3.576995173393249416e+01	2.317080712113785523e+01	4.094282051994994731e+01	2.524630694456811142e+01	1.960202231689569174e+01	1.475537147294848594e+01	2.784091575516976391e+01	3.479439908550474314e+01	1.530305981350292477e+01	1.518483270037499366e+01	3.418244849948207786e+01	1.335630474577508764e+01	1.902894846206459789e+01	1.568610024150379623e+01	3.184808250985973999e+01	3.081856499377229142e+01
2.294189696311605786e+01	2.577890714865443300e+01	2.558590014748378039e+01	0.000000000000000000e+00	3.567573348029398517e+01	1.192133486175054458e+01	1.859948723463809017e+01	1.782288873606185220e+01	2.589713426178235878e+01	1.449353173241597403e+01	1.621732379080287600e+01	2.732600053408136276e+01	1.026637554272549835e+01	2.203473697747164550e+01	2.027811964527047905e+01	1.931182348774609281e+01	1.768940582900146907e+01	3.322437221665932583e+01	3.028244683007056182e+01	3.049246300777154772e+01
4.699367339860556569e+01	4.399238038095121794e+01	3.576995173393249416e+01	3.567573348029398517e+01	0.000000000000000000e+00	3.160270756058258357e+01	2.871173250738451443e+01	2.847230470678822556e+01	2.726029783210461588e+01	2.433341962205539843e+01	2.883590676919330775e+01	2.485115195443955471e+01	1.842889217340365704e+01	3.991772822913110019e+01	2.933122716164124455e+01	2.162378873185186379e+01	2.793810758314871023e+01	2.106992178343094579e+01	3.734418401623394601e+01	2.700440524025296440e+01
2.194828260387975405e+01	3.441135865750387524e+01	2.317080712113785523e+01	1.192133486175054458e+01	3.160270756058258357e+01	0.000000000000000000e+00	3.426912268488653268e+01	4.058609099001479592e+01	2.027091134491849189e+01	1.475537147294848594e+01	2.925942084793895503e+01	1.766875846608277811e+01	2.190345872400731153e+01	1.972481992391724503e+01	3.443079702309966450e+01	1.430349830558575519e+01	2.472400411829032763e+01	1.320217447579601355e+01	2.426161330835310537e+01	2.125698163592073442e+01
2.751321684961583003e+01	3.504234849247238515e+01	4.094282051994994731e+01	1.859948723463809017e+01	2.871173250738451443e+01	3.426912268488653268e+01	0.000000000000000000e+00	4.179414675222067643e+01	2.717797387582783131e+01	1.812063163344550887e+01	4.247122161873275559e+01	3.378376435531845345e+01	1.818351722412650417e+01	1.708219339433676254e+01	3.485133752750487446e+01	2.195125617822018782e+01	2.437447169428750726e+01	1.755053135295485234e+01	2.927588563919431053e+01	3.174929376232759992e+01
2.351794439228758549e+01	3.087252986143198541e+01	2.524630694456811142e+01	1.782288873606185220e+01	2.847230470678822556e+01	4.058609099001479592e+01	4.179414675222067643e+01	0.000000000000000000e+00	1.653153147944189172e+01	2.070929329536629382e+01	2.587769589618657307e+01	2.801924538389529573e+01	1.940604174138460536e+01	2.165351328083652760e+01	3.492338649481243351e+01	1.563373229339729242e+01	2.268005722258354595e+01	1.320217447579601355e+01	1.732459476927348163e+01	2.467460974452425759e+01
1.164897747864354116e+01	2.161761012398538284e+01	1.960202231689569174e+01	2.589713426178235878e+01	2.726029783210461588e+01	2.027091134491849189e+01	2.717797387582783131e+01	1.653153147944189172e+01	0.000000000000000000e+00	1.346104064198809169e+01	1.985791490874733611e+01	1.242557597721977736e+01	1.555597883101413892e+01	3.373129209851549604e+01	2.497097598712067779e+01	1.997614202187526544e+01	1.061053923953479483e+01	1.594496640769587614e+01	2.148589179394253179e+01	2.509057975503584359e+01
2.511001812063163285e+01	1.604970230390888020e+01	1.475537147294848594e+01	1.449353173241597403e+01	2.433341962205539843e+01	1.475537147294848594e+01	1.812063163344550887e+01	2.070929329536629382e+01	1.346104064198809169e+01	0.000000000000000000e+00	1.770466162293392287e+01	1.190784364483561930e+01	1.656743463629303648e+01	1.941496246440590312e+01	1.915609629821382498e+01	9.646880888468770010e+00	1.061351281387522683e+01	3.609562529072777437e+01	1.553196997152472214e+01	1.656743463629303648e+01
1.935962094195896555e+01	3.272346975596811092e+01	2.784091575516976391e+01	1.621732379080287600e+01	2.883590676919330775e+01	2.925942084793895503e+01	4.247122161873275559e+01	2.587769589618657307e+01	1.985791490874733611e+01	1.770466162293392287e+01	0.000000000000000000e+00	2.641784016850695238e+01	3.587894519794976844e+01	1.631051235195587523e+01	3.616290207046500171e+01	2.339971727915965261e+01	3.435610332561752500e+01	2.918059673314171221e+01	2.008682506676913349e+01	2.077812603472815312e+01
1.888830940900044908e+01	2.408507109843780825e+01	3.479439908550474314e+01	2.732600053408136276e+01	2.485115195443955471e+01	1.766875846608277811e+01	3.378376435531845345e+01	2.801924538389529573e+01	1.242557597721977736e+01	1.190784364483561930e+01	2.641784016850695238e+01	0.000000000000000000e+00	1.708516696867719276e+01	1.256026788160306218e+01	2.127047285283565969e+01	8.143078265082367651e+00	1.583725693714243832e+01	1.622029736514330978e+01	1.877305587021294997e+01	2.797560765955305229e+01
1.363163570322252127e+01	2.263066284881747947e+01	1.530305981350292477e+01	1.026637554272549835e+01	1.842889217340365704e+01	2.190345872400731153e+01	1.818351722412650417e+01	1.940604174138460536e+01	1.555597883101413892e+01	1.656743463629303648e+01	3.587894519794976844e+01	1.708516696867719276e+01	0.000000000000000000e+00	2.357712152409612827e+01	2.685405842528727405e+01	7.988947995103294453e+00	2.365379313964554342e+01	1.356280296386066375e+01	1.579083613771680028e+01	1.166544226989889843e+01
1.610961432024944173e+01	2.332196381677649910e+01	1.518483270037499366e+01	2.203473697747164550e+01	3.991772822913110019e+01	1.972481992391724503e+01	1.708219339433676254e+01	2.165351328083652760e+01	3.373129209851549604e+01	1.941496246440590312e+01	1.631051235195587523e+01	1.256026788160306218e+01	2.357712152409612827e+01	0.000000000000000000e+00	3.878307570018069583e+01	1.355685581517979976e+01	1.190487007049518731e+01	1.194077322734633384e+01	1.799348379729628178e+01	2.066446941549385485e+01
1.985791490874733611e+01	4.185069727199051925e+01	3.418244849948207786e+01	2.027811964527047905e+01	2.933122716164124455e+01	3.443079702309966450e+01	3.485133752750487446e+01	3.492338649481243351e+01	2.497097598712067779e+01	1.915609629821382498e+01	3.616290207046500171e+01	2.127047285283565969e+01	2.685405842528727405e+01	3.878307570018069583e+01	0.000000000000000000e+00	1.519832391728992071e+01	2.469725314364609403e+01	1.297623789211464818e+01	3.197523034600896352e+01	2.362268028850058599e+01
9.748643210341342069e+00	1.597194884152572492e+01	1.335630474577508764e+01	1.931182348774609281e+01	2.162378873185186379e+01	1.430349830558575519e+01	2.195125617822018782e+01	1.563373229339729242e+01	1.997614202187526544e+01	9.646880888468770010e+00	2.339971727915965261e+01	8.143078265082367651e+00	7.988947995103294453e+00	1.355685581517979976e+01	1.519832391728992071e+01	0.000000000000000000e+00	8.972044711765105873e+00	1.415559879782138530e+01	1.985791490874733611e+01	1.669915296633588753e+01
2.045655358269246804e+01	2.862346140242686232e+01	1.902894846206459789e+01	1.768940582900146907e+01	2.793810758314871023e+01	2.472400411829032763e+01	2.437447169428750726e+01	2.268005722258354595e+01	1.061053923953479483e+01	1.061351281387522683e+01	3.435610332561752500e+01	1.583725693714243832e+01	2.365379313964554342e+01	1.190487007049518731e+01	2.469725314364609403e+01	8.972044711765105873e+00	0.000000000000000000e+00	1.188840527923983181e+01	2.215478082196533194e+01	1.261263582970956598e+01
2.070929329536629382e+01	1.732459476927348163e+01	1.568610024150379623e+01	3.322437221665932583e+01	2.106992178343094579e+01	1.320217447579601355e+01	1.755053135295485234e+01	1.320217447579601355e+01	1.594496640769587614e+01	3.609562529072777437e+01	2.918059673314171221e+01	1.622029736514330978e+01	1.356280296386066375e+01	1.194077322734633384e+01	1.297623789211464818e+01	1.415559879782138530e+01	1.188840527923983181e+01	0.000000000000000000e+00	1.708219339433676254e+01	1.383516034696766717e+01
3.969007922278043310e+01	3.074675868006999835e+01	3.184808250985973999e+01	3.028244683007056182e+01	3.734418401623394601e+01	2.426161330835310537e+01	2.927588563919431053e+01	1.732459476927348163e+01	2.148589179394253179e+01	1.553196997152472214e+01	2.008682506676913349e+01	1.877305587021294997e+01	1.579083613771680028e+01	1.799348379729628178e+01	3.197523034600896352e+01	1.985791490874733611e+01	2.215478082196533194e+01	1.708219339433676254e+01	0.000000000000000000e+00	2.334437575671271858e+01
2.352344026997026916e+01	2.252135645871084790e+01	3.081856499377229142e+01	3.049246300777154772e+01	2.700440524025296440e+01	2.125698163592073442e+01	3.174929376232759992e+01	2.467460974452425759e+01	2.509057975503584359e+01	1.656743463629303648e+01	2.077812603472815312e+01	2.797560765955305229e+01	1.166544226989889843e+01	2.066446941549385485e+01	2.362268028850058599e+01	1.669915296633588753e+01	1.261263582970956598e+01	1.383516034696766717e+01	2.334437575671271858e+01	0.000000000000000000e+00
