0.000000000000000000e+00	2.418843515672321232e+01	9.163137268602337571e+00	4.955713942424584850e+00	9.277387318527722471e+00	2.851566141797620801e+01	1.569333020483334273e+01	3.191778150952642079e+01	1.972371316439118516e+01	1.592560716583866665e+01	2.372529755764552206e+01	2.106213833603772301e+01	2.094788828611233811e+01	1.651196486008381825e+01	1.405983775548695291e+01	2.691060783387098354e+01	3.074887295727920744e+01	1.472409321104486146e+01	1.655964773216011210e+01	1.413395865564515574e+01
2.418843515672321232e+01	0.000000000000000000e+00	6.006625558680382504e+00	6.364483153074766086e+00	1.079662971794872917e+01	1.821202448727929379e+01	1.089954918441043752e+01	4.232817471801665477e+01	1.969349827515472029e+01	1.804637465430011289e+01	1.557152643259884250e+01	3.113549914288856613e+01	2.143510337505033903e+01	1.916757035938250198e+01	2.500129211365987203e+01	1.963826168076931111e+01	2.002255730324559835e+01	1.493370900512283939e+01	1.089954918441043752e+01	1.644917454338928664e+01
9.163137268602337571e+00	6.006625558680382504e+00	0.000000000000000000e+00	1.040826247928068682e+01	2.239451603357368725e+01	1.593316088814778375e+01	7.463077641406861140e+00	3.278221810004804837e+01	2.288777859662225822e+01	1.237488557290970803e+01	1.873181500367535790e+01	2.132840704743407301e+01	1.836236204586863252e+01	1.022537946832181355e+01	1.248158190052597405e+01	1.218651462282612030e+01	2.476128157981425915e+01	2.229764404122254717e+01	2.694318326132904673e+01	1.377232420009621627e+01
4.955713942424584850e+00	6.364483153074766086e+00	1.040826247928068682e+01	0.000000000000000000e+00	7.529644819255948640e+00	1.699917994902181562e+01	7.702908324721302158e+00	2.726483844255344735e+01	1.335923001131641996e+01	4.050046867424771335e+01	1.231587211736973764e+01	2.295056891331678628e+01	1.577878168845522033e+01	1.539448606597893132e+01	1.050911616255799075e+01	9.134663432424556362e+00	1.951032050915864957e+01	1.032829893478352012e+01	2.565787394655455245e+01	1.225308180067520780e+01
9.277387318527722471e+00	1.079662971794872917e+01	2.239451603357368725e+01	7.529644819255948640e+00	0.000000000000000000e+00	1.592560716583866665e+01	6.884273669470828416e+00	2.066415159187615913e+01	3.160005306489921750e+01	1.396833879775450349e+01	1.989697666985653868e+01	2.241944781345705096e+01	2.273759091347556094e+01	1.587603836110913669e+01	3.245881686991687332e+01	1.218651462282612030e+01	1.944375333130956207e+01	3.706207622765428766e+01	1.381245334986339479e+01	1.919636892568600572e+01
2.851566141797620801e+01	1.821202448727929379e+01	1.593316088814778375e+01	1.699917994902181562e+01	1.592560716583866665e+01	0.000000000000000000e+00	1.183998761189541327e+01	4.141783127941404530e+01	2.188832671359731208e+01	3.653074530217485716e+01	2.657163454524939539e+01	3.526086816214431252e+01	2.149789369174486708e+01	3.792440706820680418e+01	1.489735671651021676e+01	1.699162622671270029e+01	2.850774799460475251e+01	2.359971692425646239e+01	1.903821286483888642e+01	1.956184019256656370e+01
1.569333020483334273e+01	1.089954918441043752e+01	7.463077641406861140e+00	7.702908324721302158e+00	6.884273669470828416e+00	1.183998761189541327e+01	0.000000000000000000e+00	2.535359682290439309e+01	8.753819940977102476e+00	1.050533930140343486e+01	1.313072991146565194e+01	2.930372148292788026e+01	1.717244345448716913e+01	1.096611636225952680e+01	8.462529524431806394e+00	3.331144327555837492e+01	1.954289593661671631e+01	1.674801868224369983e+01	1.276531859476215480e+01	2.359971692425646239e+01
3.191778150952642079e+01	4.232817471801665477e+01	3.278221810004804837e+01	2.726483844255344735e+01	2.066415159187615913e+01	4.141783127941404530e+01	2.535359682290439309e+01	0.000000000000000000e+00	3.068227580434159663e+01	4.126952952892057169e+01	3.609673099952639319e+01	5.483813553360674575e+01	4.014057527175746287e+01	3.164159853759936070e+01	2.374276554048535459e+01	3.619790941292941966e+01	4.073061490604349189e+01	2.777692536119775468e+01	3.623022505628690482e+01	2.921826999930599911e+01
1.972371316439118516e+01	1.969349827515472029e+01	2.288777859662225822e+01	1.335923001131641996e+01	3.160005306489921750e+01	2.188832671359731208e+01	8.753819940977102476e+00	3.068227580434159663e+01	0.000000000000000000e+00	1.340691288339271736e+01	2.682515635024910594e+01	2.793885828319943343e+01	3.172569864431341813e+01	1.411507434987236387e+01	3.025029730978900488e+01	2.583703505068783457e+01	2.795774258897222353e+01	2.530969081198265513e+01	3.422745450381687249e+01	1.898297627045347369e+01
1.592560716583866665e+01	1.804637465430011289e+01	1.237488557290970803e+01	4.050046867424771335e+01	1.396833879775450349e+01	3.653074530217485716e+01	1.050533930140343486e+01	4.126952952892057169e+01	1.340691288339271736e+01	0.000000000000000000e+00	1.882718074782794915e+01	3.206602330984283356e+01	2.411950744065252650e+01	3.905917899046844610e+01	1.703553223763443825e+01	1.557152643259884250e+01	2.746816696181262785e+01	1.902688228137521165e+01	1.767712652626499903e+01	1.916379349822794254e+01
2.372529755764552206e+01	1.557152643259884250e+01	1.873181500367535790e+01	1.231587211736973764e+01	1.989697666985653868e+01	2.657163454524939539e+01	1.313072991146565194e+01	3.609673099952639319e+01	2.682515635024910594e+01	1.882718074782794915e+01	0.000000000000000000e+00	2.486779805689935685e+01	2.352937288525281900e+01	1.785039003173035610e+01	2.085629940311430630e+01	3.535593915125971165e+01	2.859933687760279142e+01	3.705614865389782864e+01	2.386079245156529538e+01	2.141621906927754537e+01
2.106213833603772301e+01	3.113549914288856613e+01	2.132840704743407301e+01	2.295056891331678628e+01	2.241944781345705096e+01	3.526086816214431252e+01	2.930372148292788026e+01	5.483813553360674575e+01	2.793885828319943343e+01	3.206602330984283356e+01	2.486779805689935685e+01	0.000000000000000000e+00	3.053922718811270443e+01	2.585969621761518411e+01	2.620637310398853259e+01	3.483823939728849695e+01	3.589275302001577472e+01	3.181486204306471777e+01	3.510699354310864351e+01	4.995660743736550558e+01
2.094788828611233811e+01	2.143510337505033903e+01	1.836236204586863252e+01	1.577878168845522033e+01	2.273759091347556094e+01	2.149789369174486708e+01	1.717244345448716913e+01	4.014057527175746287e+01	3.172569864431341813e+01	2.411950744065252650e+01	2.352937288525281900e+01	3.053922718811270443e+01	0.000000000000000000e+00	1.757798392095784834e+01	2.594137084008250227e+01	2.206536708021722504e+01	3.375298632127551457e+01	3.398913006870097320e+01	2.106591519719228245e+01	2.383577074641634397e+01
1.651196486008381825e+01	1.916757035938250198e+01	1.022537946832181355e+01	1.539448606597893132e+01	1.587603836110913669e+01	3.792440706820680418e+01	1.096611636225952680e+01	3.164159853759936070e+01	1.411507434987236387e+01	3.905917899046844610e+01	1.785039003173035610e+01	2.585969621761518411e+01	1.757798392095784834e+01	0.000000000000000000e+00	1.226063552298432491e+01	1.213883175074982468e+01	2.101823232511598150e+01	1.860623437028629823e+01	1.090332604556499696e+01	2.003388788670927312e+01
1.405983775548695291e+01	2.500129211365987203e+01	1.248158190052597405e+01	1.050911616255799075e+01	3.245881686991687332e+01	1.489735671651021676e+01	8.462529524431806394e+00	2.374276554048535459e+01	3.025029730978900488e+01	1.703553223763443825e+01	2.085629940311430630e+01	2.620637310398853259e+01	2.594137084008250227e+01	1.226063552298432491e+01	0.000000000000000000e+00	2.388723047964720436e+01	3.610818647919226976e+01	3.857355507914648030e+01	1.527645915489898876e+01	1.720879574309979176e+01
2.691060783387098354e+01	1.963826168076931111e+01	1.218651462282612030e+01	9.134663432424556362e+00	1.218651462282612030e+01	1.699162622671270029e+01	3.331144327555837492e+01	3.619790941292941966e+01	2.583703505068783457e+01	1.557152643259884250e+01	3.535593915125971165e+01	3.483823939728849695e+01	2.206536708021722504e+01	1.213883175074982468e+01	2.388723047964720436e+01	0.000000000000000000e+00	3.415861671301177438e+01	3.313237209669067340e+01	2.278721966838214641e+01	2.657918826755850716e+01
3.074887295727920744e+01	2.002255730324559835e+01	2.476128157981425915e+01	1.951032050915864957e+01	1.944375333130956207e+01	2.850774799460475251e+01	1.954289593661671631e+01	4.073061490604349189e+01	2.795774258897222353e+01	2.746816696181262785e+01	2.859933687760279142e+01	3.589275302001577472e+01	3.375298632127551457e+01	2.101823232511598150e+01	3.610818647919226976e+01	3.415861671301177438e+01	0.000000000000000000e+00	3.136163870451774116e+01	3.661100360170922130e+01	2.513406676829570330e+01
1.472409321104486146e+01	1.493370900512283939e+01	2.229764404122254717e+01	1.032829893478352012e+01	3.706207622765428766e+01	2.359971692425646239e+01	1.674801868224369983e+01	2.777692536119775468e+01	2.530969081198265513e+01	1.902688228137521165e+01	3.705614865389782864e+01	3.181486204306471777e+01	3.398913006870097320e+01	1.860623437028629823e+01	3.857355507914648030e+01	3.313237209669067340e+01	3.136163870451774116e+01	0.000000000000000000e+00	1.859112692566806757e+01	3.361406427556734400e+01
1.655964773216011210e+01	1.089954918441043752e+01	2.694318326132904673e+01	2.565787394655455245e+01	1.381245334986339479e+01	1.903821286483888642e+01	1.276531859476215480e+01	3.623022505628690482e+01	3.422745450381687249e+01	1.767712652626499903e+01	2.386079245156529538e+01	3.510699354310864351e+01	2.106591519719228245e+01	1.090332604556499696e+01	1.527645915489898876e+01	2.278721966838214641e+01	3.661100360170922130e+01	1.859112692566806757e+01	0.000000000000000000e+00	1.964959226423298233e+01
1.413395865564515574e+01	1.644917454338928664e+01	1.377232420009621627e+01	1.225308180067520780e+01	1.919636892568600572e+01	1.956184019256656370e+01	2.359971692425646239e+01	2.921826999930599911e+01	1.898297627045347369e+01	1.916379349822794254e+01	2.141621906927754537e+01	4.995660743736550558e+01	2.383577074641634397e+01	2.003388788670927312e+01	1.720879574309979176e+01	2.657918826755850716e+01	2.513406676829570330e+01	3.361406427556734400e+01	1.964959226423298233e+01	0.000000000000000000e+00
