0.000000000000000000e+00	3.476577915998661439e+01	4.391198950771592990e+01	2.188751245508552046e+01	1.922134012078696585e+01	8.032589362556658230e+00	3.322994922361938563e+01	2.595649468866429999e+01	2.507746939915996975e+01	1.169492447909328803e+01	2.997283326888326016e+01	3.780230160114329152e+01	3.175957353141199135e+01	1.439481472435277887e+01	1.652159671578238331e+01	2.732180582603022501e+01	3.196467441365405904e+01	1.456370639429209390e+01	1.436138205927684908e+01	2.698467061536147327e+01
3.476577915998661439e+01	0.000000000000000000e+00	2.502656425080122204e+01	2.188772849815548227e+01	2.207301243602782392e+01	1.471555766708850577e+01	1.790486648195308206e+01	1.674052936180061479e+01	2.217458982042575144e+01	1.311249108261974783e+01	2.241079577590645044e+01	3.862804181688613170e+01	1.474942241830435030e+01	1.581238132787923867e+01	1.962678376028224037e+01	4.072074301402993513e+01	2.197206631159015799e+01	2.128053945003978953e+01	1.326434235541615791e+01	2.738978683584770124e+01
4.391198950771592990e+01	2.502656425080122204e+01	0.000000000000000000e+00	3.201258697171601852e+01	2.426694500349429617e+01	2.666306350034591688e+01	4.956505181517434266e+01	2.954999305772842888e+01	4.087237824375639406e+01	2.258011953198568023e+01	2.478994307843021971e+01	3.132062802402573354e+01	3.067957422469419626e+01	3.440877467138269452e+01	4.065522800167985906e+01	3.310962667557671324e+01	4.460287494886462412e+01	3.569299209299651210e+01	2.111164778010047272e+01	3.290687025442154834e+01
2.188751245508552046e+01	2.188772849815548227e+01	3.201258697171601852e+01	0.000000000000000000e+00	3.525541377266165455e+01	3.015796020605928973e+01	2.919560140684681571e+01	2.328782261839912238e+01	2.895902240759983925e+01	1.004073670319582234e+01	2.755880004216750478e+01	2.909289990815846849e+01	3.380395538822833146e+01	1.790508252502303677e+01	1.729724534769747279e+01	2.634253660068014113e+01	1.756708314207445198e+01	2.519545592074053530e+01	2.652963668099341277e+01	3.510094966214293066e+01
1.922134012078696585e+01	2.207301243602782392e+01	2.426694500349429617e+01	3.525541377266165455e+01	0.000000000000000000e+00	1.302815326918506678e+01	2.202340354608882222e+01	1.231915392435188039e+01	2.636000908396296083e+01	9.197142525779081978e+00	2.814835960630406220e+01	2.325417391025323255e+01	3.098618328851914683e+01	2.214196228525600674e+01	6.581374050884310378e+00	3.655284013271617738e+01	1.441163907842572378e+01	1.355078846079612376e+01	1.366942311158656409e+01	1.908624399924845250e+01
8.032589362556658230e+00	1.471555766708850577e+01	2.666306350034591688e+01	3.015796020605928973e+01	1.302815326918506678e+01	0.000000000000000000e+00	1.358486925508192655e+01	1.228528917313603586e+01	2.965230636921749152e+01	8.420845764654117716e+00	1.253851865651002662e+01	1.323026156113035512e+01	1.171196487623618943e+01	1.488466538009777729e+01	2.720295513216982997e+01	1.370285577666249566e+01	2.679809041906938205e+01	3.319527090787254764e+01	3.096645241621407862e+01	1.638613771091899807e+01
3.322994922361938563e+01	1.790486648195308206e+01	4.956505181517434266e+01	2.919560140684681571e+01	2.202340354608882222e+01	1.358486925508192655e+01	0.000000000000000000e+00	2.693483897354430567e+01	2.651190425570000642e+01	1.533978711234709813e+01	1.631862425155726726e+01	2.425005144660630307e+01	2.102752600973575525e+01	2.264759081822338516e+01	2.055448283881408855e+01	2.843502175475398630e+01	2.404772711159105825e+01	1.419227434626757578e+01	1.223481611091720289e+01	2.762507628548313221e+01
2.595649468866429999e+01	1.674052936180061479e+01	2.954999305772842888e+01	2.328782261839912238e+01	1.231915392435188039e+01	1.228528917313603586e+01	2.693483897354430567e+01	0.000000000000000000e+00	1.911989270739433877e+01	1.589671914131391794e+01	1.419227434626757578e+01	3.611463726122926232e+01	1.098592513426009987e+01	1.118846551234530295e+01	2.151608040706100411e+01	3.191300803432975641e+01	1.874867670243977713e+01	1.306200115115130167e+01	7.594075941310322264e+00	2.138126953140749720e+01
2.507746939915996975e+01	2.217458982042575144e+01	4.087237824375639406e+01	2.895902240759983925e+01	2.636000908396296083e+01	2.965230636921749152e+01	2.651190425570000642e+01	1.911989270739433877e+01	0.000000000000000000e+00	1.788847421402005011e+01	3.501645657382854182e+01	3.793629891226580497e+01	2.359282142241169211e+01	2.352465983384008652e+01	2.138148557447745191e+01	3.454444971931603448e+01	3.886552045272876654e+01	2.011555420067744748e+01	1.650412423249956717e+01	3.587876888519900831e+01
1.169492447909328803e+01	1.311249108261974783e+01	2.258011953198568023e+01	1.004073670319582234e+01	9.197142525779081978e+00	8.420845764654117716e+00	1.533978711234709813e+01	1.589671914131391794e+01	1.788847421402005011e+01	0.000000000000000000e+00	1.085089821553663292e+01	1.603174606003738489e+01	4.117672891855908901e+00	8.741588707389844615e+00	2.701926285904364633e+01	3.589550716720728474e+01	1.949197288462872990e+01	1.032804698085561768e+01	4.674604920822725163e+00	6.986454807054714777e+00
2.997283326888326016e+01	2.241079577590645044e+01	2.478994307843021971e+01	2.755880004216750478e+01	2.814835960630406220e+01	1.253851865651002662e+01	1.631862425155726726e+01	1.419227434626757578e+01	3.501645657382854182e+01	1.085089821553663292e+01	0.000000000000000000e+00	3.177639788548493271e+01	2.031831062183261238e+01	1.242031609185950281e+01	8.893223937116299993e+00	3.613250138334456807e+01	1.854613632435457760e+01	2.021671636818506812e+01	2.214117402459943307e+01	2.099301312931003238e+01
3.780230160114329152e+01	3.862804181688613170e+01	3.132062802402573354e+01	2.909289990815846849e+01	2.325417391025323255e+01	1.323026156113035512e+01	2.425005144660630307e+01	3.611463726122926232e+01	3.793629891226580497e+01	1.603174606003738489e+01	3.177639788548493271e+01	0.000000000000000000e+00	1.825947417590465349e+01	1.751682612292557906e+01	1.785396133359433435e+01	5.309188402790695704e+01	3.305872152721796198e+01	1.510338198304605228e+01	1.125576292863707906e+01	4.416525445540575134e+01
3.175957353141199135e+01	1.474942241830435030e+01	3.067957422469419626e+01	3.380395538822833146e+01	3.098618328851914683e+01	1.171196487623618943e+01	2.102752600973575525e+01	1.098592513426009987e+01	2.359282142241169211e+01	4.117672891855908901e+00	2.031831062183261238e+01	1.825947417590465349e+01	0.000000000000000000e+00	1.388877940911990372e+01	6.513860591522576904e+00	1.473216597809149242e+01	1.193089752225441913e+01	1.312931543669269097e+01	1.903667057362527615e+01	2.227641698639285650e+01
1.439481472435277887e+01	1.581238132787923867e+01	3.440877467138269452e+01	1.790508252502303677e+01	2.214196228525600674e+01	1.488466538009777729e+01	2.264759081822338516e+01	1.118846551234530295e+01	2.352465983384008652e+01	8.741588707389844615e+00	1.242031609185950281e+01	1.751682612292557906e+01	1.388877940911990372e+01	0.000000000000000000e+00	1.164401933073453854e+01	3.461336583004499801e+01	2.450422446551658240e+01	2.187047205794262084e+01	1.103639819647893106e+01	1.577871575048373920e+01
1.652159671578238331e+01	1.962678376028224037e+01	4.065522800167985906e+01	1.729724534769747279e+01	6.581374050884310378e+00	2.720295513216982997e+01	2.055448283881408855e+01	2.151608040706100411e+01	2.138148557447745191e+01	2.701926285904364633e+01	8.893223937116299993e+00	1.785396133359433435e+01	6.513860591522576904e+00	1.164401933073453854e+01	0.000000000000000000e+00	2.813160445504616902e+01	3.861368346028059051e+01	2.109503946909748962e+01	1.636931335684605671e+01	1.407407178161705374e+01
2.732180582603022501e+01	4.072074301402993513e+01	3.310962667557671324e+01	2.634253660068014113e+01	3.655284013271617738e+01	1.370285577666249566e+01	2.843502175475398630e+01	3.191300803432975641e+01	3.454444971931603448e+01	3.589550716720728474e+01	3.613250138334456807e+01	5.309188402790695704e+01	1.473216597809149242e+01	3.461336583004499801e+01	2.813160445504616902e+01	0.000000000000000000e+00	2.899195378372080611e+01	1.798920429538775778e+01	9.146669463560250790e+00	2.863777817590914765e+01
3.196467441365405904e+01	2.197206631159015799e+01	4.460287494886462412e+01	1.756708314207445198e+01	1.441163907842572378e+01	2.679809041906938205e+01	2.404772711159105825e+01	1.874867670243977713e+01	3.886552045272876654e+01	1.949197288462872990e+01	1.854613632435457760e+01	3.305872152721796198e+01	1.193089752225441913e+01	2.450422446551658240e+01	3.861368346028059051e+01	2.899195378372080611e+01	0.000000000000000000e+00	2.112825609110345937e+01	1.628475950034141917e+01	2.953206145861467391e+01
1.456370639429209390e+01	2.128053945003978953e+01	3.569299209299651210e+01	2.519545592074053530e+01	1.355078846079612376e+01	3.319527090787254764e+01	1.419227434626757578e+01	1.306200115115130167e+01	2.011555420067744748e+01	1.032804698085561768e+01	2.021671636818506812e+01	1.510338198304605228e+01	1.312931543669269097e+01	2.187047205794262084e+01	2.109503946909748962e+01	1.798920429538775778e+01	2.112825609110345937e+01	0.000000000000000000e+00	3.613090799278180754e+01	9.348993798575493841e+00
1.436138205927684908e+01	1.326434235541615791e+01	2.111164778010047272e+01	2.652963668099341277e+01	1.366942311158656409e+01	3.096645241621407862e+01	1.223481611091720289e+01	7.594075941310322264e+00	1.650412423249956717e+01	4.674604920822725163e+00	2.214117402459943307e+01	1.125576292863707906e+01	1.903667057362527615e+01	1.103639819647893106e+01	1.636931335684605671e+01	9.146669463560250790e+00	1.628475950034141917e+01	3.613090799278180754e+01	0.000000000000000000e+00	1.054726487275885738e+01
2.698467061536147327e+01	2.738978683584770124e+01	3.290687025442154834e+01	3.510094966214293066e+01	1.908624399924845250e+01	1.638613771091899807e+01	2.762507628548313221e+01	2.138126953140749720e+01	3.587876888519900831e+01	6.986454807054714777e+00	2.099301312931003238e+01	4.416525445540575134e+01	2.227641698639285650e+01	1.577871575048373920e+01	1.407407178161705374e+01	2.863777817590914765e+01	2.953206145861467391e+01	9.348993798575493841e+00	1.054726487275885738e+01	0.000000000000000000e+00
