0.000000000000000000e+00	2.532766449076864035e+01	3.305610603759630806e+01	2.025905975113557744e+01	2.523058104027438731e+01	2.793689548314395665e+01	3.137627506062423066e+01	2.008007526091182982e+01	2.146094535439755902e+01	2.365625123232777582e+01	1.719353875139518095e+01	2.611491779305789862e+01	2.246866405667103095e+01	1.600559798247462595e+01	2.197177712270500294e+01	1.813277085838486258e+01	3.705241721620613760e+01	2.506483419786444600e+01	2.560355563485473596e+01	2.800274623165749688e+01
2.532766449076864035e+01	0.000000000000000000e+00	2.775791099292020547e+01	2.977226407440565126e+01	2.041086175920410284e+01	2.800626606158726517e+01	2.474710855075407778e+01	1.581231506464564518e+01	2.420856391039568578e+01	2.880728740158604850e+01	1.904393650005979666e+01	2.315936429836175137e+01	2.451252151979653249e+01	1.434848315163899279e+01	3.091272961710827971e+01	2.847499979771999890e+01	1.586774080874752890e+01	2.882626794150139204e+01	2.780876823209541726e+01	2.455417922618890003e+01
3.305610603759630806e+01	2.775791099292020547e+01	0.000000000000000000e+00	2.549288094328287002e+01	2.161239376920227073e+01	3.050570634555024085e+01	2.822779224136290566e+01	1.961037080910103469e+01	2.898697907833741283e+01	3.982128712715049801e+01	2.005183199896517721e+01	1.952705539631630316e+01	2.980159165941380550e+01	1.454176606946797712e+01	3.210863300870731507e+01	2.075630027836541203e+01	3.441803457082610862e+01	3.330981142544167284e+01	3.601676986559039761e+01	2.082514046691300891e+01
2.025905975113557744e+01	2.977226407440565126e+01	2.549288094328287002e+01	0.000000000000000000e+00	2.713693492293660370e+01	4.696383451957981237e+01	3.035425793074552203e+01	1.976164242727384490e+01	2.897356463389170145e+01	2.253732744858672277e+01	2.041121535246791296e+01	2.099071051269105226e+01	4.779114292009874276e+01	1.582625989898706642e+01	1.814600850619867245e+01	1.686186826994338617e+01	1.202820415453167691e+01	3.071328769098445122e+01	2.908388573219976081e+01	2.408025986271523777e+01
2.523058104027438731e+01	2.041086175920410284e+01	2.161239376920227073e+01	2.713693492293660370e+01	0.000000000000000000e+00	3.108590869230099329e+01	3.974336101320349712e+01	1.571558520741520404e+01	3.352396789536404498e+01	2.067316166221258555e+01	2.031982370962125373e+01	2.090792548980202881e+01	3.210863300870731507e+01	1.828439606982148291e+01	1.524588075560440537e+01	1.454194286609988040e+01	1.578460219259470243e+01	1.601918922355224240e+01	2.832399170869763694e+01	2.007954487101611818e+01
2.793689548314395665e+01	2.800626606158726517e+01	3.050570634555024085e+01	4.696383451957981237e+01	3.108590869230099329e+01	0.000000000000000000e+00	3.623676806492736091e+01	2.343507864581594546e+01	3.641663653831063385e+01	2.731556581989654831e+01	2.105990429450245571e+01	2.937319132073157135e+01	3.259122151506811349e+01	3.148236914247490148e+01	2.366984247340539227e+01	1.989985319426475030e+01	2.169517879209129063e+01	3.546381319024333578e+01	3.614021500432882306e+01	2.632143835870068926e+01
3.137627506062423066e+01	2.474710855075407778e+01	2.822779224136290566e+01	3.035425793074552203e+01	3.974336101320349712e+01	3.623676806492736091e+01	0.000000000000000000e+00	1.949987291416107382e+01	2.538255984497481421e+01	2.523040424364248580e+01	1.992756606631569127e+01	2.571387673316279887e+01	3.792810836937258756e+01	1.901622362800885568e+01	2.147418300221136533e+01	1.646135759994399805e+01	2.155732161836419536e+01	2.663898720917915597e+01	2.503712132581350147e+01	2.354575333738780785e+01
2.008007526091182982e+01	1.581231506464564518e+01	1.961037080910103469e+01	1.976164242727384490e+01	1.571558520741520404e+01	2.343507864581594546e+01	1.949987291416107382e+01	0.000000000000000000e+00	1.447274908428847695e+01	1.770419372307072692e+01	1.137933841586522732e+01	3.659244268707389836e+01	1.861553616137756251e+01	9.860257555388594497e+00	9.625493727799149468e+00	1.654467301272872959e+01	9.943219374909519459e+00	1.722089803018231535e+01	1.325744903658078755e+01	2.219241931932112522e+01
2.146094535439755902e+01	2.420856391039568578e+01	2.898697907833741283e+01	2.897356463389170145e+01	3.352396789536404498e+01	3.641663653831063385e+01	2.538255984497481421e+01	1.447274908428847695e+01	0.000000000000000000e+00	3.392008685706866089e+01	1.853275113848854261e+01	3.530113374718629160e+01	4.191569932064134463e+01	1.713828980392520052e+01	2.336641525390025365e+01	2.404334745788145256e+01	1.846408774657285079e+01	2.397380008280623898e+01	3.134803179867757095e+01	2.756498166835503127e+01
2.365625123232777582e+01	2.880728740158604850e+01	3.982128712715049801e+01	2.253732744858672277e+01	2.067316166221258555e+01	2.731556581989654831e+01	2.523040424364248580e+01	1.770419372307072692e+01	3.392008685706866089e+01	0.000000000000000000e+00	2.296555099063705541e+01	2.321425965256792168e+01	2.402887223364431790e+01	1.349221286417023258e+01	2.911159860425070178e+01	2.367037286330110035e+01	2.631128021503430503e+01	2.465055549015553638e+01	2.871038074772370052e+01	2.121170630257097756e+01
1.719353875139518095e+01	1.904393650005979666e+01	2.005183199896517721e+01	2.041121535246791296e+01	2.031982370962125373e+01	2.105990429450245571e+01	1.992756606631569127e+01	1.137933841586522732e+01	1.853275113848854261e+01	2.296555099063705541e+01	0.000000000000000000e+00	1.825668319777053838e+01	2.460925137702697896e+01	1.110309367851531981e+01	1.032960841393558127e+01	1.538444511585912089e+01	8.838417222141796259e+00	1.748319793319079807e+01	2.793824666695072523e+01	1.624036181006407276e+01
2.611491779305789862e+01	2.315936429836175137e+01	1.952705539631630316e+01	2.099071051269105226e+01	2.090792548980202881e+01	2.937319132073157135e+01	2.571387673316279887e+01	3.659244268707389836e+01	3.530113374718629160e+01	2.321425965256792168e+01	1.825668319777053838e+01	0.000000000000000000e+00	2.902828319146597025e+01	1.245660449321391283e+01	1.531489774078390731e+01	3.366365555833967704e+01	1.273267243393191706e+01	1.846355735667713915e+01	1.907111898221502955e+01	2.916684755172068577e+01
2.246866405667103095e+01	2.451252151979653249e+01	2.980159165941380550e+01	4.779114292009874276e+01	3.210863300870731507e+01	3.259122151506811349e+01	3.792810836937258756e+01	1.861553616137756251e+01	4.191569932064134463e+01	2.402887223364431790e+01	2.460925137702697896e+01	2.902828319146597025e+01	0.000000000000000000e+00	1.404470233887004760e+01	2.035543601510221734e+01	1.534261061283485006e+01	1.281545745682093695e+01	2.459530654268555594e+01	2.945668353014820795e+01	3.551031770078319738e+01
1.600559798247462595e+01	1.434848315163899279e+01	1.454176606946797712e+01	1.582625989898706642e+01	1.828439606982148291e+01	3.148236914247490148e+01	1.901622362800885568e+01	9.860257555388594497e+00	1.713828980392520052e+01	1.349221286417023258e+01	1.110309367851531981e+01	1.245660449321391283e+01	1.404470233887004760e+01	0.000000000000000000e+00	1.093734683610537672e+01	1.173872176936796308e+01	1.273284923056382034e+01	1.484554688223692231e+01	2.053495089522168016e+01	9.584012818038688764e+00
2.197177712270500294e+01	3.091272961710827971e+01	3.210863300870731507e+01	1.814600850619867245e+01	1.524588075560440537e+01	2.366984247340539227e+01	2.147418300221136533e+01	9.625493727799149468e+00	2.336641525390025365e+01	2.911159860425070178e+01	1.032960841393558127e+01	1.531489774078390731e+01	2.035543601510221734e+01	1.093734683610537672e+01	0.000000000000000000e+00	1.773208339175357295e+01	2.295266693608705566e+01	3.265524177433310626e+01	2.536861501063339119e+01	1.409977448970812475e+01
1.813277085838486258e+01	2.847499979771999890e+01	2.075630027836541203e+01	1.686186826994338617e+01	1.454194286609988040e+01	1.989985319426475030e+01	1.646135759994399805e+01	1.654467301272872959e+01	2.404334745788145256e+01	2.367037286330110035e+01	1.538444511585912089e+01	3.366365555833967704e+01	1.534261061283485006e+01	1.173872176936796308e+01	1.773208339175357295e+01	0.000000000000000000e+00	1.010896621731946254e+01	1.612986391512410833e+01	2.368378730774681173e+01	1.780110037693307490e+01
3.705241721620613760e+01	1.586774080874752890e+01	3.441803457082610862e+01	1.202820415453167691e+01	1.578460219259470243e+01	2.169517879209129063e+01	2.155732161836419536e+01	9.943219374909519459e+00	1.846408774657285079e+01	2.631128021503430503e+01	8.838417222141796259e+00	1.273267243393191706e+01	1.281545745682093695e+01	1.273284923056382034e+01	2.295266693608705566e+01	1.010896621731946254e+01	0.000000000000000000e+00	2.104631305342483927e+01	1.708268726319140995e+01	1.313335990056321023e+01
2.506483419786444600e+01	2.882626794150139204e+01	3.330981142544167284e+01	3.071328769098445122e+01	1.601918922355224240e+01	3.546381319024333578e+01	2.663898720917915597e+01	1.722089803018231535e+01	2.397380008280623898e+01	2.465055549015553638e+01	1.748319793319079807e+01	1.846355735667713915e+01	2.459530654268555594e+01	1.484554688223692231e+01	3.265524177433310626e+01	1.612986391512410833e+01	2.104631305342483927e+01	0.000000000000000000e+00	4.085641619266505131e+01	1.821502549137817084e+01
2.560355563485473596e+01	2.780876823209541726e+01	3.601676986559039761e+01	2.908388573219976081e+01	2.832399170869763694e+01	3.614021500432882306e+01	2.503712132581350147e+01	1.325744903658078755e+01	3.134803179867757095e+01	2.871038074772370052e+01	2.793824666695072523e+01	1.907111898221502955e+01	2.945668353014820795e+01	2.053495089522168016e+01	2.536861501063339119e+01	2.368378730774681173e+01	1.708268726319140995e+01	4.085641619266505131e+01	0.000000000000000000e+00	1.813224046848915094e+01
2.800274623165749688e+01	2.455417922618890003e+01	2.082514046691300891e+01	2.408025986271523777e+01	2.007954487101611818e+01	2.632143835870068926e+01	2.354575333738780785e+01	2.219241931932112522e+01	2.756498166835503127e+01	2.121170630257097756e+01	1.624036181006407276e+01	2.916684755172068577e+01	3.551031770078319738e+01	9.584012818038688764e+00	1.409977448970812475e+01	1.780110037693307490e+01	1.313335990056321023e+01	1.821502549137817084e+01	1.813224046848915094e+01	0.000000000000000000e+00
