0.000000000000000000e+00	1.474865745790579297e+01	1.976408583260132801e+01	6.588028610867109336e+00	1.098004768477851556e+01	2.635211444346843734e+01	2.760697703601455544e+01	5.646881666457522542e+00	7.529175555276696130e+00	1.537206675868992178e+01	5.694207146710597556e+01	5.233152397162938030e+01	1.192119462918810235e+01	5.662433382348051225e+01	5.641384939289319078e+01	9.411469444095871495e+00	1.945037018446479848e+01	2.572468314719537830e+01	2.352867361023967518e+01	1.819550759191868394e+01
1.474865745790579297e+01	0.000000000000000000e+00	2.917555527669719950e+01	8.156606851549755177e+00	1.443091981428033499e+01	3.944505042509810977e+01	1.505835111055339226e+01	5.333166018320993018e+00	1.317605722173421867e+01	1.913665453632826896e+01	1.223491027732463188e+01	1.348977286987074820e+01	4.656934510115586789e+01	8.470322499686282924e+00	7.023342589285618942e+01	1.129376333291504508e+01	5.333166018320993018e+00	1.599949805496298083e+01	2.917555527669719950e+01	1.411720416614380547e+01
1.976408583260132801e+01	2.917555527669719950e+01	0.000000000000000000e+00	1.945037018446479848e+01	1.850922324005521347e+01	8.005782020714885050e+01	1.756807629564562490e+01	1.348977286987074820e+01	2.007780148073785753e+01	2.446982055464926376e+01	1.945037018446479848e+01	2.007780148073785753e+01	2.572468314719537830e+01	1.631321370309951035e+01	4.614033224900335028e+01	1.882293888819174299e+01	5.107666137908326220e+01	2.290124231396661969e+01	7.817150432284074668e+01	2.980298657297025855e+01
6.588028610867109336e+00	8.156606851549755177e+00	1.945037018446479848e+01	0.000000000000000000e+00	8.470322499686282924e+00	1.662692935123603988e+01	8.470322499686282924e+00	1.254862592546116140e+01	8.156606851549755177e+00	9.097753795959341971e+00	8.784038147822812448e+00	1.223491027732463188e+01	1.474463546241686451e+01	4.705734722047935747e+00	3.180862165678328068e+01	8.156606851549755177e+00	4.078303425774877589e+00	1.254862592546116140e+01	1.788179194378215442e+01	5.598483654074066607e+01
1.098004768477851556e+01	1.443091981428033499e+01	1.850922324005521347e+01	8.470322499686282924e+00	0.000000000000000000e+00	2.290124231396661969e+01	1.192119462918810235e+01	7.842891203413225654e+00	1.035261638850545829e+01	1.411720416614380547e+01	1.192119462918810235e+01	1.003890074036892877e+01	7.106731962422763615e+01	1.317605722173421867e+01	1.725436064750909537e+01	2.647143364297335921e+01	1.192119462918810235e+01	1.725436064750909537e+01	2.164637972142050160e+01	1.631321370309951035e+01
2.635211444346843734e+01	3.944505042509810977e+01	8.005782020714885050e+01	1.662692935123603988e+01	2.290124231396661969e+01	0.000000000000000000e+00	2.070523277701091658e+01	1.098004768477851556e+01	6.959795060560526281e+01	1.976408583260132801e+01	1.568578240682645131e+01	2.572468314719537830e+01	2.760697703601455544e+01	1.568578240682645131e+01	3.262642740619902071e+01	2.635211444346843734e+01	2.154314850387130420e+01	3.074413351737984357e+01	3.419500564688166122e+01	2.572468314719537830e+01
2.760697703601455544e+01	1.505835111055339226e+01	1.756807629564562490e+01	8.470322499686282924e+00	1.192119462918810235e+01	2.070523277701091658e+01	0.000000000000000000e+00	6.588028610867109336e+00	8.784038147822812448e+00	4.236367848489820886e+01	2.039151712887438705e+01	2.948927092483372903e+01	2.290124231396661969e+01	2.196009536955703112e+01	1.976408583260132801e+01	1.098004768477851556e+01	1.254862592546116140e+01	3.011670222110678452e+01	2.509725185092232280e+01	2.290124231396661969e+01
5.646881666457522542e+00	5.333166018320993018e+00	1.348977286987074820e+01	1.254862592546116140e+01	7.842891203413225654e+00	1.098004768477851556e+01	6.588028610867109336e+00	0.000000000000000000e+00	5.960597314594051177e+00	9.411469444095871495e+00	6.901744259003638859e+00	1.286234157359768915e+01	9.411469444095871495e+00	3.137156481365290350e+00	1.254862592546116140e+01	1.035261638850545829e+01	2.823440833228761271e+00	6.274312962730580701e+00	1.882293888819174299e+01	5.451546752211828561e+01
7.529175555276696130e+00	1.317605722173421867e+01	2.007780148073785753e+01	8.156606851549755177e+00	1.035261638850545829e+01	6.959795060560526281e+01	8.784038147822812448e+00	5.960597314594051177e+00	0.000000000000000000e+00	1.098004768477851556e+01	1.129376333291504508e+01	1.098004768477851556e+01	1.003890074036892877e+01	5.960597314594051177e+00	2.133266407328397207e+01	4.017571293892036266e+01	3.137156481365290350e+00	1.192119462918810235e+01	2.039151712887438705e+01	1.443091981428033499e+01
1.537206675868992178e+01	1.913665453632826896e+01	2.446982055464926376e+01	9.097753795959341971e+00	1.411720416614380547e+01	1.976408583260132801e+01	4.236367848489820886e+01	9.411469444095871495e+00	1.098004768477851556e+01	0.000000000000000000e+00	2.039151712887438705e+01	6.624226570267479985e+01	4.184752239715221833e+01	1.098004768477851556e+01	2.007780148073785753e+01	1.254862592546116140e+01	6.588028610867109336e+00	2.697954573974149639e+01	3.043041786924331404e+01	2.446982055464926376e+01
5.694207146710597556e+01	1.223491027732463188e+01	1.945037018446479848e+01	8.784038147822812448e+00	1.192119462918810235e+01	1.568578240682645131e+01	2.039151712887438705e+01	6.901744259003638859e+00	1.129376333291504508e+01	2.039151712887438705e+01	0.000000000000000000e+00	1.631321370309951035e+01	2.007780148073785753e+01	9.411469444095871495e+00	3.128039958257049591e+01	5.725578711524250508e+01	6.901744259003638859e+00	1.443091981428033499e+01	6.991971024471965279e+01	2.164637972142050160e+01
5.233152397162938030e+01	1.348977286987074820e+01	2.007780148073785753e+01	1.223491027732463188e+01	1.003890074036892877e+01	2.572468314719537830e+01	2.948927092483372903e+01	1.286234157359768915e+01	1.098004768477851556e+01	6.624226570267479985e+01	1.631321370309951035e+01	0.000000000000000000e+00	3.074413351737984357e+01	1.348977286987074820e+01	1.976408583260132801e+01	1.035261638850545829e+01	6.588028610867109336e+00	5.912601501759488798e+01	2.446982055464926376e+01	6.959795060560526281e+01
1.192119462918810235e+01	4.656934510115586789e+01	2.572468314719537830e+01	1.474463546241686451e+01	7.106731962422763615e+01	2.760697703601455544e+01	2.290124231396661969e+01	9.411469444095871495e+00	1.003890074036892877e+01	4.184752239715221833e+01	2.007780148073785753e+01	3.074413351737984357e+01	0.000000000000000000e+00	1.223491027732463188e+01	2.446982055464926376e+01	1.694064499937256585e+01	8.156606851549755177e+00	4.436931356871123455e+01	2.823440833228761093e+01	2.290124231396661969e+01
5.662433382348051225e+01	8.470322499686282924e+00	1.631321370309951035e+01	4.705734722047935747e+00	1.317605722173421867e+01	1.568578240682645131e+01	2.196009536955703112e+01	3.137156481365290350e+00	5.960597314594051177e+00	1.098004768477851556e+01	9.411469444095871495e+00	1.348977286987074820e+01	1.223491027732463188e+01	0.000000000000000000e+00	2.626094921238603064e+01	6.274312962730580701e+00	2.311977073553181228e+01	6.510672230963359652e+01	1.756807629564562490e+01	9.411469444095871495e+00
5.641384939289319078e+01	7.023342589285618942e+01	4.614033224900335028e+01	3.180862165678328068e+01	1.725436064750909537e+01	3.262642740619902071e+01	1.976408583260132801e+01	1.254862592546116140e+01	2.133266407328397207e+01	2.007780148073785753e+01	3.128039958257049591e+01	1.976408583260132801e+01	2.446982055464926376e+01	2.626094921238603064e+01	0.000000000000000000e+00	5.148958624928005889e+01	1.066633203664198604e+01	2.164637972142050160e+01	3.199899610992596166e+01	2.854812398042414046e+01
9.411469444095871495e+00	1.129376333291504508e+01	1.882293888819174299e+01	8.156606851549755177e+00	2.647143364297335921e+01	2.635211444346843734e+01	1.098004768477851556e+01	1.035261638850545829e+01	4.017571293892036266e+01	1.254862592546116140e+01	5.725578711524250508e+01	1.035261638850545829e+01	1.694064499937256585e+01	6.274312962730580701e+00	5.148958624928005889e+01	0.000000000000000000e+00	3.450872129501819430e+00	1.066633203664198604e+01	2.384238925837620471e+01	2.070523277701091658e+01
1.945037018446479848e+01	5.333166018320993018e+00	5.107666137908326220e+01	4.078303425774877589e+00	1.192119462918810235e+01	2.154314850387130420e+01	1.254862592546116140e+01	2.823440833228761271e+00	3.137156481365290350e+00	6.588028610867109336e+00	6.901744259003638859e+00	6.588028610867109336e+00	8.156606851549755177e+00	2.311977073553181228e+01	1.066633203664198604e+01	3.450872129501819430e+00	0.000000000000000000e+00	1.129376333291504508e+01	1.631321370309951035e+01	4.078303425774877589e+00
2.572468314719537830e+01	1.599949805496298083e+01	2.290124231396661969e+01	1.254862592546116140e+01	1.725436064750909537e+01	3.074413351737984357e+01	3.011670222110678452e+01	6.274312962730580701e+00	1.192119462918810235e+01	2.697954573974149639e+01	1.443091981428033499e+01	5.912601501759488798e+01	4.436931356871123455e+01	6.510672230963359652e+01	2.164637972142050160e+01	1.066633203664198604e+01	1.129376333291504508e+01	0.000000000000000000e+00	2.803196789267814637e+01	2.446982055464926376e+01
2.352867361023967518e+01	2.917555527669719950e+01	7.817150432284074668e+01	1.788179194378215442e+01	2.164637972142050160e+01	3.419500564688166122e+01	2.509725185092232280e+01	1.882293888819174299e+01	2.039151712887438705e+01	3.043041786924331404e+01	6.991971024471965279e+01	2.446982055464926376e+01	2.823440833228761093e+01	1.756807629564562490e+01	3.199899610992596166e+01	2.384238925837620471e+01	1.631321370309951035e+01	2.803196789267814637e+01	0.000000000000000000e+00	4.048540659156795840e+01
1.819550759191868394e+01	1.411720416614380547e+01	2.980298657297025855e+01	5.598483654074066607e+01	1.631321370309951035e+01	2.572468314719537830e+01	2.290124231396661969e+01	5.451546752211828561e+01	1.443091981428033499e+01	2.446982055464926376e+01	2.164637972142050160e+01	6.959795060560526281e+01	2.290124231396661969e+01	9.411469444095871495e+00	2.854812398042414046e+01	2.070523277701091658e+01	4.078303425774877589e+00	2.446982055464926376e+01	4.048540659156795840e+01	0.000000000000000000e+00
