0.000000000000000000e+00	2.295025532159045056e+01	3.155660106718687175e+01	1.979459521487176588e+01	1.663893510815307764e+01	8.032589362556658230e+00	2.208962074703081058e+01	1.549142234207355528e+01	2.008147340639164469e+01	9.466980320156061168e+00	2.008147340639164469e+01	2.926157553502782704e+01	3.730352279985628883e+01	1.290951861839462822e+01	1.233576223535486704e+01	2.266337713007057175e+01	1.864708244879224353e+01	1.233576223535486704e+01	1.118824946927534469e+01	2.036835159791152705e+01
2.295025532159045056e+01	0.000000000000000000e+00	2.151586436399104940e+01	1.864708244879224353e+01	2.942826316924427488e+01	1.262264042687474763e+01	1.635205691663319527e+01	1.491766595903379411e+01	1.950771702335188351e+01	1.061449308623558352e+01	1.950771702335188351e+01	5.810701685340653455e+01	1.204888404383498646e+01	1.771246195939617962e+01	1.463078776751391352e+01	5.779235738951724244e+01	1.893396064031212234e+01	1.635205691663319527e+01	1.090137127775546411e+01	2.122898617247116704e+01
3.155660106718687175e+01	2.151586436399104940e+01	0.000000000000000000e+00	4.035741571936915051e+01	2.208962074703081058e+01	2.524528085374949526e+01	6.768512226304022761e+01	2.266337713007057175e+01	7.092412618686714154e+01	1.663893510815307764e+01	2.323713351311033293e+01	2.983533191806758822e+01	3.688709614876117371e+01	6.588986719908452017e+01	2.782718457742842233e+01	3.040908830110734939e+01	5.575642877650867746e+01	2.667967181134889998e+01	1.692581329967295645e+01	3.155660106718687175e+01
1.979459521487176588e+01	1.864708244879224353e+01	4.035741571936915051e+01	0.000000000000000000e+00	2.208962074703081058e+01	2.122898617247116704e+01	2.237649893855068939e+01	3.757197762127855611e+01	2.266337713007057175e+01	1.004073670319582234e+01	2.065522978943140586e+01	3.453650807186330951e+01	2.036835159791152705e+01	1.520454415055367470e+01	1.635205691663319527e+01	2.438464627918985528e+01	1.749956968271271762e+01	2.094210798095128823e+01	1.836020425727236116e+01	6.722249096947810187e+01
1.663893510815307764e+01	2.942826316924427488e+01	2.208962074703081058e+01	2.208962074703081058e+01	0.000000000000000000e+00	1.032761489471570293e+01	1.520454415055367470e+01	1.090137127775546411e+01	2.122898617247116704e+01	8.319467554076538818e+00	5.156438099318809520e+01	2.237649893855068939e+01	1.663893510815307764e+01	1.520454415055367470e+01	6.311320213437373816e+00	5.129592617176582081e+01	1.319639680991450881e+01	1.348327500143438940e+01	1.090137127775546411e+01	1.692581329967295645e+01
8.032589362556658230e+00	1.262264042687474763e+01	2.524528085374949526e+01	2.122898617247116704e+01	1.032761489471570293e+01	0.000000000000000000e+00	1.176200585231510587e+01	1.147512766079522528e+01	1.922083883183200470e+01	7.745711171036777642e+00	1.118824946927534469e+01	1.262264042687474763e+01	8.606345745596419405e+00	1.090137127775546411e+01	4.613211872440796668e+01	1.262264042687474763e+01	5.595089768309452438e+01	2.553215904526937763e+01	6.276198836473523812e+01	1.463078776751391352e+01
2.208962074703081058e+01	1.635205691663319527e+01	6.768512226304022761e+01	2.237649893855068939e+01	1.520454415055367470e+01	1.176200585231510587e+01	0.000000000000000000e+00	1.836020425727236116e+01	2.208962074703081058e+01	1.405703138447415235e+01	1.463078776751391352e+01	2.208962074703081058e+01	1.549142234207355528e+01	1.807332606575247880e+01	2.201563483219438666e+01	4.203248022602141276e+01	2.094210798095128823e+01	1.290951861839462822e+01	1.061449308623558352e+01	5.623777587461440675e+01
1.549142234207355528e+01	1.491766595903379411e+01	2.266337713007057175e+01	3.757197762127855611e+01	1.090137127775546411e+01	1.147512766079522528e+01	1.836020425727236116e+01	0.000000000000000000e+00	1.749956968271271762e+01	1.799934015091605843e+01	1.290951861839462822e+01	3.558225365073700175e+01	1.004073670319582234e+01	1.004073670319582234e+01	2.694812663277117082e+01	2.323713351311033293e+01	1.692581329967295645e+01	1.032761489471570293e+01	6.311320213437373816e+00	1.922083883183200470e+01
2.008147340639164469e+01	1.950771702335188351e+01	7.092412618686714154e+01	2.266337713007057175e+01	2.122898617247116704e+01	1.922083883183200470e+01	2.208962074703081058e+01	1.749956968271271762e+01	0.000000000000000000e+00	1.377015319295427176e+01	6.808312554403774186e+01	5.813479812577594430e+01	1.663893510815307764e+01	2.008147340639164469e+01	1.807332606575247880e+01	3.759040099137616409e+01	3.069596649262722821e+01	1.836020425727236116e+01	1.549142234207355528e+01	2.639279361982901762e+01
9.466980320156061168e+00	1.061449308623558352e+01	1.663893510815307764e+01	1.004073670319582234e+01	8.319467554076538818e+00	7.745711171036777642e+00	1.405703138447415235e+01	1.799934015091605843e+01	1.377015319295427176e+01	0.000000000000000000e+00	1.004073670319582234e+01	1.434390957599403293e+01	3.442538298238567940e+00	7.458832979516897055e+00	1.778644787423259999e+01	5.897700933023798342e+01	1.348327500143438940e+01	8.032589362556658230e+00	3.729416489758448527e+00	6.311320213437373816e+00
2.008147340639164469e+01	1.950771702335188351e+01	2.323713351311033293e+01	2.065522978943140586e+01	5.156438099318809520e+01	1.118824946927534469e+01	1.463078776751391352e+01	1.290951861839462822e+01	6.808312554403774186e+01	1.004073670319582234e+01	0.000000000000000000e+00	4.124583156629819314e+01	1.721269149119283881e+01	1.147512766079522528e+01	8.893223937116299993e+00	2.553215904526937763e+01	1.692581329967295645e+01	3.940437185987547508e+01	1.721269149119283881e+01	1.950771702335188351e+01
2.926157553502782704e+01	5.810701685340653455e+01	2.983533191806758822e+01	3.453650807186330951e+01	2.237649893855068939e+01	1.262264042687474763e+01	2.208962074703081058e+01	3.558225365073700175e+01	5.813479812577594430e+01	1.434390957599403293e+01	4.124583156629819314e+01	0.000000000000000000e+00	1.549142234207355528e+01	1.549142234207355528e+01	1.778644787423259999e+01	4.890819892022674509e+01	6.035583774309856864e+01	1.974839057240475526e+01	1.118824946927534469e+01	3.213035745022663292e+01
3.730352279985628883e+01	1.204888404383498646e+01	3.688709614876117371e+01	2.036835159791152705e+01	1.663893510815307764e+01	8.606345745596419405e+00	1.549142234207355528e+01	1.004073670319582234e+01	1.663893510815307764e+01	3.442538298238567940e+00	1.721269149119283881e+01	1.549142234207355528e+01	0.000000000000000000e+00	1.147512766079522528e+01	6.311320213437373816e+00	1.405703138447415235e+01	1.118824946927534469e+01	1.090137127775546411e+01	1.233576223535486704e+01	1.606517872511331646e+01
1.290951861839462822e+01	1.771246195939617962e+01	6.588986719908452017e+01	1.520454415055367470e+01	1.520454415055367470e+01	1.090137127775546411e+01	1.807332606575247880e+01	1.004073670319582234e+01	2.008147340639164469e+01	7.458832979516897055e+00	1.147512766079522528e+01	1.549142234207355528e+01	1.147512766079522528e+01	0.000000000000000000e+00	1.090137127775546411e+01	3.328722811857795705e+01	1.864708244879224353e+01	3.308369374416630393e+01	1.090137127775546411e+01	1.405703138447415235e+01
1.233576223535486704e+01	1.463078776751391352e+01	2.782718457742842233e+01	1.635205691663319527e+01	6.311320213437373816e+00	4.613211872440796668e+01	2.201563483219438666e+01	2.694812663277117082e+01	1.807332606575247880e+01	1.778644787423259999e+01	8.893223937116299993e+00	1.778644787423259999e+01	6.311320213437373816e+00	1.090137127775546411e+01	0.000000000000000000e+00	2.686478281566295223e+01	2.495840266222961645e+01	1.549142234207355528e+01	1.434390957599403293e+01	1.319639680991450881e+01
2.266337713007057175e+01	5.779235738951724244e+01	3.040908830110734939e+01	2.438464627918985528e+01	5.129592617176582081e+01	1.262264042687474763e+01	4.203248022602141276e+01	2.323713351311033293e+01	3.759040099137616409e+01	5.897700933023798342e+01	2.553215904526937763e+01	4.890819892022674509e+01	1.405703138447415235e+01	3.328722811857795705e+01	2.686478281566295223e+01	0.000000000000000000e+00	2.696655000286877879e+01	1.663893510815307764e+01	7.458832979516897055e+00	2.553215904526937763e+01
1.864708244879224353e+01	1.893396064031212234e+01	5.575642877650867746e+01	1.749956968271271762e+01	1.319639680991450881e+01	5.595089768309452438e+01	2.094210798095128823e+01	1.692581329967295645e+01	3.069596649262722821e+01	1.348327500143438940e+01	1.692581329967295645e+01	6.035583774309856864e+01	1.118824946927534469e+01	1.864708244879224353e+01	2.495840266222961645e+01	2.696655000286877879e+01	0.000000000000000000e+00	1.836020425727236116e+01	1.520454415055367470e+01	6.059651129215144039e+01
1.233576223535486704e+01	1.635205691663319527e+01	2.667967181134889998e+01	2.094210798095128823e+01	1.348327500143438940e+01	2.553215904526937763e+01	1.290951861839462822e+01	1.032761489471570293e+01	1.836020425727236116e+01	8.032589362556658230e+00	3.940437185987547508e+01	1.974839057240475526e+01	1.090137127775546411e+01	3.308369374416630393e+01	1.549142234207355528e+01	1.663893510815307764e+01	1.836020425727236116e+01	0.000000000000000000e+00	6.302108528388571784e+01	8.606345745596419405e+00
1.118824946927534469e+01	1.090137127775546411e+01	1.692581329967295645e+01	1.836020425727236116e+01	1.090137127775546411e+01	6.276198836473523812e+01	1.061449308623558352e+01	6.311320213437373816e+00	1.549142234207355528e+01	3.729416489758448527e+00	1.721269149119283881e+01	1.118824946927534469e+01	1.233576223535486704e+01	1.090137127775546411e+01	1.434390957599403293e+01	7.458832979516897055e+00	1.520454415055367470e+01	6.302108528388571784e+01	0.000000000000000000e+00	9.180102128636180581e+00
2.036835159791152705e+01	2.122898617247116704e+01	3.155660106718687175e+01	6.722249096947810187e+01	1.692581329967295645e+01	1.463078776751391352e+01	5.623777587461440675e+01	1.922083883183200470e+01	2.639279361982901762e+01	6.311320213437373816e+00	1.950771702335188351e+01	3.213035745022663292e+01	1.606517872511331646e+01	1.405703138447415235e+01	1.319639680991450881e+01	2.553215904526937763e+01	6.059651129215144039e+01	8.606345745596419405e+00	9.180102128636180581e+00	0.000000000000000000e+00
