0.000000000000000000e+00	0.000000000000000000e+00	8.752296303797919563e+01	3.367105536521562215e+01	1.824802910674433676e+01	5.982769623484364807e+00	2.393107849393746100e+00	1.395979578813018485e+01	2.512763241863433095e+01	9.450402444227835019e+01	2.253626242535849045e+01	1.475749840459476658e+01	6.565222846649722044e+01	4.387364390555200444e+00	4.597168555959070346e+01	5.075790125837819744e+01	1.515634971282705656e+01	1.076898532227185612e+01	2.113911933631142048e+01	1.794830887045309353e+01
0.000000000000000000e+00	0.000000000000000000e+00	7.977026164645819151e+00	0.000000000000000000e+00	4.786215698787492201e+00	0.000000000000000000e+00	0.000000000000000000e+00	5.982769623484364807e+00	0.000000000000000000e+00	0.000000000000000000e+00	0.000000000000000000e+00	0.000000000000000000e+00	2.393107849393746100e+00	7.179323548181237413e+00	0.000000000000000000e+00	5.583918315252073938e+00	5.002628602320765339e+01	2.791959157626036969e+01	0.000000000000000000e+00	5.185067007019783070e+00
8.752296303797919563e+01	7.977026164645819151e+00	0.000000000000000000e+00	8.566088125940581222e+01	3.111040204211869664e+01	0.000000000000000000e+00	1.635290363752393006e+01	2.845294466754882379e+01	1.954371410338225701e+01	2.313337587747287571e+01	2.712188895979578618e+01	1.356094447989789309e+01	1.435864709636247483e+01	2.233567326100829575e+01	1.914486279514996880e+01	2.871729419272494965e+01	6.521800644714983264e+01	3.470006381620931535e+01	3.150925335035098840e+01	1.555520102105934832e+01
3.367105536521562215e+01	0.000000000000000000e+00	8.566088125940581222e+01	0.000000000000000000e+00	1.156668793873643786e+01	3.190810465858327838e+00	7.977026164645819595e-01	1.435864709636247483e+01	7.977026164645819151e+00	4.786215698787492201e+00	3.230695596681557191e+01	3.988513082322909575e+00	1.037013401403956614e+01	3.988513082322909575e+00	2.393107849393745923e+01	1.116783663050414788e+01	5.982769623484364807e+00	7.977026164645819151e+00	6.535018120973789735e+01	1.635290363752393006e+01
1.824802910674433676e+01	4.786215698787492201e+00	3.111040204211869664e+01	1.156668793873643786e+01	0.000000000000000000e+00	2.791959157626036969e+00	7.937839139963020330e+01	1.994256541161454876e+01	3.390236119974473183e+01	8.375877472878110908e+00	4.068283343969368104e+01	7.179323548181237413e+00	1.196553924696872961e+01	1.794830887045309353e+01	3.988513082322909797e-01	7.578174856413528282e+00	6.780472239948946545e+00	2.592533503509891446e+01	1.037013401403956614e+01	1.715060625398851357e+01
5.982769623484364807e+00	0.000000000000000000e+00	0.000000000000000000e+00	3.190810465858327838e+00	2.791959157626036969e+00	0.000000000000000000e+00	7.977026164645819595e-01	1.116783663050414788e+01	1.555520102105934832e+01	7.179323548181237413e+00	2.672303765156349442e+01	2.791959157626036969e+01	3.509891512444160355e+01	0.000000000000000000e+00	0.000000000000000000e+00	3.589661774090618707e+00	0.000000000000000000e+00	2.791959157626036969e+00	1.156668793873643786e+01	1.156668793873643786e+01
2.393107849393746100e+00	0.000000000000000000e+00	1.635290363752393006e+01	7.977026164645819595e-01	7.937839139963020330e+01	7.977026164645819595e-01	0.000000000000000000e+00	2.911614550095724141e+01	1.196553924696872961e+01	0.000000000000000000e+00	2.353222718570516747e+01	1.994256541161454788e+00	7.977026164645819595e-01	6.827664215042008777e+01	1.156668793873643786e+01	2.791959157626036969e+00	1.475749840459476658e+01	1.874601148691767705e+01	7.977026164645819595e-01	1.435864709636247483e+01
1.395979578813018485e+01	5.982769623484364807e+00	2.845294466754882379e+01	1.435864709636247483e+01	1.994256541161454876e+01	1.116783663050414788e+01	2.911614550095724141e+01	0.000000000000000000e+00	7.179323548181237413e+00	9.173580089342692645e+00	2.273452456924058751e+01	1.994256541161454876e+01	1.236439055520101959e+01	2.831844288449265790e+01	8.576001233134685720e+01	2.393107849393745923e+01	6.754502691524953661e+01	1.356094447989789309e+01	6.780472239948946545e+00	3.868857689853222581e+01
2.512763241863433095e+01	0.000000000000000000e+00	1.954371410338225701e+01	7.977026164645819151e+00	3.390236119974473183e+01	1.555520102105934832e+01	1.196553924696872961e+01	7.179323548181237413e+00	0.000000000000000000e+00	3.629546904913848238e+01	1.064695636892470816e+02	5.481250172199514026e+01	3.872394760964734672e+01	3.988513082322909797e-01	3.988513082322909575e+00	3.111040204211869664e+01	7.977026164645819151e+00	7.977026164645819151e+00	1.914486279514996880e+01	1.754945756222080178e+01
9.450402444227835019e+01	0.000000000000000000e+00	2.313337587747287571e+01	4.786215698787492201e+00	8.375877472878110908e+00	7.179323548181237413e+00	0.000000000000000000e+00	9.173580089342692645e+00	3.629546904913848238e+01	0.000000000000000000e+00	9.572431397574984402e+00	5.541194219457763381e+01	2.529517789233751301e+01	1.196553924696873050e+00	7.977026164645819151e+00	6.684645537072600519e+01	1.316209317166560311e+01	2.393107849393746100e+00	1.635290363752393006e+01	2.393107849393746100e+00
2.253626242535849045e+01	0.000000000000000000e+00	2.712188895979578618e+01	3.230695596681557191e+01	4.068283343969368104e+01	2.672303765156349442e+01	2.353222718570516747e+01	2.273452456924058751e+01	1.064695636892470816e+02	9.572431397574984402e+00	0.000000000000000000e+00	2.951499680918953317e+01	4.666560306317804674e+01	8.375877472878110908e+00	2.432992980216975099e+01	1.834716017868538529e+01	2.791959157626036969e+00	1.914486279514996880e+01	3.749202297383535409e+01	9.573362205762224164e+01
1.475749840459476658e+01	0.000000000000000000e+00	1.356094447989789309e+01	3.988513082322909575e+00	7.179323548181237413e+00	2.791959157626036969e+01	1.994256541161454788e+00	1.994256541161454876e+01	5.481250172199514026e+01	5.541194219457763381e+01	2.951499680918953317e+01	0.000000000000000000e+00	7.386056046567216526e+01	0.000000000000000000e+00	7.578174856413528282e+00	3.948860653546491051e+01	7.578174856413528282e+00	2.393107849393746100e+00	3.157766775211311838e+01	7.578174856413528282e+00
6.565222846649722044e+01	2.393107849393746100e+00	1.435864709636247483e+01	1.037013401403956614e+01	1.196553924696872961e+01	3.509891512444160355e+01	7.977026164645819595e-01	1.236439055520101959e+01	3.872394760964734672e+01	2.529517789233751301e+01	4.666560306317804674e+01	7.386056046567216526e+01	0.000000000000000000e+00	2.393107849393746100e+00	4.786215698787492201e+00	2.233567326100829575e+01	0.000000000000000000e+00	2.320179027923500570e+01	7.249878808774020911e+01	2.273452456924058751e+01
4.387364390555200444e+00	7.179323548181237413e+00	2.233567326100829575e+01	3.988513082322909575e+00	1.794830887045309353e+01	0.000000000000000000e+00	6.827664215042008777e+01	2.831844288449265790e+01	3.988513082322909797e-01	1.196553924696873050e+00	8.375877472878110908e+00	0.000000000000000000e+00	2.393107849393746100e+00	0.000000000000000000e+00	2.675840836267861533e+01	1.475749840459476658e+01	2.313337587747287571e+01	5.850362158849491578e+01	7.977026164645819595e-01	2.353222718570516747e+01
4.597168555959070346e+01	0.000000000000000000e+00	1.914486279514996880e+01	2.393107849393745923e+01	3.988513082322909797e-01	0.000000000000000000e+00	1.156668793873643786e+01	8.576001233134685720e+01	3.988513082322909575e+00	7.977026164645819151e+00	2.432992980216975099e+01	7.578174856413528282e+00	4.786215698787492201e+00	2.675840836267861533e+01	0.000000000000000000e+00	1.794830887045309353e+01	2.233567326100829575e+01	1.675175494575622182e+01	1.196553924696872961e+01	7.565422784248342225e+01
5.075790125837819744e+01	5.583918315252073938e+00	2.871729419272494965e+01	1.116783663050414788e+01	7.578174856413528282e+00	3.589661774090618707e+00	2.791959157626036969e+00	2.393107849393745923e+01	3.111040204211869664e+01	6.684645537072600519e+01	1.834716017868538529e+01	3.948860653546491051e+01	2.233567326100829575e+01	1.475749840459476658e+01	1.794830887045309353e+01	0.000000000000000000e+00	3.310465858328014832e+01	2.791959157626036969e+00	2.353222718570516747e+01	9.572431397574984402e+00
1.515634971282705656e+01	5.002628602320765339e+01	6.521800644714983264e+01	5.982769623484364807e+00	6.780472239948946545e+00	0.000000000000000000e+00	1.475749840459476658e+01	6.754502691524953661e+01	7.977026164645819151e+00	1.316209317166560311e+01	2.791959157626036969e+00	7.578174856413528282e+00	0.000000000000000000e+00	2.313337587747287571e+01	2.233567326100829575e+01	3.310465858328014832e+01	0.000000000000000000e+00	3.390236119974473183e+01	1.236439055520101959e+01	1.276324186343331135e+01
1.076898532227185612e+01	2.791959157626036969e+01	3.470006381620931535e+01	7.977026164645819151e+00	2.592533503509891446e+01	2.791959157626036969e+00	1.874601148691767705e+01	1.356094447989789309e+01	7.977026164645819151e+00	2.393107849393746100e+00	1.914486279514996880e+01	2.393107849393746100e+00	2.320179027923500570e+01	5.850362158849491578e+01	1.675175494575622182e+01	2.791959157626036969e+00	3.390236119974473183e+01	0.000000000000000000e+00	9.572431397574984402e+00	8.901923719896731768e+01
2.113911933631142048e+01	0.000000000000000000e+00	3.150925335035098840e+01	6.535018120973789735e+01	1.037013401403956614e+01	1.156668793873643786e+01	7.977026164645819595e-01	6.780472239948946545e+00	1.914486279514996880e+01	1.635290363752393006e+01	3.749202297383535409e+01	3.157766775211311838e+01	7.249878808774020911e+01	7.977026164645819595e-01	1.196553924696872961e+01	2.353222718570516747e+01	1.236439055520101959e+01	9.572431397574984402e+00	0.000000000000000000e+00	1.156668793873643786e+01
1.794830887045309353e+01	5.185067007019783070e+00	1.555520102105934832e+01	1.635290363752393006e+01	1.715060625398851357e+01	1.156668793873643786e+01	1.435864709636247483e+01	3.868857689853222581e+01	1.754945756222080178e+01	2.393107849393746100e+00	9.573362205762224164e+01	7.578174856413528282e+00	2.273452456924058751e+01	2.353222718570516747e+01	7.565422784248342225e+01	9.572431397574984402e+00	1.276324186343331135e+01	8.901923719896731768e+01	1.156668793873643786e+01	0.000000000000000000e+00
