0.000000000000000000e+00	3.585885472643811767e+01	7.864841246722981793e+00	4.660646664724730215e+00	8.156131663268277876e+00	1.835129624235362655e+01	1.398193999417419064e+01	4.522785941721827641e+01	1.718613457617244222e+01	1.427323041071948673e+01	2.826144821559508458e+01	1.864258665889892086e+01	1.835129624235362655e+01	1.456452082726478281e+01	1.252548791144771201e+01	2.272065249053305891e+01	5.112523479012023131e+01	1.136032624526652945e+01	1.543839207690066928e+01	1.136032624526652945e+01
3.585885472643811767e+01	0.000000000000000000e+00	5.534517914360616686e+00	5.243227497815321492e+00	9.321293329449460430e+00	1.543839207690066928e+01	1.048645499563064298e+01	3.116807457034663287e+01	2.971790029832156321e+01	1.398193999417419064e+01	1.427323041071948673e+01	4.874720009642716434e+01	1.718613457617244222e+01	1.456452082726478281e+01	1.631226332653655575e+01	2.707243086874855464e+01	1.689484415962714792e+01	1.339935916108359848e+01	1.048645499563064298e+01	1.485581124381007712e+01
7.864841246722981793e+00	5.534517914360616686e+00	0.000000000000000000e+00	8.738712496358868265e+00	1.514710166035537320e+01	1.369064957762889456e+01	6.990969997087095322e+00	2.039032915817069380e+01	1.893387707544421517e+01	1.048645499563064298e+01	2.415952670329559737e+01	1.631226332653655575e+01	1.398193999417419064e+01	7.864841246722981793e+00	1.136032624526652945e+01	1.136032624526652945e+01	1.835129624235362655e+01	2.678114045220326034e+01	5.536401257571039025e+01	1.194290707835712162e+01
4.660646664724730215e+00	5.243227497815321492e+00	8.738712496358868265e+00	0.000000000000000000e+00	6.408389163996504045e+00	1.339935916108359848e+01	6.699679580541799240e+00	2.126420040780658027e+01	1.194290707835712162e+01	4.069779121508280895e+01	1.048645499563064298e+01	1.864258665889892086e+01	1.194290707835712162e+01	1.427323041071948673e+01	8.738712496358868265e+00	8.447422079813573959e+00	1.543839207690066928e+01	9.030002912904164347e+00	1.689484415962714792e+01	1.077774541217593907e+01
8.156131663268277876e+00	9.321293329449460430e+00	1.514710166035537320e+01	6.408389163996504045e+00	0.000000000000000000e+00	1.427323041071948673e+01	6.117098747451208851e+00	1.747742499271773653e+01	6.659376035838765517e+01	9.612583745994756512e+00	1.747742499271773653e+01	1.864258665889892086e+01	1.893387707544421517e+01	1.048645499563064298e+01	6.941751961188063547e+01	1.136032624526652945e+01	1.602097290999126145e+01	4.383669656578643270e+01	1.339935916108359848e+01	1.689484415962714792e+01
1.835129624235362655e+01	1.543839207690066928e+01	1.369064957762889456e+01	1.339935916108359848e+01	1.427323041071948673e+01	0.000000000000000000e+00	1.077774541217593907e+01	2.971162248762015423e+01	1.864258665889892086e+01	4.116737145554807853e+01	2.469439617505549478e+01	3.034191468204144471e+01	1.689484415962714792e+01	6.253327239671745730e+01	1.165161666181182554e+01	1.398193999417419064e+01	2.242936207398776460e+01	1.864258665889892086e+01	1.543839207690066928e+01	1.543839207690066928e+01
1.398193999417419064e+01	1.048645499563064298e+01	6.990969997087095322e+00	6.699679580541799240e+00	6.117098747451208851e+00	1.077774541217593907e+01	0.000000000000000000e+00	4.251710075635063646e+01	7.573550830177686599e+00	9.030002912904164347e+00	1.136032624526652945e+01	3.731530680916459630e+01	1.369064957762889456e+01	9.903874162540052595e+00	7.282260413632391405e+00	5.953122331930451594e+01	2.297050935644906744e+01	1.456452082726478281e+01	1.223419749490241770e+01	1.864258665889892086e+01
4.522785941721827641e+01	3.116807457034663287e+01	2.039032915817069380e+01	2.126420040780658027e+01	1.747742499271773653e+01	2.971162248762015423e+01	4.251710075635063646e+01	0.000000000000000000e+00	2.767258957180308698e+01	6.087467480940566134e+01	3.175065540343722503e+01	7.875639081129403962e+01	2.854646082143897345e+01	2.650742790562190265e+01	2.126420040780658027e+01	6.212898138754682975e+01	3.553743081852606878e+01	2.417710457325953755e+01	2.709000873871249482e+01	2.679871832216719696e+01
1.718613457617244222e+01	2.971790029832156321e+01	1.893387707544421517e+01	1.194290707835712162e+01	6.659376035838765517e+01	1.864258665889892086e+01	7.573550830177686599e+00	2.767258957180308698e+01	0.000000000000000000e+00	1.281677832799300809e+01	5.379455990035858548e+01	2.534226623944072188e+01	2.242936207398776460e+01	1.281677832799300809e+01	4.796247375875126551e+01	2.359452374016894538e+01	2.388581415671424324e+01	2.330323332362365107e+01	5.121437970208021540e+01	1.514710166035537320e+01
1.427323041071948673e+01	1.398193999417419064e+01	1.048645499563064298e+01	4.069779121508280895e+01	9.612583745994756512e+00	4.116737145554807853e+01	9.030002912904164347e+00	6.087467480940566134e+01	1.281677832799300809e+01	0.000000000000000000e+00	3.375453257932641549e+01	2.563355665598601618e+01	1.951645790853480733e+01	7.029139086151651838e+01	1.514710166035537320e+01	1.427323041071948673e+01	2.068161957471599166e+01	1.631226332653655575e+01	1.572968249344596359e+01	1.485581124381007712e+01
2.826144821559508458e+01	1.427323041071948673e+01	2.415952670329559737e+01	1.048645499563064298e+01	1.747742499271773653e+01	2.469439617505549478e+01	1.136032624526652945e+01	3.175065540343722503e+01	5.379455990035858548e+01	3.375453257932641549e+01	0.000000000000000000e+00	2.097290999126128597e+01	1.951645790853480733e+01	1.602097290999126145e+01	1.631226332653655575e+01	3.673272597607400058e+01	2.446839498980483540e+01	2.359452374016894538e+01	2.126420040780658027e+01	1.864258665889892086e+01
1.864258665889892086e+01	4.874720009642716434e+01	1.631226332653655575e+01	1.864258665889892086e+01	1.864258665889892086e+01	3.034191468204144471e+01	3.731530680916459630e+01	7.875639081129403962e+01	2.534226623944072188e+01	2.563355665598601618e+01	2.097290999126128597e+01	0.000000000000000000e+00	2.505097582289542402e+01	2.184678124089717244e+01	2.097290999126128597e+01	3.029420332071074640e+01	2.650742790562190265e+01	2.679871832216719696e+01	2.505097582289542402e+01	5.367528149703184681e+01
1.835129624235362655e+01	1.718613457617244222e+01	1.398193999417419064e+01	1.194290707835712162e+01	1.893387707544421517e+01	1.689484415962714792e+01	1.369064957762889456e+01	2.854646082143897345e+01	2.242936207398776460e+01	1.951645790853480733e+01	1.951645790853480733e+01	2.505097582289542402e+01	0.000000000000000000e+00	1.427323041071948673e+01	2.009903874162539950e+01	1.864258665889892086e+01	2.330323332362365107e+01	2.242936207398776460e+01	1.835129624235362655e+01	1.864258665889892086e+01
1.456452082726478281e+01	1.456452082726478281e+01	7.864841246722981793e+00	1.427323041071948673e+01	1.048645499563064298e+01	6.253327239671745730e+01	9.903874162540052595e+00	2.650742790562190265e+01	1.281677832799300809e+01	7.029139086151651838e+01	1.602097290999126145e+01	2.184678124089717244e+01	1.427323041071948673e+01	0.000000000000000000e+00	1.019516457908534690e+01	1.048645499563064298e+01	1.747742499271773653e+01	1.689484415962714792e+01	1.019516457908534690e+01	1.602097290999126145e+01
1.252548791144771201e+01	1.631226332653655575e+01	1.136032624526652945e+01	8.738712496358868265e+00	6.941751961188063547e+01	1.165161666181182554e+01	7.282260413632391405e+00	2.126420040780658027e+01	4.796247375875126551e+01	1.514710166035537320e+01	1.631226332653655575e+01	2.097290999126128597e+01	2.009903874162539950e+01	1.019516457908534690e+01	0.000000000000000000e+00	1.922516749198951302e+01	2.359452374016894538e+01	6.724163042277287161e+01	1.427323041071948673e+01	1.543839207690066928e+01
2.272065249053305891e+01	2.707243086874855464e+01	1.136032624526652945e+01	8.447422079813573959e+00	1.136032624526652945e+01	1.398193999417419064e+01	5.953122331930451594e+01	6.212898138754682975e+01	2.359452374016894538e+01	1.427323041071948673e+01	3.673272597607400058e+01	3.029420332071074640e+01	1.864258665889892086e+01	1.048645499563064298e+01	1.922516749198951302e+01	0.000000000000000000e+00	2.301194290707835677e+01	2.213807165744246674e+01	5.352712516447864033e+01	2.097290999126128597e+01
5.112523479012023131e+01	1.689484415962714792e+01	1.835129624235362655e+01	1.543839207690066928e+01	1.602097290999126145e+01	2.242936207398776460e+01	2.297050935644906744e+01	3.553743081852606878e+01	2.388581415671424324e+01	2.068161957471599166e+01	2.446839498980483540e+01	2.650742790562190265e+01	2.330323332362365107e+01	1.747742499271773653e+01	2.359452374016894538e+01	2.301194290707835677e+01	0.000000000000000000e+00	2.534226623944072188e+01	7.076097110198178086e+01	1.864258665889892086e+01
1.136032624526652945e+01	1.339935916108359848e+01	2.678114045220326034e+01	9.030002912904164347e+00	4.383669656578643270e+01	1.864258665889892086e+01	1.456452082726478281e+01	2.417710457325953755e+01	2.330323332362365107e+01	1.631226332653655575e+01	2.359452374016894538e+01	2.679871832216719696e+01	2.242936207398776460e+01	1.689484415962714792e+01	6.724163042277287161e+01	2.213807165744246674e+01	2.534226623944072188e+01	0.000000000000000000e+00	1.806000582580832869e+01	5.424028446015849880e+01
1.543839207690066928e+01	1.048645499563064298e+01	5.536401257571039025e+01	1.689484415962714792e+01	1.339935916108359848e+01	1.543839207690066928e+01	1.223419749490241770e+01	2.709000873871249482e+01	5.121437970208021540e+01	1.572968249344596359e+01	2.126420040780658027e+01	2.505097582289542402e+01	1.835129624235362655e+01	1.019516457908534690e+01	1.427323041071948673e+01	5.352712516447864033e+01	7.076097110198178086e+01	1.806000582580832869e+01	0.000000000000000000e+00	1.992074891770543488e+01
1.136032624526652945e+01	1.485581124381007712e+01	1.194290707835712162e+01	1.077774541217593907e+01	1.689484415962714792e+01	1.543839207690066928e+01	1.864258665889892086e+01	2.679871832216719696e+01	1.514710166035537320e+01	1.485581124381007712e+01	1.864258665889892086e+01	5.367528149703184681e+01	1.864258665889892086e+01	1.602097290999126145e+01	1.543839207690066928e+01	2.097290999126128597e+01	1.864258665889892086e+01	5.424028446015849880e+01	1.992074891770543488e+01	0.000000000000000000e+00
