0.000000000000000000e+00	2.278022262490292604e+01	2.562775045301578913e+01	1.915609629821382498e+01	3.054620761066528445e+01	2.070929329536629382e+01	2.303908879109500418e+01	2.976960911208905003e+01	1.164897747864354116e+01	4.128915350763654857e+01	1.812063163344550887e+01	1.579083613771680028e+01	1.294330830960393541e+01	1.294330830960393541e+01	1.786176546725343073e+01	9.060315816722754434e+00	1.501423763914056408e+01	3.041677452756924538e+01	2.200362412632668807e+01	1.786176546725343073e+01
2.278022262490292604e+01	0.000000000000000000e+00	2.951074294589697189e+01	2.433341962205539843e+01	6.083354905513849076e+01	2.821641211493657764e+01	2.769867978255242136e+01	2.433341962205539843e+01	1.941496246440590312e+01	1.604970230390888020e+01	3.740616101475536937e+01	2.239192337561480883e+01	1.863836396582966515e+01	1.967382863059798126e+01	2.692208128397618339e+01	1.294330830960393541e+01	2.614548278539994897e+01	1.656743463629303648e+01	5.242039865389593700e+01	2.252135645871084790e+01
2.562775045301578913e+01	2.951074294589697189e+01	0.000000000000000000e+00	2.303908879109500418e+01	6.432824229873155275e+01	2.096815946155837551e+01	2.847527828112865578e+01	1.863836396582966515e+01	1.863836396582966515e+01	1.475537147294848594e+01	2.329795495728708232e+01	5.953921822417810006e+01	1.371990680818017161e+01	1.449650530675640780e+01	2.640434895159202711e+01	1.294330830960393541e+01	1.682630080248511462e+01	1.527310380533264222e+01	5.112606782293553920e+01	5.733885581154542876e+01
1.915609629821382498e+01	2.433341962205539843e+01	2.303908879109500418e+01	0.000000000000000000e+00	4.659590991457416465e+01	1.061351281387522683e+01	1.708516696867719276e+01	1.630856847010095834e+01	5.009060315816722664e+01	1.346104064198809169e+01	1.449650530675640780e+01	1.915609629821382498e+01	9.578048149106912490e+00	1.475537147294848594e+01	1.734403313486927090e+01	1.346104064198809169e+01	1.320217447579601355e+01	1.760289930106135259e+01	1.941496246440590312e+01	2.381568728967123860e+01
3.054620761066528445e+01	6.083354905513849076e+01	6.432824229873155275e+01	4.659590991457416465e+01	0.000000000000000000e+00	2.692208128397618339e+01	2.692208128397618339e+01	2.743981361636034322e+01	4.232461817240486823e+01	2.433341962205539843e+01	2.821641211493657764e+01	4.620761066528604744e+01	1.760289930106135259e+01	3.611183018379497867e+01	2.692208128397618339e+01	1.553196997152472214e+01	4.594874449909396930e+01	2.045042712917421568e+01	3.080507377685736614e+01	2.562775045301578913e+01
2.070929329536629382e+01	2.821641211493657764e+01	2.096815946155837551e+01	1.061351281387522683e+01	2.692208128397618339e+01	0.000000000000000000e+00	6.238674605229096670e+01	5.009060315816722664e+01	1.786176546725343073e+01	1.475537147294848594e+01	2.588661661920787083e+01	1.656743463629303648e+01	1.708516696867719276e+01	1.346104064198809169e+01	4.452498058503753242e+01	1.320217447579601355e+01	3.417033393735438551e+01	1.320217447579601355e+01	2.394512037276727767e+01	1.967382863059798126e+01
2.303908879109500418e+01	2.769867978255242136e+01	2.847527828112865578e+01	1.708516696867719276e+01	2.692208128397618339e+01	6.238674605229096670e+01	0.000000000000000000e+00	2.976960911208905003e+01	4.879627232720683594e+01	2.329795495728708232e+01	3.028734144447320631e+01	2.226249029251876621e+01	1.604970230390888020e+01	1.604970230390888020e+01	2.562775045301578913e+01	2.562775045301578913e+01	1.760289930106135259e+01	1.734403313486927090e+01	2.562775045301578913e+01	5.850375355940978750e+01
2.976960911208905003e+01	2.433341962205539843e+01	1.863836396582966515e+01	1.630856847010095834e+01	2.743981361636034322e+01	5.009060315816722664e+01	2.976960911208905003e+01	0.000000000000000000e+00	1.604970230390888020e+01	2.976960911208905003e+01	2.278022262490292604e+01	1.786176546725343073e+01	1.630856847010095834e+01	1.993269479679005940e+01	2.666321511778410525e+01	1.501423763914056408e+01	1.786176546725343073e+01	1.320217447579601355e+01	1.656743463629303648e+01	3.300543618949003388e+01
1.164897747864354116e+01	1.941496246440590312e+01	1.863836396582966515e+01	5.009060315816722664e+01	4.232461817240486823e+01	1.786176546725343073e+01	4.879627232720683594e+01	1.604970230390888020e+01	0.000000000000000000e+00	1.346104064198809169e+01	1.786176546725343073e+01	1.242557597721977736e+01	1.190784364483561930e+01	1.889723013202174329e+01	1.863836396582966515e+01	1.708516696867719276e+01	9.578048149106912490e+00	2.588661661920787083e+01	3.507636551902666611e+01	3.921822417809992345e+01
4.128915350763654857e+01	1.604970230390888020e+01	1.475537147294848594e+01	1.346104064198809169e+01	2.433341962205539843e+01	1.475537147294848594e+01	2.329795495728708232e+01	2.976960911208905003e+01	1.346104064198809169e+01	0.000000000000000000e+00	1.708516696867719276e+01	1.190784364483561930e+01	1.656743463629303648e+01	3.624126326689101774e+01	1.915609629821382498e+01	9.578048149106912490e+00	1.061351281387522683e+01	2.122702562775045365e+01	1.553196997152472214e+01	1.656743463629303648e+01
1.812063163344550887e+01	3.740616101475536937e+01	2.329795495728708232e+01	1.449650530675640780e+01	2.821641211493657764e+01	2.588661661920787083e+01	3.028734144447320631e+01	2.278022262490292604e+01	1.786176546725343073e+01	1.708516696867719276e+01	0.000000000000000000e+00	5.423246181724048398e+01	2.070929329536629382e+01	1.397877297437224975e+01	2.226249029251876621e+01	4.025368884286823601e+01	2.226249029251876621e+01	4.193631892311675102e+01	1.967382863059798126e+01	2.070929329536629382e+01
1.579083613771680028e+01	2.239192337561480883e+01	5.953921822417810006e+01	1.915609629821382498e+01	4.620761066528604744e+01	1.656743463629303648e+01	2.226249029251876621e+01	1.786176546725343073e+01	1.242557597721977736e+01	1.190784364483561930e+01	5.423246181724048398e+01	0.000000000000000000e+00	2.032099404607817661e+01	1.139011131245146302e+01	1.837949779963758701e+01	7.248252653378203902e+00	1.397877297437224975e+01	1.553196997152472214e+01	1.760289930106135259e+01	2.226249029251876621e+01
1.294330830960393541e+01	1.863836396582966515e+01	1.371990680818017161e+01	9.578048149106912490e+00	1.760289930106135259e+01	1.708516696867719276e+01	1.604970230390888020e+01	1.630856847010095834e+01	1.190784364483561930e+01	1.656743463629303648e+01	2.070929329536629382e+01	2.032099404607817661e+01	0.000000000000000000e+00	1.708516696867719276e+01	1.812063163344550887e+01	7.507118819570282042e+00	1.527310380533264222e+01	1.294330830960393541e+01	1.579083613771680028e+01	1.139011131245146302e+01
1.294330830960393541e+01	1.967382863059798126e+01	1.449650530675640780e+01	1.475537147294848594e+01	3.611183018379497867e+01	1.346104064198809169e+01	1.604970230390888020e+01	1.993269479679005940e+01	1.889723013202174329e+01	3.624126326689101774e+01	1.397877297437224975e+01	1.139011131245146302e+01	1.708516696867719276e+01	0.000000000000000000e+00	2.226249029251876621e+01	1.087237898006730497e+01	1.087237898006730497e+01	1.139011131245146302e+01	1.579083613771680028e+01	1.708516696867719276e+01
1.786176546725343073e+01	2.692208128397618339e+01	2.640434895159202711e+01	1.734403313486927090e+01	2.692208128397618339e+01	4.452498058503753242e+01	2.562775045301578913e+01	2.666321511778410525e+01	1.863836396582966515e+01	1.915609629821382498e+01	2.226249029251876621e+01	1.837949779963758701e+01	1.812063163344550887e+01	2.226249029251876621e+01	0.000000000000000000e+00	1.320217447579601355e+01	1.915609629821382498e+01	1.242557597721977736e+01	6.251617913538700577e+01	2.252135645871084790e+01
9.060315816722754434e+00	1.294330830960393541e+01	1.294330830960393541e+01	1.346104064198809169e+01	1.553196997152472214e+01	1.320217447579601355e+01	2.562775045301578913e+01	1.501423763914056408e+01	1.708516696867719276e+01	9.578048149106912490e+00	4.025368884286823601e+01	7.248252653378203902e+00	7.507118819570282042e+00	1.087237898006730497e+01	1.320217447579601355e+01	0.000000000000000000e+00	8.283717318146518238e+00	1.113124514625938311e+01	3.662956251617913495e+01	1.449650530675640780e+01
1.501423763914056408e+01	2.614548278539994897e+01	1.682630080248511462e+01	1.320217447579601355e+01	4.594874449909396930e+01	3.417033393735438551e+01	1.760289930106135259e+01	1.786176546725343073e+01	9.578048149106912490e+00	1.061351281387522683e+01	2.226249029251876621e+01	1.397877297437224975e+01	1.527310380533264222e+01	1.087237898006730497e+01	1.915609629821382498e+01	8.283717318146518238e+00	0.000000000000000000e+00	1.113124514625938311e+01	2.718094745016826153e+01	1.164897747864354116e+01
3.041677452756924538e+01	1.656743463629303648e+01	1.527310380533264222e+01	1.760289930106135259e+01	2.045042712917421568e+01	1.320217447579601355e+01	1.734403313486927090e+01	1.320217447579601355e+01	2.588661661920787083e+01	2.122702562775045365e+01	4.193631892311675102e+01	1.553196997152472214e+01	1.294330830960393541e+01	1.139011131245146302e+01	1.242557597721977736e+01	1.113124514625938311e+01	1.113124514625938311e+01	0.000000000000000000e+00	1.604970230390888020e+01	1.190784364483561930e+01
2.200362412632668807e+01	5.242039865389593700e+01	5.112606782293553920e+01	1.941496246440590312e+01	3.080507377685736614e+01	2.394512037276727767e+01	2.562775045301578913e+01	1.656743463629303648e+01	3.507636551902666611e+01	1.553196997152472214e+01	1.967382863059798126e+01	1.760289930106135259e+01	1.579083613771680028e+01	1.579083613771680028e+01	6.251617913538700577e+01	3.662956251617913495e+01	2.718094745016826153e+01	1.604970230390888020e+01	0.000000000000000000e+00	2.148589179394253179e+01
1.786176546725343073e+01	2.252135645871084790e+01	5.733885581154542876e+01	2.381568728967123860e+01	2.562775045301578913e+01	1.967382863059798126e+01	5.850375355940978750e+01	3.300543618949003388e+01	3.921822417809992345e+01	1.656743463629303648e+01	2.070929329536629382e+01	2.226249029251876621e+01	1.139011131245146302e+01	1.708516696867719276e+01	2.252135645871084790e+01	1.449650530675640780e+01	1.164897747864354116e+01	1.190784364483561930e+01	2.148589179394253179e+01	0.000000000000000000e+00
