0.000000000000000000e+00	2.830312162930569997e+01	2.996717109933225842e+01	2.178604820507228723e+01	4.732296683641837376e+01	3.443855305502267328e+01	2.428831594685277295e+01	2.200362412632668807e+01	1.164897747864354116e+01	2.839745800420471511e+01	2.002734676591789409e+01	2.032750317704765308e+01	1.517876743043362886e+01	1.445553065604755183e+01	2.388333067737222848e+01	9.060315816722754434e+00	1.672370637859856757e+01	2.215576684413845143e+01	2.404183685414200156e+01	2.134645174384089827e+01
2.830312162930569997e+01	0.000000000000000000e+00	4.241999280905343284e+01	3.057955540084425294e+01	4.145987683567027204e+01	3.664364329007352694e+01	3.124911485681134593e+01	2.656887874288509011e+01	2.046694322714929015e+01	1.854815661542441774e+01	3.479528052862407606e+01	2.549243942740791979e+01	2.330652860050344088e+01	2.546712312326001282e+01	3.369420744413673674e+01	1.294330830960393541e+01	3.887684087996478866e+01	1.932888413849442699e+01	3.380093089251705152e+01	3.525669932889214664e+01
2.996717109933225842e+01	4.241999280905343284e+01	0.000000000000000000e+00	2.573478949562493057e+01	3.752765164309269608e+01	2.586431018685916428e+01	3.315112784020558934e+01	1.916435434720135689e+01	2.726654168276770918e+01	1.777981616583572233e+01	2.671689243620308929e+01	3.576413477338191882e+01	1.740183947778202267e+01	1.768717206821564858e+01	3.479657102667014357e+01	1.320630350028978128e+01	1.985074549537235100e+01	2.786527938015140293e+01	3.440405514475006754e+01	3.292968042481297886e+01
2.178604820507228723e+01	3.057955540084425294e+01	2.573478949562493057e+01	0.000000000000000000e+00	3.316790146853621479e+01	1.186273996963299737e+01	1.708516696867719276e+01	1.755779562585872711e+01	2.355682112347916046e+01	1.556500216747486398e+01	1.548273727182833071e+01	2.303527536083005955e+01	9.709545744449835425e+00	1.561010584267748769e+01	1.984248744638481199e+01	1.346104064198809169e+01	1.471439682223963175e+01	1.760289930106135259e+01	2.066418962016367189e+01	3.725491230981584323e+01
4.732296683641837376e+01	4.145987683567027204e+01	3.752765164309269608e+01	3.316790146853621479e+01	0.000000000000000000e+00	2.988077717919195564e+01	2.823705723740541629e+01	2.855754317677518728e+01	2.491690075211101885e+01	3.353398189361382720e+01	3.137235440316673518e+01	3.460104400740889474e+01	1.970686082654812310e+01	2.640434895159202711e+01	3.001227477453488035e+01	1.553196997152472214e+01	2.796993302222580269e+01	2.786808693920002256e+01	3.152831055124344317e+01	3.074050219575373433e+01
3.443855305502267328e+01	3.664364329007352694e+01	2.586431018685916428e+01	1.186273996963299737e+01	2.988077717919195564e+01	0.000000000000000000e+00	4.354623794881136689e+01	3.062021445732428404e+01	2.009722458808312595e+01	1.771406736816425820e+01	2.746458776332294605e+01	1.840840097109396112e+01	2.103009482896489146e+01	1.385553342801686227e+01	3.142571612735689257e+01	1.412265764319647587e+01	2.449382038885469370e+01	1.484589441758255468e+01	2.573066047113115928e+01	2.079155819101282532e+01
2.428831594685277295e+01	3.124911485681134593e+01	3.315112784020558934e+01	1.708516696867719276e+01	2.823705723740541629e+01	4.354623794881136689e+01	0.000000000000000000e+00	3.207081703059020583e+01	3.690096142786398303e+01	2.390652582853412866e+01	3.996721529732489131e+01	2.364321504361946324e+01	1.986313256885365064e+01	1.604970230390888020e+01	2.753446558548817791e+01	3.230270558275451265e+01	1.911512164750497078e+01	1.872475788596996793e+01	3.647573281514746668e+01	3.062021445732428404e+01
2.200362412632668807e+01	2.656887874288509011e+01	1.916435434720135689e+01	1.755779562585872711e+01	2.855754317677518728e+01	3.062021445732428404e+01	3.207081703059020583e+01	0.000000000000000000e+00	1.775917104336688368e+01	2.209001804646699085e+01	3.409214671952153708e+01	1.878224863465389305e+01	2.025349633038865349e+01	2.750889175098471640e+01	2.949041341765695634e+01	2.178607917247136427e+01	1.865075103931097189e+01	1.451715042922524646e+01	1.715917381533618880e+01	2.717713401990331690e+01
1.164897747864354116e+01	2.046694322714929015e+01	2.726654168276770918e+01	2.355682112347916046e+01	2.491690075211101885e+01	2.009722458808312595e+01	3.690096142786398303e+01	1.775917104336688368e+01	0.000000000000000000e+00	1.592078570465809761e+01	1.884799743232535363e+01	1.321456154927731674e+01	1.217083883552146517e+01	1.896297892969320742e+01	1.936160074021574573e+01	2.188482919869389320e+01	9.578048149106912490e+00	1.724143871098272385e+01	2.280086774737176469e+01	2.433341962205539843e+01
2.839745800420471511e+01	1.854815661542441774e+01	1.777981616583572233e+01	1.556500216747486398e+01	3.353398189361382720e+01	1.771406736816425820e+01	2.390652582853412866e+01	2.209001804646699085e+01	1.592078570465809761e+01	0.000000000000000000e+00	1.840014292210642566e+01	1.670750587485231975e+01	3.103530101914180150e+01	2.046694322714929015e+01	2.454749770727367775e+01	1.076152650719322068e+01	1.258597674401907440e+01	2.313374076022283887e+01	2.376963967805044575e+01	2.064386009192365989e+01
2.002734676591789409e+01	3.479528052862407606e+01	2.671689243620308929e+01	1.548273727182833071e+01	3.137235440316673518e+01	2.746458776332294605e+01	3.996721529732489131e+01	3.409214671952153708e+01	1.884799743232535363e+01	1.840014292210642566e+01	0.000000000000000000e+00	2.563600850200332459e+01	2.518021153702568427e+01	1.555674411848732852e+01	2.324872225759069266e+01	2.527867693641846714e+01	3.066239729200004760e+01	2.933858629407401608e+01	2.118605097704159945e+01	2.294475241619598904e+01
2.032750317704765308e+01	2.549243942740791979e+01	3.576413477338191882e+01	2.303527536083005955e+01	3.460104400740889474e+01	1.840840097109396112e+01	2.364321504361946324e+01	1.878224863465389305e+01	1.321456154927731674e+01	1.670750587485231975e+01	2.563600850200332459e+01	0.000000000000000000e+00	1.866313811279227153e+01	1.158735770546584831e+01	2.186418407622505455e+01	7.248252653378203902e+00	1.397877297437224975e+01	1.704419231796834211e+01	1.865488006380473962e+01	2.875596678635740489e+01
1.517876743043362886e+01	2.330652860050344088e+01	1.740183947778202267e+01	9.709545744449835425e+00	1.970686082654812310e+01	2.103009482896489146e+01	1.986313256885365064e+01	2.025349633038865349e+01	1.217083883552146517e+01	3.103530101914180150e+01	2.518021153702568427e+01	1.866313811279227153e+01	0.000000000000000000e+00	1.971511887553565856e+01	2.423526981689144222e+01	9.085089963685360814e+00	2.027001242836372796e+01	1.973450446735750319e+01	2.059049836773350250e+01	1.467755119602454350e+01
1.445553065604755183e+01	2.546712312326001282e+01	1.768717206821564858e+01	1.561010584267748769e+01	2.640434895159202711e+01	1.385553342801686227e+01	1.604970230390888020e+01	2.750889175098471640e+01	1.896297892969320742e+01	2.046694322714929015e+01	1.555674411848732852e+01	1.158735770546584831e+01	1.971511887553565856e+01	0.000000000000000000e+00	2.939011536303280181e+01	1.166136455212484435e+01	1.225310373116800022e+01	1.165310650313730889e+01	1.736880728183187728e+01	1.991236526855004740e+01
2.388333067737222848e+01	3.369420744413673674e+01	3.479657102667014357e+01	1.984248744638481199e+01	3.001227477453488035e+01	3.142571612735689257e+01	2.753446558548817791e+01	2.949041341765695634e+01	1.936160074021574573e+01	2.454749770727367775e+01	2.324872225759069266e+01	2.186418407622505455e+01	2.423526981689144222e+01	2.939011536303280181e+01	0.000000000000000000e+00	1.320217447579601355e+01	2.270653137247274955e+01	1.459528630037801200e+01	3.809522076715670380e+01	2.843874824914239241e+01
9.060315816722754434e+00	1.294330830960393541e+01	1.320630350028978128e+01	1.346104064198809169e+01	1.553196997152472214e+01	1.412265764319647587e+01	3.230270558275451265e+01	2.178607917247136427e+01	2.188482919869389320e+01	1.076152650719322068e+01	2.527867693641846714e+01	7.248252653378203902e+00	9.085089963685360814e+00	1.166136455212484435e+01	1.320217447579601355e+01	0.000000000000000000e+00	8.283717318146518238e+00	1.113124514625938311e+01	1.865075103931097189e+01	1.554848606949979306e+01
1.672370637859856757e+01	3.887684087996478866e+01	1.985074549537235100e+01	1.471439682223963175e+01	2.796993302222580269e+01	2.449382038885469370e+01	1.911512164750497078e+01	1.865075103931097189e+01	9.578048149106912490e+00	1.258597674401907440e+01	3.066239729200004760e+01	1.397877297437224975e+01	2.027001242836372796e+01	1.225310373116800022e+01	2.270653137247274955e+01	8.283717318146518238e+00	0.000000000000000000e+00	1.415568983914661949e+01	2.628228662180447373e+01	1.348994381344446758e+01
2.215576684413845143e+01	1.932888413849442699e+01	2.786527938015140293e+01	1.760289930106135259e+01	2.786808693920002256e+01	1.484589441758255468e+01	1.872475788596996793e+01	1.451715042922524646e+01	1.724143871098272385e+01	2.313374076022283887e+01	2.933858629407401608e+01	1.704419231796834211e+01	1.973450446735750319e+01	1.165310650313730889e+01	1.459528630037801200e+01	1.113124514625938311e+01	1.415568983914661949e+01	0.000000000000000000e+00	1.697018547130934252e+01	1.217083883552146517e+01
2.404183685414200156e+01	3.380093089251705152e+01	3.440405514475006754e+01	2.066418962016367189e+01	3.152831055124344317e+01	2.573066047113115928e+01	3.647573281514746668e+01	1.715917381533618880e+01	2.280086774737176469e+01	2.376963967805044575e+01	2.118605097704159945e+01	1.865488006380473962e+01	2.059049836773350250e+01	1.736880728183187728e+01	3.809522076715670380e+01	1.865075103931097189e+01	2.628228662180447373e+01	1.697018547130934252e+01	0.000000000000000000e+00	2.437883889148684347e+01
2.134645174384089827e+01	3.525669932889214664e+01	3.292968042481297886e+01	3.725491230981584323e+01	3.074050219575373433e+01	2.079155819101282532e+01	3.062021445732428404e+01	2.717713401990331690e+01	2.433341962205539843e+01	2.064386009192365989e+01	2.294475241619598904e+01	2.875596678635740489e+01	1.467755119602454350e+01	1.991236526855004740e+01	2.843874824914239241e+01	1.554848606949979306e+01	1.348994381344446758e+01	1.217083883552146517e+01	2.437883889148684347e+01	0.000000000000000000e+00
