0.000000000000000000e+00	2.243093225481867847e+01	2.662389609555459558e+01	2.465784330388883916e+01	2.530552393977703218e+01	2.176251764177828463e+01	2.618456866268756755e+01	2.348145874984640358e+01	1.756105831284335750e+01	1.824859434142853942e+01	1.990055870097469537e+01	2.103034864293764628e+01	2.064098896123714866e+01	2.234360631664614161e+01	2.396244329792274996e+01	1.680865054570903183e+01	2.175670892374576582e+01	2.110820969135277636e+01	2.701628114963657623e+01	2.392314727915615080e+01
2.243093225481867847e+01	0.000000000000000000e+00	3.296079660316033966e+01	2.534935332003710329e+01	2.735769845132156419e+01	3.400359191325468800e+01	3.004636284145871628e+01	3.046832189845585503e+01	2.170974862923695170e+01	1.905645454797463856e+01	2.939384305516658458e+01	1.922817835245807316e+01	2.810804041176917067e+01	2.423734605682921028e+01	3.080095151615865134e+01	2.362770170500718336e+01	2.274557142979791280e+01	1.957187314995049121e+01	2.278085312348463987e+01	2.315772532289205898e+01
2.662389609555459558e+01	3.296079660316033966e+01	0.000000000000000000e+00	2.798941285734845152e+01	2.678672112044464271e+01	3.222639888865310809e+01	3.085694312016229546e+01	3.292568235582491809e+01	2.368109098152104863e+01	1.769880980499068812e+01	2.995504695653160354e+01	2.747525311382401370e+01	2.629086739304755582e+01	2.270808199720638854e+01	3.384189674219231136e+01	2.041217675337580317e+01	2.793410402095975087e+01	1.991020383380865866e+01	2.768226212090456428e+01	2.738152786974986341e+01
2.465784330388883916e+01	2.534935332003710329e+01	2.798941285734845152e+01	0.000000000000000000e+00	2.777244848714686398e+01	2.425201649642010082e+01	2.675590861680485233e+01	2.385614879433341073e+01	1.938211633270658751e+01	2.027830588272545498e+01	2.562053718564246196e+01	2.444009701061915152e+01	2.096708032155522261e+01	2.354699221229391171e+01	2.479378302610855656e+01	2.974752945793747116e+01	2.204786831815752990e+01	2.736166639648680388e+01	2.667391804246183185e+01	2.868305783236062112e+01
2.530552393977703218e+01	2.735769845132156419e+01	2.678672112044464271e+01	2.777244848714686398e+01	0.000000000000000000e+00	2.720955393003862710e+01	2.366953703921153007e+01	2.321792668316375696e+01	1.886319010189745171e+01	1.796336873667220146e+01	2.083376252912852777e+01	2.090108673682356510e+01	2.114752018614663598e+01	2.748799311683593416e+01	2.425985824614137343e+01	2.306693109525656027e+01	2.202638232893478332e+01	1.912300541383120489e+01	3.051359013404084664e+01	2.358572673982408929e+01
2.176251764177828463e+01	3.400359191325468800e+01	3.222639888865310809e+01	2.425201649642010082e+01	2.720955393003862710e+01	0.000000000000000000e+00	2.875545922792084141e+01	3.241076546340055842e+01	2.364460684049292993e+01	1.862740923758753908e+01	2.636919283387165436e+01	2.205794979018507718e+01	3.181973893093847394e+01	3.292030892751189697e+01	3.179364139477987550e+01	1.773426223590539763e+01	2.457920633565850466e+01	1.710605793005902342e+01	2.468182486415846100e+01	2.486523036918929463e+01
2.618456866268756755e+01	3.004636284145871628e+01	3.085694312016229546e+01	2.675590861680485233e+01	2.366953703921153007e+01	2.875545922792084141e+01	0.000000000000000000e+00	3.007700704888782184e+01	2.020629051659279440e+01	1.719986230326468046e+01	2.770421469413609827e+01	2.070238520074918398e+01	2.172157383871668301e+01	2.174663976667061505e+01	3.090469082490735886e+01	1.880473776305021261e+01	2.631512324658836377e+01	2.020135008595250881e+01	2.387228277786831754e+01	2.409452155972907406e+01
2.348145874984640358e+01	3.046832189845585503e+01	3.292568235582491809e+01	2.385614879433341073e+01	2.321792668316375696e+01	3.241076546340055842e+01	3.007700704888782184e+01	0.000000000000000000e+00	1.997955141228299070e+01	1.713371628531766433e+01	2.706627749817129214e+01	2.360678172922422746e+01	2.676574458064391848e+01	2.350353991323845193e+01	3.157073400048126288e+01	2.016648637646172659e+01	2.758059106160899887e+01	1.595317762851016141e+01	2.410146638496919280e+01	2.157483009887048908e+01
1.756105831284335750e+01	2.170974862923695170e+01	2.368109098152104863e+01	1.938211633270658751e+01	1.886319010189745171e+01	2.364460684049292993e+01	2.020629051659279440e+01	1.997955141228299070e+01	0.000000000000000000e+00	1.277659928777378617e+01	2.070296250231576707e+01	1.574125778375019102e+01	2.283722230701454947e+01	2.229452724069214398e+01	2.875851937946070436e+01	1.923440824293259865e+01	1.878575643204450074e+01	1.443629271754115706e+01	1.959131892871176461e+01	1.801443625141758176e+01
1.824859434142853942e+01	1.905645454797463856e+01	1.769880980499068812e+01	2.027830588272545498e+01	1.796336873667220146e+01	1.862740923758753908e+01	1.719986230326468046e+01	1.713371628531766433e+01	1.277659928777378617e+01	0.000000000000000000e+00	1.718213379502805083e+01	1.740705279519436743e+01	1.316612120948586018e+01	1.785357724983134631e+01	1.823789179755947387e+01	1.703759886593449124e+01	1.440035099889963099e+01	2.536581221615511339e+01	1.750150624648458120e+01	1.656065014171702998e+01
1.990055870097469537e+01	2.939384305516658458e+01	2.995504695653160354e+01	2.562053718564246196e+01	2.083376252912852777e+01	2.636919283387165436e+01	2.770421469413609827e+01	2.706627749817129214e+01	2.070296250231576707e+01	1.718213379502805083e+01	0.000000000000000000e+00	2.117381431272676195e+01	2.942281627950770329e+01	2.577964897589388471e+01	3.107642213190838376e+01	2.087629784770670582e+01	2.690542413460777027e+01	2.347808844388915617e+01	2.067356669532945546e+01	2.464077625341875333e+01
2.103034864293764628e+01	1.922817835245807316e+01	2.747525311382401370e+01	2.444009701061915152e+01	2.090108673682356510e+01	2.205794979018507718e+01	2.070238520074918398e+01	2.360678172922422746e+01	1.574125778375019102e+01	1.740705279519436743e+01	2.117381431272676195e+01	0.000000000000000000e+00	1.737036718471569330e+01	2.113846048616656859e+01	2.486218305807914675e+01	1.774998718122078145e+01	1.864984567132685100e+01	1.835216503861106929e+01	2.120435067494058856e+01	2.784209008653936479e+01
2.064098896123714866e+01	2.810804041176917067e+01	2.629086739304755582e+01	2.096708032155522261e+01	2.114752018614663598e+01	3.181973893093847394e+01	2.172157383871668301e+01	2.676574458064391848e+01	2.283722230701454947e+01	1.316612120948586018e+01	2.942281627950770329e+01	1.737036718471569330e+01	0.000000000000000000e+00	2.188981005587350381e+01	2.769041914941376703e+01	1.839000286674112417e+01	2.221681018441497812e+01	1.621923460713128762e+01	2.138498224578333406e+01	1.926362755545049765e+01
2.234360631664614161e+01	2.423734605682921028e+01	2.270808199720638854e+01	2.354699221229391171e+01	2.748799311683593416e+01	3.292030892751189697e+01	2.174663976667061505e+01	2.350353991323845193e+01	2.229452724069214398e+01	1.785357724983134631e+01	2.577964897589388471e+01	2.113846048616656859e+01	2.188981005587350381e+01	0.000000000000000000e+00	2.953904249167153750e+01	1.738107140896334357e+01	2.226559922040694772e+01	1.973078705864274696e+01	2.232156449949973975e+01	2.378183157585819885e+01
2.396244329792274996e+01	3.080095151615865134e+01	3.384189674219231136e+01	2.479378302610855656e+01	2.425985824614137343e+01	3.179364139477987550e+01	3.090469082490735886e+01	3.157073400048126288e+01	2.875851937946070436e+01	1.823789179755947387e+01	3.107642213190838376e+01	2.486218305807914675e+01	2.769041914941376703e+01	2.953904249167153750e+01	0.000000000000000000e+00	2.143847664036590572e+01	2.891925808030917366e+01	1.944657436235839043e+01	2.367278285137659211e+01	2.582101001265918327e+01
1.680865054570903183e+01	2.362770170500718336e+01	2.041217675337580317e+01	2.974752945793747116e+01	2.306693109525656027e+01	1.773426223590539763e+01	1.880473776305021261e+01	2.016648637646172659e+01	1.923440824293259865e+01	1.703759886593449124e+01	2.087629784770670582e+01	1.774998718122078145e+01	1.839000286674112417e+01	1.738107140896334357e+01	2.143847664036590572e+01	0.000000000000000000e+00	1.643278295646542730e+01	1.942432137990875773e+01	2.453837280868759407e+01	2.179982307014632426e+01
2.175670892374576582e+01	2.274557142979791280e+01	2.793410402095975087e+01	2.204786831815752990e+01	2.202638232893478332e+01	2.457920633565850466e+01	2.631512324658836377e+01	2.758059106160899887e+01	1.878575643204450074e+01	1.440035099889963099e+01	2.690542413460777027e+01	1.864984567132685100e+01	2.221681018441497812e+01	2.226559922040694772e+01	2.891925808030917366e+01	1.643278295646542730e+01	0.000000000000000000e+00	1.740701344894872449e+01	2.329552570634924891e+01	2.125032433897111162e+01
2.110820969135277636e+01	1.957187314995049121e+01	1.991020383380865866e+01	2.736166639648680388e+01	1.912300541383120489e+01	1.710605793005902342e+01	2.020135008595250881e+01	1.595317762851016141e+01	1.443629271754115706e+01	2.536581221615511339e+01	2.347808844388915617e+01	1.835216503861106929e+01	1.621923460713128762e+01	1.973078705864274696e+01	1.944657436235839043e+01	1.942432137990875773e+01	1.740701344894872449e+01	0.000000000000000000e+00	2.064887282865724671e+01	2.247498088111882453e+01
2.701628114963657623e+01	2.278085312348463987e+01	2.768226212090456428e+01	2.667391804246183185e+01	3.051359013404084664e+01	2.468182486415846100e+01	2.387228277786831754e+01	2.410146638496919280e+01	1.959131892871176461e+01	1.750150624648458120e+01	2.067356669532945546e+01	2.120435067494058856e+01	2.138498224578333406e+01	2.232156449949973975e+01	2.367278285137659211e+01	2.453837280868759407e+01	2.329552570634924891e+01	2.064887282865724671e+01	0.000000000000000000e+00	2.253786998482056703e+01
2.392314727915615080e+01	2.315772532289205898e+01	2.738152786974986341e+01	2.868305783236062112e+01	2.358572673982408929e+01	2.486523036918929463e+01	2.409452155972907406e+01	2.157483009887048908e+01	1.801443625141758176e+01	1.656065014171702998e+01	2.464077625341875333e+01	2.784209008653936479e+01	1.926362755545049765e+01	2.378183157585819885e+01	2.582101001265918327e+01	2.179982307014632426e+01	2.125032433897111162e+01	2.247498088111882453e+01	2.253786998482056703e+01	0.000000000000000000e+00
