0.000000000000000000e+00	2.634531953032701423e+01	2.589249078991726094e+01	3.012965231575197578e+01	1.767954585824815439e+01	1.844179363216370859e+01	1.833014533091320786e+01	1.835108220260883982e+01	2.469261197214283499e+01	1.681146833426091902e+01	2.099447813872658841e+01	1.906010103719888349e+01	1.657329731365405223e+01	2.732902633917978363e+01	1.516988461076345018e+01	1.687615166321650051e+01	1.912662970261495587e+01	2.545811796433605778e+01	2.177916233307620786e+01	1.986160612870946807e+01
2.634531953032701423e+01	0.000000000000000000e+00	1.876878039125574915e+01	1.796646616405956109e+01	2.721439126169658707e+01	1.927278604449017507e+01	2.019969126612231847e+01	2.144158293886473032e+01	2.798268718036911551e+01	1.934378545524598891e+01	1.957826972817725419e+01	2.141544992077350429e+01	1.701477803532313615e+01	2.074875927436890422e+01	1.665996838255219004e+01	3.532099966491848164e+01	3.343058312132762211e+01	2.236496558072470719e+01	2.003483297699530752e+01	3.143798964300096088e+01
2.589249078991726094e+01	1.876878039125574915e+01	0.000000000000000000e+00	2.658017246372863696e+01	1.966046680017307224e+01	2.026951877632819787e+01	2.961219848628250162e+01	2.199728951747335515e+01	2.555451712550741306e+01	3.355142335707133583e+01	3.003297960451399717e+01	2.078420463541734264e+01	3.013859937037832992e+01	2.786533535701769182e+01	2.907348677227085787e+01	1.747249856828118908e+01	2.475487748846038016e+01	2.927961026683926704e+01	3.121038859502723639e+01	2.009632520071065898e+01
3.012965231575197578e+01	1.796646616405956109e+01	2.658017246372863696e+01	0.000000000000000000e+00	1.307987522203471897e+01	2.051746535358719115e+01	1.634869012582801773e+01	1.668741881975484631e+01	2.334269773129338432e+01	1.503469719963102946e+01	1.770502946551612311e+01	1.772184868460852414e+01	1.862603948545683963e+01	1.864385602622088811e+01	1.449299357283412881e+01	1.395682705556485459e+01	1.606787800396808308e+01	2.088266438522870061e+01	1.998200125738515354e+01	1.523849091833768554e+01
1.767954585824815439e+01	2.721439126169658707e+01	1.966046680017307224e+01	1.307987522203471897e+01	0.000000000000000000e+00	2.309501637958350884e+01	2.211652987722020214e+01	2.065986857531175147e+01	2.187151781716054444e+01	1.869972807701376283e+01	1.786352866211329271e+01	2.093366673945275735e+01	1.981218273247318251e+01	1.844413933680564810e+01	1.593148908663135721e+01	1.868684285275073975e+01	3.214467585804059979e+01	3.211110175190989224e+01	1.961608767794424679e+01	1.817586003082920243e+01
1.844179363216370859e+01	1.927278604449017507e+01	2.026951877632819787e+01	2.051746535358719115e+01	2.309501637958350884e+01	0.000000000000000000e+00	3.165417261954311812e+01	2.642330382121193466e+01	3.393085837990922471e+01	2.185277143895572038e+01	2.409250965976234227e+01	3.033180711875110092e+01	2.077873335384901310e+01	1.476830424972028410e+01	1.770431490203317892e+01	1.831622584243534391e+01	2.317762744885149928e+01	2.748117250878062379e+01	2.787083751243475049e+01	2.395818057793498213e+01
1.833014533091320786e+01	2.019969126612231847e+01	2.961219848628250162e+01	1.634869012582801773e+01	2.211652987722020214e+01	3.165417261954311812e+01	0.000000000000000000e+00	2.230853882611640060e+01	2.735107542490704091e+01	3.186647718675459373e+01	2.061884708419679058e+01	2.274991305963322574e+01	1.906962925122513397e+01	2.293881661216504497e+01	2.758363649082253843e+01	1.610256120224642729e+01	2.758638046557720003e+01	3.198791856954980872e+01	2.682692508219878746e+01	2.051343610869365008e+01
1.835108220260883982e+01	2.144158293886473032e+01	2.199728951747335515e+01	1.668741881975484631e+01	2.065986857531175147e+01	2.642330382121193466e+01	2.230853882611640060e+01	0.000000000000000000e+00	2.747507873353133334e+01	1.716720953411994088e+01	2.808717326342101472e+01	2.393530868494213593e+01	2.060210149547107505e+01	1.815513336793235410e+01	1.874947179135215691e+01	2.097966748643689172e+01	2.490726709119844884e+01	2.625639174529209896e+01	2.782981517695717244e+01	3.288920624171111484e+01
2.469261197214283499e+01	2.798268718036911551e+01	2.555451712550741306e+01	2.334269773129338432e+01	2.187151781716054444e+01	3.393085837990922471e+01	2.735107542490704091e+01	2.747507873353133334e+01	0.000000000000000000e+00	1.918212758934956241e+01	2.658818134500705455e+01	2.816397131552179189e+01	2.388202790513189200e+01	2.051309907358854545e+01	2.116334895981803044e+01	1.796014948494671160e+01	2.143879031340058461e+01	2.827033254562957509e+01	2.721862940187843449e+01	3.680201798930844603e+01
1.681146833426091902e+01	1.934378545524598891e+01	3.355142335707133583e+01	1.503469719963102946e+01	1.869972807701376283e+01	2.185277143895572038e+01	3.186647718675459373e+01	1.716720953411994088e+01	1.918212758934956241e+01	0.000000000000000000e+00	2.026219989955438905e+01	1.702808976803464702e+01	1.982467224837629161e+01	1.888403852021824036e+01	2.819496050786536046e+01	1.569920716466159227e+01	3.405553146327119407e+01	2.353639249154944224e+01	2.513781578929782157e+01	1.516747990599466966e+01
2.099447813872658841e+01	1.957826972817725419e+01	3.003297960451399717e+01	1.770502946551612311e+01	1.786352866211329271e+01	2.409250965976234227e+01	2.061884708419679058e+01	2.808717326342101472e+01	2.658818134500705455e+01	2.026219989955438905e+01	0.000000000000000000e+00	2.370573014482057772e+01	3.937110257673548830e+01	2.154851544698404453e+01	1.804405253028825484e+01	2.096254696423881470e+01	2.482457157259937475e+01	2.353550033412410158e+01	3.383406939254071233e+01	2.765251047542276197e+01
1.906010103719888349e+01	2.141544992077350429e+01	2.078420463541734264e+01	1.772184868460852414e+01	2.093366673945275735e+01	3.033180711875110092e+01	2.274991305963322574e+01	2.393530868494213593e+01	2.816397131552179189e+01	1.702808976803464702e+01	2.370573014482057772e+01	0.000000000000000000e+00	3.026803844974153890e+01	1.936780924421611516e+01	1.573986723194580684e+01	1.933982152920433251e+01	2.406185778774046469e+01	2.329402952853391895e+01	2.479538260255789694e+01	2.402048054144270495e+01
1.657329731365405223e+01	1.701477803532313615e+01	3.013859937037832992e+01	1.862603948545683963e+01	1.981218273247318251e+01	2.077873335384901310e+01	1.906962925122513397e+01	2.060210149547107505e+01	2.388202790513189200e+01	1.982467224837629161e+01	3.937110257673548830e+01	3.026803844974153890e+01	0.000000000000000000e+00	1.787366754560234483e+01	1.499291344328014830e+01	1.924493565374529069e+01	2.262266199420391644e+01	2.587797563758413943e+01	2.813851478592309974e+01	1.826157492988777875e+01
2.732902633917978363e+01	2.074875927436890422e+01	2.786533535701769182e+01	1.864385602622088811e+01	1.844413933680564810e+01	1.476830424972028410e+01	2.293881661216504497e+01	1.815513336793235410e+01	2.051309907358854545e+01	1.888403852021824036e+01	2.154851544698404453e+01	1.936780924421611516e+01	1.787366754560234483e+01	0.000000000000000000e+00	1.740329265829127081e+01	1.462505079154249898e+01	2.045223943570641367e+01	3.174980709139893875e+01	2.981172004310159807e+01	1.760754659826841362e+01
1.516988461076345018e+01	1.665996838255219004e+01	2.907348677227085787e+01	1.449299357283412881e+01	1.593148908663135721e+01	1.770431490203317892e+01	2.758363649082253843e+01	1.874947179135215691e+01	2.116334895981803044e+01	2.819496050786536046e+01	1.804405253028825484e+01	1.573986723194580684e+01	1.499291344328014830e+01	1.740329265829127081e+01	0.000000000000000000e+00	1.545835992545920767e+01	2.054874754878812482e+01	1.944165892115307770e+01	1.955143174575512433e+01	1.502991877873210491e+01
1.687615166321650051e+01	3.532099966491848164e+01	1.747249856828118908e+01	1.395682705556485459e+01	1.868684285275073975e+01	1.831622584243534391e+01	1.610256120224642729e+01	2.097966748643689172e+01	1.796014948494671160e+01	1.569920716466159227e+01	2.096254696423881470e+01	1.933982152920433251e+01	1.924493565374529069e+01	1.462505079154249898e+01	1.545835992545920767e+01	0.000000000000000000e+00	2.296329809302567426e+01	1.679821144253120480e+01	2.232553597510379717e+01	2.056632800845386200e+01
1.912662970261495587e+01	3.343058312132762211e+01	2.475487748846038016e+01	1.606787800396808308e+01	3.214467585804059979e+01	2.317762744885149928e+01	2.758638046557720003e+01	2.490726709119844884e+01	2.143879031340058461e+01	3.405553146327119407e+01	2.482457157259937475e+01	2.406185778774046469e+01	2.262266199420391644e+01	2.045223943570641367e+01	2.054874754878812482e+01	2.296329809302567426e+01	0.000000000000000000e+00	2.626922008608471870e+01	2.868823891627020828e+01	2.329770991365688815e+01
2.545811796433605778e+01	2.236496558072470719e+01	2.927961026683926704e+01	2.088266438522870061e+01	3.211110175190989224e+01	2.748117250878062379e+01	3.198791856954980872e+01	2.625639174529209896e+01	2.827033254562957509e+01	2.353639249154944224e+01	2.353550033412410158e+01	2.329402952853391895e+01	2.587797563758413943e+01	3.174980709139893875e+01	1.944165892115307770e+01	1.679821144253120480e+01	2.626922008608471870e+01	0.000000000000000000e+00	2.987451320893073614e+01	2.077043554135399006e+01
2.177916233307620786e+01	2.003483297699530752e+01	3.121038859502723639e+01	1.998200125738515354e+01	1.961608767794424679e+01	2.787083751243475049e+01	2.682692508219878746e+01	2.782981517695717244e+01	2.721862940187843449e+01	2.513781578929782157e+01	3.383406939254071233e+01	2.479538260255789694e+01	2.813851478592309974e+01	2.981172004310159807e+01	1.955143174575512433e+01	2.232553597510379717e+01	2.868823891627020828e+01	2.987451320893073614e+01	0.000000000000000000e+00	2.089659741658859815e+01
1.986160612870946807e+01	3.143798964300096088e+01	2.009632520071065898e+01	1.523849091833768554e+01	1.817586003082920243e+01	2.395818057793498213e+01	2.051343610869365008e+01	3.288920624171111484e+01	3.680201798930844603e+01	1.516747990599466966e+01	2.765251047542276197e+01	2.402048054144270495e+01	1.826157492988777875e+01	1.760754659826841362e+01	1.502991877873210491e+01	2.056632800845386200e+01	2.329770991365688815e+01	2.077043554135399006e+01	2.089659741658859815e+01	0.000000000000000000e+00
