0.000000000000000000e+00	2.935340590827270546e+01	3.096955085407625674e+01	2.615643912478165944e+01	2.537328038146762665e+01	2.085198427810450283e+01	3.091770683826857891e+01	2.315603956303195687e+01	2.722714435760787310e+01	2.066211720241365057e+01	2.587448394280506392e+01	3.062460348435967106e+01	2.478286827988660690e+01	1.836658890421447410e+01	2.260386389107643268e+01	2.575391945675566774e+01	2.701139139527166222e+01	2.169153650958895341e+01	2.232617585906872648e+01	2.791274002055840597e+01
2.935340590827270546e+01	0.000000000000000000e+00	2.876211135945268893e+01	2.483517202739042773e+01	2.463877381750038609e+01	2.413343038558156906e+01	2.652534717263829478e+01	2.042984880136988934e+01	2.685398934963378181e+01	2.018369299245216908e+01	2.314068400292451955e+01	2.720729651456819553e+01	1.973346735089750226e+01	1.634665401378613225e+01	2.366367225005936348e+01	2.945824823117116509e+01	2.220342362012981141e+01	2.255496188583934725e+01	1.888191807302526826e+01	2.686373723506849487e+01
3.096955085407625674e+01	2.876211135945268893e+01	0.000000000000000000e+00	2.789841363286803144e+01	2.800381752986231376e+01	2.919269342071837059e+01	3.455903777392742171e+01	2.405840282190099799e+01	3.278097758156447838e+01	2.910827688940290159e+01	2.564867317513098754e+01	2.802968054392158237e+01	2.530468558415872948e+01	2.336168732062681030e+01	2.967004231717185547e+01	3.112245560741622086e+01	3.348073568545790124e+01	2.616935871256396595e+01	2.473540956784650291e+01	2.779315480682049966e+01
2.615643912478165944e+01	2.483517202739042773e+01	2.789841363286803144e+01	0.000000000000000000e+00	2.721418860875574453e+01	2.898130272345408542e+01	2.753629999969416531e+01	2.545558084834374668e+01	2.816653603199943845e+01	1.868775066253923356e+01	2.512373679912812818e+01	2.532093996660382729e+01	2.636696127995223549e+01	1.683587923842697620e+01	1.851947038904960152e+01	2.342587971093163546e+01	2.273825751132779160e+01	2.283799488202601680e+01	2.212863590231842537e+01	2.565282210760153347e+01
2.537328038146762665e+01	2.463877381750038609e+01	2.800381752986231376e+01	2.721418860875574453e+01	0.000000000000000000e+00	2.083349909625539453e+01	2.617390744882735021e+01	1.721890672848863346e+01	2.695157872141739830e+01	1.813887796114265427e+01	2.409844355979879893e+01	2.501082380171233410e+01	2.732604140944964044e+01	1.848159435738416079e+01	1.692176683451979358e+01	2.583945754507996639e+01	2.343371528042602137e+01	1.847830809414297093e+01	1.915420559769329856e+01	2.403461937899215783e+01
2.085198427810450283e+01	2.413343038558156906e+01	2.919269342071837059e+01	2.898130272345408542e+01	2.083349909625539453e+01	0.000000000000000000e+00	2.354765272533567710e+01	1.963692745971530940e+01	2.935673431581947312e+01	1.914016678749469591e+01	2.165142152680076393e+01	2.306163752463370997e+01	1.934301281684285811e+01	1.953063654870685184e+01	2.419713093564392281e+01	2.488411434863072458e+01	2.568659767451837794e+01	2.562806958628848264e+01	2.357983627946555671e+01	2.390774597916305666e+01
3.091770683826857891e+01	2.652534717263829478e+01	3.455903777392742171e+01	2.753629999969416531e+01	2.617390744882735021e+01	2.354765272533567710e+01	0.000000000000000000e+00	2.394244973052957093e+01	2.917326242896989541e+01	2.465410451857132657e+01	2.588100966375832002e+01	2.513884037282380035e+01	2.736718574668747905e+01	2.162961249621854165e+01	2.466378796506570126e+01	2.920025663987849285e+01	2.995758014071361330e+01	2.450659576949552232e+01	2.073151838173031081e+01	2.645355124717013950e+01
2.315603956303195687e+01	2.042984880136988934e+01	2.405840282190099799e+01	2.545558084834374668e+01	1.721890672848863346e+01	1.963692745971530940e+01	2.394244973052957093e+01	0.000000000000000000e+00	2.315808155665198242e+01	1.877986927091662039e+01	2.054271116258074770e+01	2.842571783787431627e+01	2.123162525305693293e+01	1.487140257628061946e+01	2.148416079384920607e+01	2.436216012513058971e+01	1.958691005477621516e+01	1.489202321262148843e+01	1.551043543698484228e+01	2.388920525415323581e+01
2.722714435760787310e+01	2.685398934963378181e+01	3.278097758156447838e+01	2.816653603199943845e+01	2.695157872141739830e+01	2.935673431581947312e+01	2.917326242896989541e+01	2.315808155665198242e+01	0.000000000000000000e+00	2.476151351201644957e+01	2.542174500538147086e+01	3.108225999262161920e+01	2.725651386887741978e+01	2.020084596742572458e+01	2.432966464872412260e+01	3.130689708692169759e+01	3.076127654580804816e+01	2.372650197917361581e+01	2.216118624152438699e+01	2.773475034933489169e+01
2.066211720241365057e+01	2.018369299245216908e+01	2.910827688940290159e+01	1.868775066253923356e+01	1.813887796114265427e+01	1.914016678749469591e+01	2.465410451857132657e+01	1.877986927091662039e+01	2.476151351201644957e+01	0.000000000000000000e+00	1.592908853944631176e+01	1.791636326265981438e+01	1.726571410948884733e+01	1.675902324353697281e+01	2.329265469098895025e+01	2.817733361988325669e+01	2.540806927587759034e+01	1.806403595848310673e+01	1.711708996071103783e+01	1.609297530171149404e+01
2.587448394280506392e+01	2.314068400292451955e+01	2.564867317513098754e+01	2.512373679912812818e+01	2.409844355979879893e+01	2.165142152680076393e+01	2.588100966375832002e+01	2.054271116258074770e+01	2.542174500538147086e+01	1.592908853944631176e+01	0.000000000000000000e+00	2.544567842619284548e+01	2.110997586939717507e+01	1.524996846753425572e+01	1.876045772495869457e+01	2.578542447029359153e+01	2.000130582118036315e+01	2.065648466074291534e+01	2.200494601316040288e+01	2.009562745738140066e+01
3.062460348435967106e+01	2.720729651456819553e+01	2.802968054392158237e+01	2.532093996660382729e+01	2.501082380171233410e+01	2.306163752463370997e+01	2.513884037282380035e+01	2.842571783787431627e+01	3.108225999262161920e+01	1.791636326265981438e+01	2.544567842619284548e+01	0.000000000000000000e+00	2.260704614343495678e+01	1.744661767156045684e+01	2.167405564112041816e+01	3.236980997083907141e+01	2.693181151038413645e+01	2.088004667134419279e+01	1.818329059599136954e+01	2.835951743857478746e+01
2.478286827988660690e+01	1.973346735089750226e+01	2.530468558415872948e+01	2.636696127995223549e+01	2.732604140944964044e+01	1.934301281684285811e+01	2.736718574668747905e+01	2.123162525305693293e+01	2.725651386887741978e+01	1.726571410948884733e+01	2.110997586939717507e+01	2.260704614343495678e+01	0.000000000000000000e+00	1.720046077840123999e+01	1.779395146163872710e+01	2.017168071890687386e+01	2.223396139152741569e+01	1.776348177782468696e+01	1.676112510932216182e+01	2.620643144087505760e+01
1.836658890421447410e+01	1.634665401378613225e+01	2.336168732062681030e+01	1.683587923842697620e+01	1.848159435738416079e+01	1.953063654870685184e+01	2.162961249621854165e+01	1.487140257628061946e+01	2.020084596742572458e+01	1.675902324353697281e+01	1.524996846753425572e+01	1.744661767156045684e+01	1.720046077840123999e+01	0.000000000000000000e+00	1.669168891687683143e+01	2.140604449441999080e+01	1.966611813726046520e+01	1.954777429652289555e+01	1.617314972412715335e+01	1.347952087222381401e+01
2.260386389107643268e+01	2.366367225005936348e+01	2.967004231717185547e+01	1.851947038904960152e+01	1.692176683451979358e+01	2.419713093564392281e+01	2.466378796506570126e+01	2.148416079384920607e+01	2.432966464872412260e+01	2.329265469098895025e+01	1.876045772495869457e+01	2.167405564112041816e+01	1.779395146163872710e+01	1.669168891687683143e+01	0.000000000000000000e+00	2.453672136674850535e+01	2.610437174061334531e+01	2.253111651265376736e+01	1.817997216846571362e+01	2.096794825966746600e+01
2.575391945675566774e+01	2.945824823117116509e+01	3.112245560741622086e+01	2.342587971093163546e+01	2.583945754507996639e+01	2.488411434863072458e+01	2.920025663987849285e+01	2.436216012513058971e+01	3.130689708692169759e+01	2.817733361988325669e+01	2.578542447029359153e+01	3.236980997083907141e+01	2.017168071890687386e+01	2.140604449441999080e+01	2.453672136674850535e+01	0.000000000000000000e+00	2.442710044970011296e+01	2.257230389640609047e+01	2.143562699811030825e+01	2.636351471860678330e+01
2.701139139527166222e+01	2.220342362012981141e+01	3.348073568545790124e+01	2.273825751132779160e+01	2.343371528042602137e+01	2.568659767451837794e+01	2.995758014071361330e+01	1.958691005477621516e+01	3.076127654580804816e+01	2.540806927587759034e+01	2.000130582118036315e+01	2.693181151038413645e+01	2.223396139152741569e+01	1.966611813726046520e+01	2.610437174061334531e+01	2.442710044970011296e+01	0.000000000000000000e+00	2.297581801612446384e+01	1.993082955816491264e+01	2.207415547414921164e+01
2.169153650958895341e+01	2.255496188583934725e+01	2.616935871256396595e+01	2.283799488202601680e+01	1.847830809414297093e+01	2.562806958628848264e+01	2.450659576949552232e+01	1.489202321262148843e+01	2.372650197917361581e+01	1.806403595848310673e+01	2.065648466074291534e+01	2.088004667134419279e+01	1.776348177782468696e+01	1.954777429652289555e+01	2.253111651265376736e+01	2.257230389640609047e+01	2.297581801612446384e+01	0.000000000000000000e+00	2.512457221102880567e+01	1.749775047620155277e+01
2.232617585906872648e+01	1.888191807302526826e+01	2.473540956784650291e+01	2.212863590231842537e+01	1.915420559769329856e+01	2.357983627946555671e+01	2.073151838173031081e+01	1.551043543698484228e+01	2.216118624152438699e+01	1.711708996071103783e+01	2.200494601316040288e+01	1.818329059599136954e+01	1.676112510932216182e+01	1.617314972412715335e+01	1.817997216846571362e+01	2.143562699811030825e+01	1.993082955816491264e+01	2.512457221102880567e+01	0.000000000000000000e+00	1.809221565108919449e+01
2.791274002055840597e+01	2.686373723506849487e+01	2.779315480682049966e+01	2.565282210760153347e+01	2.403461937899215783e+01	2.390774597916305666e+01	2.645355124717013950e+01	2.388920525415323581e+01	2.773475034933489169e+01	1.609297530171149404e+01	2.009562745738140066e+01	2.835951743857478746e+01	2.620643144087505760e+01	1.347952087222381401e+01	2.096794825966746600e+01	2.636351471860678330e+01	2.207415547414921164e+01	1.749775047620155277e+01	1.809221565108919449e+01	0.000000000000000000e+00
