0.000000000000000000e+00	2.319438323997390583e+01	2.849278824034728075e+01	1.776716463801962576e+01	1.915043757652911793e+01	2.738765675086054330e+01	2.239041732611316959e+01	2.474272412939759747e+01	2.439684711533283235e+01	2.306466300738545527e+01	3.025931726279819856e+01	2.001703598184761645e+01	2.549797946185282171e+01	1.773502238807538944e+01	2.901812556724578229e+01	1.941302823854342208e+01	2.377374339154013327e+01	2.581058072573582152e+01	2.339175768762741825e+01	2.496838389885322229e+01
2.319438323997390583e+01	0.000000000000000000e+00	2.727584034971935267e+01	1.853254568551762560e+01	2.115267552512169758e+01	2.432871423808083833e+01	2.062893235878263098e+01	2.140911232601326830e+01	1.935580233752613566e+01	2.222075345801284385e+01	2.723326622529227592e+01	1.791256810320899717e+01	2.482572999915993250e+01	1.562425633571802841e+01	2.905965013246706263e+01	1.710850510170604721e+01	2.323996613429192593e+01	2.313678391291588099e+01	2.350156076407765227e+01	2.296938415607240103e+01
2.849278824034728075e+01	2.727584034971935267e+01	0.000000000000000000e+00	2.296228738963855420e+01	2.686284768584875593e+01	2.910522058568852799e+01	2.294459255391805996e+01	2.903043028656020041e+01	2.540656733247610077e+01	2.715606089971930714e+01	2.748086698959891550e+01	2.262217714844867800e+01	3.265818138107434265e+01	1.980489371204548732e+01	3.174413392394446021e+01	2.130478379000031453e+01	3.128649046899559139e+01	2.944896596619653550e+01	2.809791737450800397e+01	2.654443346343675003e+01
1.776716463801962576e+01	1.853254568551762560e+01	2.296228738963855420e+01	0.000000000000000000e+00	1.618227464593903520e+01	2.306323592807036960e+01	1.755933196705499810e+01	1.821845849732002875e+01	1.755059728313229073e+01	1.739431911530026298e+01	2.073535217751020809e+01	1.576256048412233213e+01	2.505510638487320207e+01	1.308145057660736299e+01	2.516463664579760717e+01	1.674336270166574536e+01	2.260436015895186301e+01	2.609441443068720190e+01	2.268819060071616533e+01	2.144923403959269592e+01
1.915043757652911793e+01	2.115267552512169758e+01	2.686284768584875593e+01	1.618227464593903520e+01	0.000000000000000000e+00	2.690534921254458567e+01	2.159993080332382576e+01	2.068705012942508503e+01	2.214958349823215755e+01	2.091829506138910233e+01	2.306878540330379934e+01	1.948132408129555415e+01	2.508054126095117198e+01	1.464567756232966822e+01	2.537026424312126238e+01	1.739537167631270265e+01	2.172478346519696046e+01	2.183740695176296498e+01	2.213143577908156701e+01	2.440103368807819351e+01
2.738765675086054330e+01	2.432871423808083833e+01	2.910522058568852799e+01	2.306323592807036960e+01	2.690534921254458567e+01	0.000000000000000000e+00	2.573568569707380860e+01	2.572071359679828007e+01	2.738579732511639975e+01	2.723204804539039614e+01	2.721661380119525120e+01	2.417920030278181898e+01	3.356990673051726759e+01	1.837547370319684603e+01	3.113178978841635924e+01	2.169719458218648356e+01	2.845919288022733440e+01	3.031601602170926668e+01	2.643849904768341474e+01	2.616754022000521118e+01
2.239041732611316959e+01	2.062893235878263098e+01	2.294459255391805996e+01	1.755933196705499810e+01	2.159993080332382576e+01	2.573568569707380860e+01	0.000000000000000000e+00	2.446552384645510614e+01	2.372973840847648574e+01	2.042541262928385848e+01	2.162853076999959612e+01	1.881687096485604371e+01	2.438908113720770743e+01	1.276937292485986752e+01	2.693906088830960854e+01	2.102642928177727555e+01	2.160579392056919446e+01	2.002064519389479003e+01	2.321699221943202218e+01	2.064701306270008629e+01
2.474272412939759747e+01	2.140911232601326830e+01	2.903043028656020041e+01	1.821845849732002875e+01	2.068705012942508503e+01	2.572071359679828007e+01	2.446552384645510614e+01	0.000000000000000000e+00	2.026549987129115138e+01	2.558347207800580492e+01	2.758316015129100052e+01	2.145554975976419598e+01	2.521292454485267598e+01	1.727225995496178257e+01	2.611975574243778908e+01	2.045586304461538063e+01	2.563547593591762919e+01	2.540558948706462061e+01	2.513668014422863806e+01	2.806908402428624072e+01
2.439684711533283235e+01	1.935580233752613566e+01	2.540656733247610077e+01	1.755059728313229073e+01	2.214958349823215755e+01	2.738579732511639975e+01	2.372973840847648574e+01	2.026549987129115138e+01	0.000000000000000000e+00	1.989122898002262829e+01	2.420264767106085912e+01	1.980646171194931071e+01	2.626768108409753211e+01	1.265961480509349002e+01	2.455550924851741712e+01	1.892236701687517098e+01	2.444599584523420432e+01	2.365080893003836238e+01	2.106274406109723074e+01	2.326133023183005477e+01
2.306466300738545527e+01	2.222075345801284385e+01	2.715606089971930714e+01	1.739431911530026298e+01	2.091829506138910233e+01	2.723204804539039614e+01	2.042541262928385848e+01	2.558347207800580492e+01	1.989122898002262829e+01	0.000000000000000000e+00	2.375944011357090702e+01	2.334238641017109117e+01	2.851687301168817257e+01	1.395811707667377455e+01	2.764434727805418390e+01	2.024093738653838415e+01	2.358829910876920266e+01	2.518847885358381333e+01	2.399176314443335301e+01	2.685934137470421490e+01
3.025931726279819856e+01	2.723326622529227592e+01	2.748086698959891550e+01	2.073535217751020809e+01	2.306878540330379934e+01	2.721661380119525120e+01	2.162853076999959612e+01	2.758316015129100052e+01	2.420264767106085912e+01	2.375944011357090702e+01	0.000000000000000000e+00	2.268413910068251482e+01	2.860610273756386235e+01	1.780710740046477980e+01	3.134969475461954147e+01	2.217662235644641200e+01	2.513304438025479470e+01	2.689453312690680775e+01	2.893175136460844143e+01	2.876339334782644030e+01
2.001703598184761645e+01	1.791256810320899717e+01	2.262217714844867800e+01	1.576256048412233213e+01	1.948132408129555415e+01	2.417920030278181898e+01	1.881687096485604371e+01	2.145554975976419598e+01	1.980646171194931071e+01	2.334238641017109117e+01	2.268413910068251482e+01	0.000000000000000000e+00	2.519859432983741598e+01	1.301093652019760150e+01	2.339955715467696606e+01	1.826734972159784220e+01	2.109630154533745738e+01	2.336271593492391574e+01	1.970363870085972025e+01	1.916830042171777393e+01
2.549797946185282171e+01	2.482572999915993250e+01	3.265818138107434265e+01	2.505510638487320207e+01	2.508054126095117198e+01	3.356990673051726759e+01	2.438908113720770743e+01	2.521292454485267598e+01	2.626768108409753211e+01	2.851687301168817257e+01	2.860610273756386235e+01	2.519859432983741598e+01	0.000000000000000000e+00	1.880844763218403770e+01	3.449571295066613885e+01	2.118790684525080792e+01	3.451771509019727802e+01	2.963748580622101159e+01	2.642419589950917924e+01	3.072573201101685569e+01
1.773502238807538944e+01	1.562425633571802841e+01	1.980489371204548732e+01	1.308145057660736299e+01	1.464567756232966822e+01	1.837547370319684603e+01	1.276937292485986752e+01	1.727225995496178257e+01	1.265961480509349002e+01	1.395811707667377455e+01	1.780710740046477980e+01	1.301093652019760150e+01	1.880844763218403770e+01	0.000000000000000000e+00	1.827237193422294226e+01	1.360977777252379894e+01	1.863541394541614693e+01	1.838409014389288387e+01	1.573402737441978871e+01	1.586839209603749623e+01
2.901812556724578229e+01	2.905965013246706263e+01	3.174413392394446021e+01	2.516463664579760717e+01	2.537026424312126238e+01	3.113178978841635924e+01	2.693906088830960854e+01	2.611975574243778908e+01	2.455550924851741712e+01	2.764434727805418390e+01	3.134969475461954147e+01	2.339955715467696606e+01	3.449571295066613885e+01	1.827237193422294226e+01	0.000000000000000000e+00	2.323566823188000896e+01	3.215660955595811998e+01	3.391073259125821693e+01	3.193337222060629443e+01	3.108845814836614707e+01
1.941302823854342208e+01	1.710850510170604721e+01	2.130478379000031453e+01	1.674336270166574536e+01	1.739537167631270265e+01	2.169719458218648356e+01	2.102642928177727555e+01	2.045586304461538063e+01	1.892236701687517098e+01	2.024093738653838415e+01	2.217662235644641200e+01	1.826734972159784220e+01	2.118790684525080792e+01	1.360977777252379894e+01	2.323566823188000896e+01	0.000000000000000000e+00	2.269503037178704830e+01	1.791035282928755734e+01	1.976482608721288159e+01	2.262724755038057012e+01
2.377374339154013327e+01	2.323996613429192593e+01	3.128649046899559139e+01	2.260436015895186301e+01	2.172478346519696046e+01	2.845919288022733440e+01	2.160579392056919446e+01	2.563547593591762919e+01	2.444599584523420432e+01	2.358829910876920266e+01	2.513304438025479470e+01	2.109630154533745738e+01	3.451771509019727802e+01	1.863541394541614693e+01	3.215660955595811998e+01	2.269503037178704830e+01	0.000000000000000000e+00	2.962836956026705693e+01	2.745570570724389015e+01	2.600858126394116354e+01
2.581058072573582152e+01	2.313678391291588099e+01	2.944896596619653550e+01	2.609441443068720190e+01	2.183740695176296498e+01	3.031601602170926668e+01	2.002064519389479003e+01	2.540558948706462061e+01	2.365080893003836238e+01	2.518847885358381333e+01	2.689453312690680775e+01	2.336271593492391574e+01	2.963748580622101159e+01	1.838409014389288387e+01	3.391073259125821693e+01	1.791035282928755734e+01	2.962836956026705693e+01	0.000000000000000000e+00	2.606585533667052346e+01	2.703017897628314969e+01
2.339175768762741825e+01	2.350156076407765227e+01	2.809791737450800397e+01	2.268819060071616533e+01	2.213143577908156701e+01	2.643849904768341474e+01	2.321699221943202218e+01	2.513668014422863806e+01	2.106274406109723074e+01	2.399176314443335301e+01	2.893175136460844143e+01	1.970363870085972025e+01	2.642419589950917924e+01	1.573402737441978871e+01	3.193337222060629443e+01	1.976482608721288159e+01	2.745570570724389015e+01	2.606585533667052346e+01	0.000000000000000000e+00	2.716184755446859356e+01
2.496838389885322229e+01	2.296938415607240103e+01	2.654443346343675003e+01	2.144923403959269592e+01	2.440103368807819351e+01	2.616754022000521118e+01	2.064701306270008629e+01	2.806908402428624072e+01	2.326133023183005477e+01	2.685934137470421490e+01	2.876339334782644030e+01	1.916830042171777393e+01	3.072573201101685569e+01	1.586839209603749623e+01	3.108845814836614707e+01	2.262724755038057012e+01	2.600858126394116354e+01	2.703017897628314969e+01	2.716184755446859356e+01	0.000000000000000000e+00
