0.000000000000000000e+00	2.192343390212441179e+01	2.971878206637143904e+01	2.369220990882875455e+01	2.570780331747573300e+01	2.259620324319697815e+01	2.204880387724731250e+01	2.377434189563183509e+01	2.516177062533066788e+01	2.517393038452166465e+01	2.462108476229950682e+01	2.433244888692047780e+01	2.773717729933280296e+01	1.868651524596638325e+01	2.710115558963381943e+01	1.904091677116802828e+01	2.496372840382360891e+01	2.352706108054321277e+01	2.404243762632200898e+01	2.737676290766566112e+01
2.192343390212441179e+01	0.000000000000000000e+00	2.471996682855063554e+01	1.799287088463379902e+01	2.140325754400195279e+01	1.722195457626553505e+01	1.939821577866580782e+01	2.219145962929775351e+01	1.966349266046280775e+01	1.790207246336596825e+01	2.118397013117984429e+01	1.535607937549341173e+01	2.295918691771780473e+01	1.876304685089198898e+01	2.129554351686162406e+01	1.633228639555052908e+01	2.378543744191478027e+01	2.252494906386104745e+01	2.183619467185982543e+01	2.164047102001560674e+01
2.971878206637143904e+01	2.471996682855063554e+01	0.000000000000000000e+00	2.844835823231248284e+01	2.975086621988084801e+01	2.634242057277558757e+01	2.932997739454843611e+01	2.909091747343277845e+01	2.642117069151795761e+01	2.711159598057309594e+01	3.139057568870410719e+01	2.535433530955591408e+01	2.854567461898169256e+01	2.703835345144176827e+01	3.048425211846720373e+01	2.347356290503592291e+01	3.372842281459594460e+01	3.150537804552169519e+01	2.943021276748559600e+01	2.977305186499811995e+01
2.369220990882875455e+01	1.799287088463379902e+01	2.844835823231248284e+01	0.000000000000000000e+00	2.191544506983253626e+01	1.770661892673071591e+01	2.264534178093247974e+01	2.132253636066745983e+01	2.303212927931092935e+01	1.767150714245770615e+01	2.168743838146684766e+01	2.134425177888362057e+01	2.298657998490790888e+01	1.738223622396931489e+01	2.460383369340492976e+01	1.804795718655221748e+01	2.277068170372614730e+01	2.090809557874830205e+01	2.501144383565022267e+01	2.317092567281991222e+01
2.570780331747573300e+01	2.140325754400195279e+01	2.975086621988084801e+01	2.191544506983253626e+01	0.000000000000000000e+00	2.194417881420913119e+01	2.495909754492803501e+01	2.480972474017018570e+01	2.653184357458512821e+01	2.123908648542749233e+01	2.684521848446934911e+01	2.198559863486172361e+01	2.249805627590128054e+01	2.378803842922688716e+01	2.594106609051670631e+01	1.859907590400966271e+01	2.531989386387614260e+01	2.220059641342887602e+01	2.546966799793307956e+01	2.558067110086768281e+01
2.259620324319697815e+01	1.722195457626553505e+01	2.634242057277558757e+01	1.770661892673071591e+01	2.194417881420913119e+01	0.000000000000000000e+00	2.216403650977841266e+01	2.220166697540638978e+01	2.117958044107881932e+01	1.831675330816486635e+01	2.526612557315988283e+01	2.209943048554787026e+01	2.239541956265849265e+01	1.968782681588000472e+01	2.107239674549806097e+01	1.780436567064214159e+01	2.317209629064349130e+01	2.118394007885061114e+01	2.124600475574185410e+01	2.501276688571304518e+01
2.204880387724731250e+01	1.939821577866580782e+01	2.932997739454843611e+01	2.264534178093247974e+01	2.495909754492803501e+01	2.216403650977841266e+01	0.000000000000000000e+00	2.736894413473668664e+01	2.182149757980409888e+01	2.024925293529215509e+01	2.294703855934627512e+01	2.040624550720165686e+01	2.194088973841485313e+01	2.514610526672360180e+01	2.703888378300134221e+01	2.036079626864470882e+01	2.444402227260225757e+01	2.386839934036471433e+01	2.261744843451203124e+01	2.389286360395720976e+01
2.377434189563183509e+01	2.219145962929775351e+01	2.909091747343277845e+01	2.132253636066745983e+01	2.480972474017018570e+01	2.220166697540638978e+01	2.736894413473668664e+01	0.000000000000000000e+00	2.366689798370047626e+01	2.188443270698071785e+01	2.706607673849931217e+01	2.317411469276812497e+01	2.593348738046747215e+01	2.305831177748985183e+01	2.940913652961863534e+01	2.254270506768968829e+01	2.660516907865323333e+01	2.335255256768481047e+01	2.314007347047262542e+01	2.828584522213726871e+01
2.516177062533066788e+01	1.966349266046280775e+01	2.642117069151795761e+01	2.303212927931092935e+01	2.653184357458512821e+01	2.117958044107881932e+01	2.182149757980409888e+01	2.366689798370047626e+01	0.000000000000000000e+00	2.009697740508353192e+01	2.714024106992308560e+01	2.372935058153568733e+01	2.520337635757537598e+01	1.881584463547680386e+01	2.484929621806105970e+01	1.805353477968009557e+01	2.138940084990236556e+01	2.382382055209314231e+01	2.381956097016741580e+01	2.557040365010058025e+01
2.517393038452166465e+01	1.790207246336596825e+01	2.711159598057309594e+01	1.767150714245770615e+01	2.123908648542749233e+01	1.831675330816486635e+01	2.024925293529215509e+01	2.188443270698071785e+01	2.009697740508353192e+01	0.000000000000000000e+00	2.228544707051379348e+01	2.223653163751400896e+01	2.222107108753935378e+01	1.866238120224132047e+01	2.118346985194950349e+01	2.226837032098721991e+01	2.223996777962760873e+01	2.072002064047014613e+01	2.198160916814497057e+01	2.190577795414183981e+01
2.462108476229950682e+01	2.118397013117984429e+01	3.139057568870410719e+01	2.168743838146684766e+01	2.684521848446934911e+01	2.526612557315988283e+01	2.294703855934627512e+01	2.706607673849931217e+01	2.714024106992308560e+01	2.228544707051379348e+01	0.000000000000000000e+00	2.401743313231157018e+01	2.697377747954045901e+01	2.146935163879755137e+01	2.538823652481773863e+01	2.102584689263436601e+01	2.576316844601795708e+01	2.106407769333875279e+01	2.811841514009776333e+01	2.731582551067891629e+01
2.433244888692047780e+01	1.535607937549341173e+01	2.535433530955591408e+01	2.134425177888362057e+01	2.198559863486172361e+01	2.209943048554787026e+01	2.040624550720165686e+01	2.317411469276812497e+01	2.372935058153568733e+01	2.223653163751400896e+01	2.401743313231157018e+01	0.000000000000000000e+00	2.581192628515257681e+01	1.883678965925365389e+01	2.242518391782498810e+01	2.114666760460263717e+01	2.279135661229402743e+01	1.939479659469622774e+01	2.116909414558110214e+01	2.176584099513850745e+01
2.773717729933280296e+01	2.295918691771780473e+01	2.854567461898169256e+01	2.298657998490790888e+01	2.249805627590128054e+01	2.239541956265849265e+01	2.194088973841485313e+01	2.593348738046747215e+01	2.520337635757537598e+01	2.222107108753935378e+01	2.697377747954045901e+01	2.581192628515257681e+01	0.000000000000000000e+00	2.185355045230419790e+01	2.359375551041521746e+01	1.968286684303180678e+01	2.458811875768524402e+01	2.414839453236657363e+01	2.842143539202348634e+01	2.775331300760624131e+01
1.868651524596638325e+01	1.876304685089198898e+01	2.703835345144176827e+01	1.738223622396931489e+01	2.378803842922688716e+01	1.968782681588000472e+01	2.514610526672360180e+01	2.305831177748985183e+01	1.881584463547680386e+01	1.866238120224132047e+01	2.146935163879755137e+01	1.883678965925365389e+01	2.185355045230419790e+01	0.000000000000000000e+00	2.266496197975205362e+01	1.793601362981539538e+01	2.416797766080781074e+01	2.115330226982419504e+01	1.913673815075179263e+01	2.337967551966594471e+01
2.710115558963381943e+01	2.129554351686162406e+01	3.048425211846720373e+01	2.460383369340492976e+01	2.594106609051670631e+01	2.107239674549806097e+01	2.703888378300134221e+01	2.940913652961863534e+01	2.484929621806105970e+01	2.118346985194950349e+01	2.538823652481773863e+01	2.242518391782498810e+01	2.359375551041521746e+01	2.266496197975205362e+01	0.000000000000000000e+00	1.985747541173627440e+01	2.599206286987230285e+01	2.012268229001644215e+01	2.538232871182242434e+01	3.014346837069237850e+01
1.904091677116802828e+01	1.633228639555052908e+01	2.347356290503592291e+01	1.804795718655221748e+01	1.859907590400966271e+01	1.780436567064214159e+01	2.036079626864470882e+01	2.254270506768968829e+01	1.805353477968009557e+01	2.226837032098721991e+01	2.102584689263436601e+01	2.114666760460263717e+01	1.968286684303180678e+01	1.793601362981539538e+01	1.985747541173627440e+01	0.000000000000000000e+00	2.219331787091784847e+01	2.002607611159936596e+01	2.125920101010656538e+01	1.903500194012361035e+01
2.496372840382360891e+01	2.378543744191478027e+01	3.372842281459594460e+01	2.277068170372614730e+01	2.531989386387614260e+01	2.317209629064349130e+01	2.444402227260225757e+01	2.660516907865323333e+01	2.138940084990236556e+01	2.223996777962760873e+01	2.576316844601795708e+01	2.279135661229402743e+01	2.458811875768524402e+01	2.416797766080781074e+01	2.599206286987230285e+01	2.219331787091784847e+01	0.000000000000000000e+00	2.571581814638572183e+01	2.324090917848619853e+01	2.749948409325829601e+01
2.352706108054321277e+01	2.252494906386104745e+01	3.150537804552169519e+01	2.090809557874830205e+01	2.220059641342887602e+01	2.118394007885061114e+01	2.386839934036471433e+01	2.335255256768481047e+01	2.382382055209314231e+01	2.072002064047014613e+01	2.106407769333875279e+01	1.939479659469622774e+01	2.414839453236657363e+01	2.115330226982419504e+01	2.012268229001644215e+01	2.002607611159936596e+01	2.571581814638572183e+01	0.000000000000000000e+00	2.019286590737485909e+01	2.561903196851081788e+01
2.404243762632200898e+01	2.183619467185982543e+01	2.943021276748559600e+01	2.501144383565022267e+01	2.546966799793307956e+01	2.124600475574185410e+01	2.261744843451203124e+01	2.314007347047262542e+01	2.381956097016741580e+01	2.198160916814497057e+01	2.811841514009776333e+01	2.116909414558110214e+01	2.842143539202348634e+01	1.913673815075179263e+01	2.538232871182242434e+01	2.125920101010656538e+01	2.324090917848619853e+01	2.019286590737485909e+01	0.000000000000000000e+00	2.824243705168927931e+01
2.737676290766566112e+01	2.164047102001560674e+01	2.977305186499811995e+01	2.317092567281991222e+01	2.558067110086768281e+01	2.501276688571304518e+01	2.389286360395720976e+01	2.828584522213726871e+01	2.557040365010058025e+01	2.190577795414183981e+01	2.731582551067891629e+01	2.176584099513850745e+01	2.775331300760624131e+01	2.337967551966594471e+01	3.014346837069237850e+01	1.903500194012361035e+01	2.749948409325829601e+01	2.561903196851081788e+01	2.824243705168927931e+01	0.000000000000000000e+00
