0.000000000000000000e+00	2.486942001467711094e+01	2.377734910007664126e+01	1.918001712422957539e+01	2.257747174323385408e+01	2.549037199914601715e+01	1.757232092875632645e+01	2.016042958898744430e+01	1.932925522239296967e+01	2.324854418260922273e+01	1.907959716033366604e+01	2.739897445236619689e+01	2.466621998676350813e+01	1.710951134569477716e+01	2.328645464308986490e+01	1.568184576316634171e+01	2.311948190057992747e+01	1.880179789542189184e+01	1.971097343633459786e+01	2.067227266058099744e+01
2.486942001467711094e+01	0.000000000000000000e+00	2.785643734822015460e+01	2.973487225992583660e+01	2.393850987141317432e+01	2.964928957533638965e+01	2.395433910598917393e+01	2.633407532461071554e+01	2.159443579382039147e+01	2.785884363649571682e+01	2.574992768634272977e+01	2.799071336971647739e+01	3.471561143394783500e+01	2.278049067358305990e+01	3.118454134152372248e+01	1.791828112295178244e+01	2.811170448475751726e+01	2.503606929394225133e+01	3.120256934760892520e+01	2.648034360043373781e+01
2.377734910007664126e+01	2.785643734822015460e+01	0.000000000000000000e+00	2.134117029749844718e+01	2.349701024789704817e+01	2.400762333278480298e+01	2.752299419609212805e+01	2.632581312308264287e+01	2.949334421349005098e+01	2.705988383030727462e+01	2.811184191722589532e+01	2.603893851513275948e+01	2.909997064476126738e+01	2.077886615957503480e+01	2.984842151570711977e+01	1.779358162169951996e+01	2.629387835537913531e+01	3.302932410435975896e+01	2.635927963597152157e+01	2.317423835424343537e+01
1.918001712422957539e+01	2.973487225992583660e+01	2.134117029749844718e+01	0.000000000000000000e+00	1.788098145386595306e+01	1.797825787032727973e+01	1.687122540746958421e+01	2.129139220251311571e+01	1.545543788128712848e+01	2.410227046480848045e+01	1.705921963803261576e+01	2.652767901334419065e+01	2.427096856190418706e+01	1.552364184781250245e+01	2.111548283403520898e+01	1.121789997373491587e+01	1.894147225143746027e+01	1.735996590568101539e+01	1.821987094007083385e+01	2.288140067417115375e+01
2.257747174323385408e+01	2.393850987141317432e+01	2.349701024789704817e+01	1.788098145386595306e+01	0.000000000000000000e+00	2.171226901646916829e+01	1.883485463359590284e+01	2.040332604652277482e+01	1.755840955445306051e+01	2.202294782500982606e+01	2.018749943232597843e+01	2.293399555216797125e+01	2.524414711475476381e+01	1.719632735034981152e+01	2.468768138913533505e+01	1.786689092900453346e+01	2.036482644534356368e+01	2.312839504607971008e+01	2.001454655450649156e+01	2.090546077002716885e+01
2.549037199914601715e+01	2.964928957533638965e+01	2.400762333278480298e+01	1.797825787032727973e+01	2.171226901646916829e+01	0.000000000000000000e+00	2.250565412070402971e+01	2.326712310210449886e+01	2.021545614290750947e+01	2.462936649001739298e+01	2.137644879848845747e+01	2.579629358170471676e+01	3.134222944538727518e+01	1.816878202481604276e+01	2.536194945395132905e+01	1.709659379766968001e+01	2.569283398087577197e+01	2.484196077679077064e+01	2.239580518181744395e+01	2.079986435332488881e+01
1.757232092875632645e+01	2.395433910598917393e+01	2.752299419609212805e+01	1.687122540746958421e+01	1.883485463359590284e+01	2.250565412070402971e+01	0.000000000000000000e+00	2.641508289405832244e+01	3.028110141921839471e+01	2.844726776599929252e+01	2.014203676689194467e+01	2.329615814113988037e+01	2.763520133535546819e+01	1.489413593430959182e+01	2.331914805649784839e+01	2.249719855393750834e+01	2.171634330230700627e+01	2.162333671909631860e+01	2.593003673714994761e+01	2.027932036512735436e+01
2.016042958898744430e+01	2.633407532461071554e+01	2.632581312308264287e+01	2.129139220251311571e+01	2.040332604652277482e+01	2.326712310210449886e+01	2.641508289405832244e+01	0.000000000000000000e+00	2.345681930287985040e+01	2.704790222370526109e+01	2.649412730736247212e+01	2.522638544852780385e+01	3.348936486177203875e+01	2.065152623510038410e+01	2.760547356218899751e+01	2.280598993344325010e+01	2.434495658926502770e+01	2.522452613944263788e+01	2.558030265106882339e+01	2.582323990348841747e+01
1.932925522239296967e+01	2.159443579382039147e+01	2.949334421349005098e+01	1.545543788128712848e+01	1.755840955445306051e+01	2.021545614290750947e+01	3.028110141921839471e+01	2.345681930287985040e+01	0.000000000000000000e+00	2.519574936357587092e+01	2.187185896524417572e+01	2.056188230357037483e+01	2.626368229739021132e+01	1.636457448388412317e+01	2.409237060086121929e+01	2.326669267924626894e+01	1.942527839066638862e+01	2.480363890364529311e+01	2.352090751183856909e+01	2.026231816234137995e+01
2.324854418260922273e+01	2.785884363649571682e+01	2.705988383030727462e+01	2.410227046480848045e+01	2.202294782500982606e+01	2.462936649001739298e+01	2.844726776599929252e+01	2.704790222370526109e+01	2.519574936357587092e+01	0.000000000000000000e+00	2.150110877501814954e+01	2.826121117356509771e+01	3.286685804099899144e+01	2.248274170947794559e+01	3.004893798198314414e+01	2.072168706547602923e+01	2.469393259087265591e+01	2.322571749288583476e+01	2.615633455031861132e+01	2.581648528255521313e+01
1.907959716033366604e+01	2.574992768634272977e+01	2.811184191722589532e+01	1.705921963803261576e+01	2.018749943232597843e+01	2.137644879848845747e+01	2.014203676689194467e+01	2.649412730736247212e+01	2.187185896524417572e+01	2.150110877501814954e+01	0.000000000000000000e+00	2.036252107619545626e+01	2.859941059994395118e+01	1.652066374410260607e+01	2.217682297913040301e+01	1.996942441550440961e+01	2.243356734629903571e+01	3.312302588812379867e+01	2.221407444077583548e+01	2.014189414077799611e+01
2.739897445236619689e+01	2.799071336971647739e+01	2.603893851513275948e+01	2.652767901334419065e+01	2.293399555216797125e+01	2.579629358170471676e+01	2.329615814113988037e+01	2.522638544852780385e+01	2.056188230357037483e+01	2.826121117356509771e+01	2.036252107619545626e+01	0.000000000000000000e+00	2.735786869931557774e+01	1.888004978473723838e+01	2.605331172808434204e+01	1.908666060085306171e+01	2.341148096439358284e+01	2.163744645005784051e+01	2.355032774312329025e+01	2.409840278545333803e+01
2.466621998676350813e+01	3.471561143394783500e+01	2.909997064476126738e+01	2.427096856190418706e+01	2.524414711475476381e+01	3.134222944538727518e+01	2.763520133535546819e+01	3.348936486177203875e+01	2.626368229739021132e+01	3.286685804099899144e+01	2.859941059994395118e+01	2.735786869931557774e+01	0.000000000000000000e+00	2.503928926659073539e+01	3.374559561626384152e+01	2.154934045771264550e+01	3.191925750037356124e+01	2.881913499128479117e+01	3.253889378035121638e+01	2.742999972522344976e+01
1.710951134569477716e+01	2.278049067358305990e+01	2.077886615957503480e+01	1.552364184781250245e+01	1.719632735034981152e+01	1.816878202481604276e+01	1.489413593430959182e+01	2.065152623510038410e+01	1.636457448388412317e+01	2.248274170947794559e+01	1.652066374410260607e+01	1.888004978473723838e+01	2.503928926659073539e+01	0.000000000000000000e+00	2.165656771423241267e+01	1.499426955988435139e+01	2.138588182922863012e+01	1.704508266285486329e+01	1.730314666527639034e+01	1.674373463385315119e+01
2.328645464308986490e+01	3.118454134152372248e+01	2.984842151570711977e+01	2.111548283403520898e+01	2.468768138913533505e+01	2.536194945395132905e+01	2.331914805649784839e+01	2.760547356218899751e+01	2.409237060086121929e+01	3.004893798198314414e+01	2.217682297913040301e+01	2.605331172808434204e+01	3.374559561626384152e+01	2.165656771423241267e+01	0.000000000000000000e+00	1.705573215109144414e+01	2.975184210984145849e+01	2.662634214907802033e+01	2.619002284720489371e+01	2.386331192081205188e+01
1.568184576316634171e+01	1.791828112295178244e+01	1.779358162169951996e+01	1.121789997373491587e+01	1.786689092900453346e+01	1.709659379766968001e+01	2.249719855393750834e+01	2.280598993344325010e+01	2.326669267924626894e+01	2.072168706547602923e+01	1.996942441550440961e+01	1.908666060085306171e+01	2.154934045771264550e+01	1.499426955988435139e+01	1.705573215109144414e+01	0.000000000000000000e+00	1.789169823610144050e+01	1.906402462514242302e+01	1.792157898515354475e+01	1.639881916815887308e+01
2.311948190057992747e+01	2.811170448475751726e+01	2.629387835537913531e+01	1.894147225143746027e+01	2.036482644534356368e+01	2.569283398087577197e+01	2.171634330230700627e+01	2.434495658926502770e+01	1.942527839066638862e+01	2.469393259087265591e+01	2.243356734629903571e+01	2.341148096439358284e+01	3.191925750037356124e+01	2.138588182922863012e+01	2.975184210984145849e+01	1.789169823610144050e+01	0.000000000000000000e+00	2.822929597728596818e+01	2.568705144938230234e+01	2.209870583860410775e+01
1.880179789542189184e+01	2.503606929394225133e+01	3.302932410435975896e+01	1.735996590568101539e+01	2.312839504607971008e+01	2.484196077679077064e+01	2.162333671909631860e+01	2.522452613944263788e+01	2.480363890364529311e+01	2.322571749288583476e+01	3.312302588812379867e+01	2.163744645005784051e+01	2.881913499128479117e+01	1.704508266285486329e+01	2.662634214907802033e+01	1.906402462514242302e+01	2.822929597728596818e+01	0.000000000000000000e+00	2.289265887453068515e+01	2.123832937822151123e+01
1.971097343633459786e+01	3.120256934760892520e+01	2.635927963597152157e+01	1.821987094007083385e+01	2.001454655450649156e+01	2.239580518181744395e+01	2.593003673714994761e+01	2.558030265106882339e+01	2.352090751183856909e+01	2.615633455031861132e+01	2.221407444077583548e+01	2.355032774312329025e+01	3.253889378035121638e+01	1.730314666527639034e+01	2.619002284720489371e+01	1.792157898515354475e+01	2.568705144938230234e+01	2.289265887453068515e+01	0.000000000000000000e+00	2.198950453005907235e+01
2.067227266058099744e+01	2.648034360043373781e+01	2.317423835424343537e+01	2.288140067417115375e+01	2.090546077002716885e+01	2.079986435332488881e+01	2.027932036512735436e+01	2.582323990348841747e+01	2.026231816234137995e+01	2.581648528255521313e+01	2.014189414077799611e+01	2.409840278545333803e+01	2.742999972522344976e+01	1.674373463385315119e+01	2.386331192081205188e+01	1.639881916815887308e+01	2.209870583860410775e+01	2.123832937822151123e+01	2.198950453005907235e+01	0.000000000000000000e+00
