0.000000000000000000e+00	2.086668471917754886e+01	2.174481242225938260e+01	1.957028760635219555e+01	2.440013814665692848e+01	2.956927893973790944e+01	2.618114795763260005e+01	1.547895272188706706e+01	1.415262859637135229e+01	2.139807080189618205e+01	2.769409015429971177e+01	2.483443162309153962e+01	2.064927127155451814e+01	2.140503638437163758e+01	2.644410939953751694e+01	1.848752037044155117e+01	2.337245060849232914e+01	2.415866311802437494e+01	2.789615148935543232e+01	2.592242856624260483e+01
2.086668471917754886e+01	0.000000000000000000e+00	2.709917670000812606e+01	1.871062880398671524e+01	2.140399842715917345e+01	2.614076662468146850e+01	2.412799298104455659e+01	1.621567030890948757e+01	1.541550255887198873e+01	2.254405046726097694e+01	2.542445228745205910e+01	2.159770732027783779e+01	2.139475250986957278e+01	1.623513196057141528e+01	2.625008674217161797e+01	1.935513750622805418e+01	1.424036193896913893e+01	2.045939710195865402e+01	3.091982979808737753e+01	2.348336498585899434e+01
2.174481242225938260e+01	2.709917670000812606e+01	0.000000000000000000e+00	2.472983020263475851e+01	2.723300647067497593e+01	3.386721944417467256e+01	2.651104830033791515e+01	2.196107665213713744e+01	2.004594922013592040e+01	2.951415494371723014e+01	2.725525894209965116e+01	2.849530180809727042e+01	2.525182757483371176e+01	2.129691677929609028e+01	3.033578700381207582e+01	2.321221465705601972e+01	2.504231536126962965e+01	2.876299696201128242e+01	3.712671279176408490e+01	2.897944922756587971e+01
1.957028760635219555e+01	1.871062880398671524e+01	2.472983020263475851e+01	0.000000000000000000e+00	1.950166992967884383e+01	2.544170769097716445e+01	1.933445641082729338e+01	1.675257583757147728e+01	1.401917086718537675e+01	1.786863358446598582e+01	1.906585623003479668e+01	2.062481255199302410e+01	2.070040175768942348e+01	1.460273643401904664e+01	2.533427411082900704e+01	1.640089339634327104e+01	1.428864450597922087e+01	1.950986090244072457e+01	2.481485662503298073e+01	2.812391403509861831e+01
2.440013814665692848e+01	2.140399842715917345e+01	2.723300647067497593e+01	1.950166992967884383e+01	0.000000000000000000e+00	3.134110125251247325e+01	2.158283455719584509e+01	1.890724186326476541e+01	1.711303297085997954e+01	2.252656242439501355e+01	2.510152856798985965e+01	2.263910641883937203e+01	2.615354648602328069e+01	1.949958371894397047e+01	2.695754801541146861e+01	1.962419701915466774e+01	1.935662641593948408e+01	2.437735820296839151e+01	3.039784401359422006e+01	2.249024845430754382e+01
2.956927893973790944e+01	2.614076662468146850e+01	3.386721944417467256e+01	2.544170769097716445e+01	3.134110125251247325e+01	0.000000000000000000e+00	3.140173457620127451e+01	2.359492217590537422e+01	2.687601736902761473e+01	2.938894903946917481e+01	2.853440659794749124e+01	3.209986008604074925e+01	3.153207230916755677e+01	2.317676611255848229e+01	3.642563404881457245e+01	2.556618762744003348e+01	2.465269727344307782e+01	3.069869239839576025e+01	3.574080111298417251e+01	3.553745511057153550e+01
2.618114795763260005e+01	2.412799298104455659e+01	2.651104830033791515e+01	1.933445641082729338e+01	2.158283455719584509e+01	3.140173457620127451e+01	0.000000000000000000e+00	1.845655540053872912e+01	1.688219884323464370e+01	2.863967318967813469e+01	2.795303177519632953e+01	3.299309779668691789e+01	2.679509986929075183e+01	2.522647234988373910e+01	2.794395539567317854e+01	1.963669308834113991e+01	2.067979440739674857e+01	2.787855026362737476e+01	3.166887672736648796e+01	2.822154423192173311e+01
1.547895272188706706e+01	1.621567030890948757e+01	2.196107665213713744e+01	1.675257583757147728e+01	1.890724186326476541e+01	2.359492217590537422e+01	1.845655540053872912e+01	0.000000000000000000e+00	1.381361267008832350e+01	1.864177848797250903e+01	1.490084950163467248e+01	2.112668574788852638e+01	1.680777283424252744e+01	1.333776956977822792e+01	2.153431935084490689e+01	1.772779614693732952e+01	1.137129299126025117e+01	1.916242136405496055e+01	2.361092453661542834e+01	2.975304925529901823e+01
1.415262859637135229e+01	1.541550255887198873e+01	2.004594922013592040e+01	1.401917086718537675e+01	1.711303297085997954e+01	2.687601736902761473e+01	1.688219884323464370e+01	1.381361267008832350e+01	0.000000000000000000e+00	1.623112169706982755e+01	1.709949299791345467e+01	1.905278153576998434e+01	1.747953107580810439e+01	1.174307790281087271e+01	2.463886955581283900e+01	2.154023038602662155e+01	1.004037997716460673e+01	1.799215342488738401e+01	2.230798663239522028e+01	2.068372497924265829e+01
2.139807080189618205e+01	2.254405046726097694e+01	2.951415494371723014e+01	1.786863358446598582e+01	2.252656242439501355e+01	2.938894903946917481e+01	2.863967318967813469e+01	1.864177848797250903e+01	1.623112169706982755e+01	0.000000000000000000e+00	2.588077154251807954e+01	3.212133177589638677e+01	2.516130341247317759e+01	1.833517961467199697e+01	2.778264070786429230e+01	2.098125942177994219e+01	1.600284574986638830e+01	2.495116301780150181e+01	2.791092102431603195e+01	2.674826938536035925e+01
2.769409015429971177e+01	2.542445228745205910e+01	2.725525894209965116e+01	1.906585623003479668e+01	2.510152856798985965e+01	2.853440659794749124e+01	2.795303177519632953e+01	1.490084950163467248e+01	1.709949299791345467e+01	2.588077154251807954e+01	0.000000000000000000e+00	2.461981494177885210e+01	2.570229126111499696e+01	2.310699118572844313e+01	2.591562748297826957e+01	2.142223468853466883e+01	1.856351775545758187e+01	2.238136873762728385e+01	3.224964552788981109e+01	2.252748703521084295e+01
2.483443162309153962e+01	2.159770732027783779e+01	2.849530180809727042e+01	2.062481255199302410e+01	2.263910641883937203e+01	3.209986008604074925e+01	3.299309779668691789e+01	2.112668574788852638e+01	1.905278153576998434e+01	3.212133177589638677e+01	2.461981494177885210e+01	0.000000000000000000e+00	2.692088305721103936e+01	2.319251233364182241e+01	2.733898202119585363e+01	1.896760637359409074e+01	1.897876370609750296e+01	2.785795515365362007e+01	2.948765822804400116e+01	3.132677514839770794e+01
2.064927127155451814e+01	2.139475250986957278e+01	2.525182757483371176e+01	2.070040175768942348e+01	2.615354648602328069e+01	3.153207230916755677e+01	2.679509986929075183e+01	1.680777283424252744e+01	1.747953107580810439e+01	2.516130341247317759e+01	2.570229126111499696e+01	2.692088305721103936e+01	0.000000000000000000e+00	1.915114473860732502e+01	2.482438038793032931e+01	1.856043210277182709e+01	1.641117727084533584e+01	2.156074658498228303e+01	2.922701638067253427e+01	2.775969097103016736e+01
2.140503638437163758e+01	1.623513196057141528e+01	2.129691677929609028e+01	1.460273643401904664e+01	1.949958371894397047e+01	2.317676611255848229e+01	2.522647234988373910e+01	1.333776956977822792e+01	1.174307790281087271e+01	1.833517961467199697e+01	2.310699118572844313e+01	2.319251233364182241e+01	1.915114473860732502e+01	0.000000000000000000e+00	2.334118881164728165e+01	1.696848010275274277e+01	1.704440934763903570e+01	2.124217911475916054e+01	2.477720986481004672e+01	1.876785650881580381e+01
2.644410939953751694e+01	2.625008674217161797e+01	3.033578700381207582e+01	2.533427411082900704e+01	2.695754801541146861e+01	3.642563404881457245e+01	2.794395539567317854e+01	2.153431935084490689e+01	2.463886955581283900e+01	2.778264070786429230e+01	2.591562748297826957e+01	2.733898202119585363e+01	2.482438038793032931e+01	2.334118881164728165e+01	0.000000000000000000e+00	2.525740326781162537e+01	2.062289519023162043e+01	2.724712506869984807e+01	3.365516094328387453e+01	3.195346177079550998e+01
1.848752037044155117e+01	1.935513750622805418e+01	2.321221465705601972e+01	1.640089339634327104e+01	1.962419701915466774e+01	2.556618762744003348e+01	1.963669308834113991e+01	1.772779614693732952e+01	2.154023038602662155e+01	2.098125942177994219e+01	2.142223468853466883e+01	1.896760637359409074e+01	1.856043210277182709e+01	1.696848010275274277e+01	2.525740326781162537e+01	0.000000000000000000e+00	1.260105198275580385e+01	1.911570422652119916e+01	2.419108611755448024e+01	2.548155466094472743e+01
2.337245060849232914e+01	1.424036193896913893e+01	2.504231536126962965e+01	1.428864450597922087e+01	1.935662641593948408e+01	2.465269727344307782e+01	2.067979440739674857e+01	1.137129299126025117e+01	1.004037997716460673e+01	1.600284574986638830e+01	1.856351775545758187e+01	1.897876370609750296e+01	1.641117727084533584e+01	1.704440934763903570e+01	2.062289519023162043e+01	1.260105198275580385e+01	0.000000000000000000e+00	1.789669438820942560e+01	2.361426453462307506e+01	1.613026250739273948e+01
2.415866311802437494e+01	2.045939710195865402e+01	2.876299696201128242e+01	1.950986090244072457e+01	2.437735820296839151e+01	3.069869239839576025e+01	2.787855026362737476e+01	1.916242136405496055e+01	1.799215342488738401e+01	2.495116301780150181e+01	2.238136873762728385e+01	2.785795515365362007e+01	2.156074658498228303e+01	2.124217911475916054e+01	2.724712506869984807e+01	1.911570422652119916e+01	1.789669438820942560e+01	0.000000000000000000e+00	2.775893020681233381e+01	2.533363329216851412e+01
2.789615148935543232e+01	3.091982979808737753e+01	3.712671279176408490e+01	2.481485662503298073e+01	3.039784401359422006e+01	3.574080111298417251e+01	3.166887672736648796e+01	2.361092453661542834e+01	2.230798663239522028e+01	2.791092102431603195e+01	3.224964552788981109e+01	2.948765822804400116e+01	2.922701638067253427e+01	2.477720986481004672e+01	3.365516094328387453e+01	2.419108611755448024e+01	2.361426453462307506e+01	2.775893020681233381e+01	0.000000000000000000e+00	3.265972739214138443e+01
2.592242856624260483e+01	2.348336498585899434e+01	2.897944922756587971e+01	2.812391403509861831e+01	2.249024845430754382e+01	3.553745511057153550e+01	2.822154423192173311e+01	2.975304925529901823e+01	2.068372497924265829e+01	2.674826938536035925e+01	2.252748703521084295e+01	3.132677514839770794e+01	2.775969097103016736e+01	1.876785650881580381e+01	3.195346177079550998e+01	2.548155466094472743e+01	1.613026250739273948e+01	2.533363329216851412e+01	3.265972739214138443e+01	0.000000000000000000e+00
