0.000000000000000000e+00	2.196387204375666968e+01	2.263055014295446554e+01	2.138699152317840557e+01	2.637333359908202723e+01	2.819444928486824509e+01	2.470865835847684266e+01	1.771669507018198786e+01	1.604502457323463815e+01	2.244745058258835968e+01	2.795086721935592422e+01	2.425103640369375668e+01	2.203879215742101749e+01	2.049421848926791156e+01	2.666840231039789799e+01	1.965658640815378178e+01	2.197586725361714954e+01	2.318268113668114339e+01	2.687166427911075672e+01	2.707548194187538471e+01
2.196387204375666968e+01	0.000000000000000000e+00	2.472184458075702196e+01	2.024434249690590804e+01	2.242459459850957160e+01	2.527668713379841492e+01	2.459605713790285719e+01	1.859841020085297458e+01	1.552534699009109254e+01	2.209207592599642211e+01	2.671596122413290786e+01	2.180017210091519075e+01	2.087625460346258066e+01	1.731926075883524163e+01	2.441037266712923781e+01	1.968817845231440700e+01	1.633293868011154260e+01	2.053536243933107386e+01	2.825688185135277308e+01	2.475337914831307629e+01
2.263055014295446554e+01	2.472184458075702196e+01	0.000000000000000000e+00	2.327717655374909711e+01	2.874169785284274781e+01	3.086333547247068410e+01	2.721290391909948170e+01	2.306052026723126502e+01	2.021945875323699582e+01	2.831844340021250161e+01	2.794571285750394907e+01	2.872735455798018833e+01	2.459433991934301744e+01	2.154597039517853219e+01	2.923570778170548223e+01	2.249820746595405296e+01	2.551353852191624583e+01	2.798311643391961923e+01	3.305362958847889843e+01	2.795112294468999892e+01
2.138699152317840557e+01	2.024434249690590804e+01	2.327717655374909711e+01	0.000000000000000000e+00	2.122820340088169289e+01	2.534134131108542576e+01	2.046405053925861139e+01	1.739918455013300758e+01	1.530484236040787138e+01	1.893583688166934209e+01	2.026990636203970553e+01	2.093872296005975642e+01	2.075140004022949469e+01	1.593977925603702595e+01	2.518415110792845368e+01	1.720304820609870333e+01	1.653945045896083954e+01	1.988446050031557277e+01	2.471715612486450908e+01	2.602950421219573229e+01
2.637333359908202723e+01	2.242459459850957160e+01	2.874169785284274781e+01	2.122820340088169289e+01	0.000000000000000000e+00	2.937760937892075219e+01	2.293902388313601293e+01	2.135349149808839897e+01	1.823063778772072396e+01	2.355347454079557679e+01	2.703670044993072352e+01	2.414097494669105970e+01	2.413649333754582216e+01	2.001229201809650604e+01	2.695290003662995915e+01	1.981995031378874472e+01	2.064487828419841264e+01	2.491273949036930091e+01	2.962772946275375929e+01	2.355207959761929359e+01
2.819444928486824509e+01	2.527668713379841492e+01	3.086333547247068410e+01	2.534134131108542576e+01	2.937760937892075219e+01	0.000000000000000000e+00	3.091260866962021225e+01	2.460905037183787414e+01	2.314413413194616709e+01	2.922727091128372123e+01	2.947054614279209517e+01	2.914710079610199145e+01	2.885579261455447053e+01	2.374243215847948463e+01	3.500677611479397200e+01	2.353954310358563973e+01	2.405885312381215968e+01	2.773549367490331363e+01	3.309042169613639572e+01	3.418178204542538623e+01
2.470865835847684266e+01	2.459605713790285719e+01	2.721290391909948170e+01	2.046405053925861139e+01	2.293902388313601293e+01	3.091260866962021225e+01	0.000000000000000000e+00	2.095163537566599743e+01	1.842465283704817480e+01	2.623310359806188430e+01	2.734217314117947950e+01	2.985890252700867009e+01	2.584378428708959774e+01	2.357377876114236415e+01	2.840516627903252100e+01	2.071665905002130970e+01	2.162758580756620930e+01	2.435471482234774854e+01	3.047802350282219308e+01	2.724530759294133730e+01
1.771669507018198786e+01	1.859841020085297458e+01	2.306052026723126502e+01	1.739918455013300758e+01	2.135349149808839897e+01	2.460905037183787414e+01	2.095163537566599743e+01	0.000000000000000000e+00	1.498104280885609718e+01	2.020779264693049271e+01	1.758229580051729357e+01	2.194456777251696522e+01	1.818919027235196495e+01	1.569266015567581363e+01	2.333793486609162926e+01	1.860753274569226434e+01	1.416988659371339487e+01	2.111234525865801004e+01	2.290459630460435392e+01	2.707527551447683223e+01
1.604502457323463815e+01	1.552534699009109254e+01	2.021945875323699582e+01	1.530484236040787138e+01	1.823063778772072396e+01	2.314413413194616709e+01	1.842465283704817480e+01	1.498104280885609718e+01	0.000000000000000000e+00	1.686064196113409963e+01	1.797388667219123093e+01	1.998819869434189656e+01	1.891371285635259269e+01	1.309485728368784230e+01	2.333185563110764704e+01	1.860242877794581773e+01	1.220560342489539174e+01	1.848292486821220137e+01	2.123978143658633044e+01	2.106564782899492982e+01
2.244745058258835968e+01	2.209207592599642211e+01	2.831844340021250161e+01	1.893583688166934209e+01	2.355347454079557679e+01	2.922727091128372123e+01	2.623310359806188430e+01	2.020779264693049271e+01	1.686064196113409963e+01	0.000000000000000000e+00	2.528999718310745592e+01	2.895204197989096784e+01	2.298863605967353863e+01	1.930935846328371852e+01	2.747731192859042437e+01	2.171559846248044678e+01	1.822016598844271229e+01	2.343009437400359474e+01	2.493080763409066947e+01	2.583294172238345610e+01
2.795086721935592422e+01	2.671596122413290786e+01	2.794571285750394907e+01	2.026990636203970553e+01	2.703670044993072352e+01	2.947054614279209517e+01	2.734217314117947950e+01	1.758229580051729357e+01	1.797388667219123093e+01	2.528999718310745592e+01	0.000000000000000000e+00	2.484490042744394955e+01	2.511660146701384733e+01	2.500394994595063736e+01	2.627300731640142217e+01	2.089628068022880925e+01	2.106391894749486937e+01	2.343962861238863127e+01	3.145538075727019489e+01	2.297928578498124352e+01
2.425103640369375668e+01	2.180017210091519075e+01	2.872735455798018833e+01	2.093872296005975642e+01	2.414097494669105970e+01	2.914710079610199145e+01	2.985890252700867009e+01	2.194456777251696522e+01	1.998819869434189656e+01	2.895204197989096784e+01	2.484490042744394955e+01	0.000000000000000000e+00	2.501816405730678738e+01	2.389424874699804136e+01	2.754231148583759037e+01	1.966193577016879956e+01	2.099868473280765713e+01	2.460420033621054259e+01	2.853877406854956433e+01	2.839930671155769915e+01
2.203879215742101749e+01	2.087625460346258066e+01	2.459433991934301744e+01	2.075140004022949469e+01	2.413649333754582216e+01	2.885579261455447053e+01	2.584378428708959774e+01	1.818919027235196495e+01	1.891371285635259269e+01	2.298863605967353863e+01	2.511660146701384733e+01	2.501816405730678738e+01	0.000000000000000000e+00	2.027456301502054359e+01	2.435252401968022795e+01	1.823210779155497008e+01	1.807750956195490488e+01	2.046673038191740446e+01	2.826749531079437006e+01	2.664530310431914373e+01
2.049421848926791156e+01	1.731926075883524163e+01	2.154597039517853219e+01	1.593977925603702595e+01	2.001229201809650604e+01	2.374243215847948463e+01	2.357377876114236415e+01	1.569266015567581363e+01	1.309485728368784230e+01	1.930935846328371852e+01	2.500394994595063736e+01	2.389424874699804136e+01	2.027456301502054359e+01	0.000000000000000000e+00	2.385945585769807664e+01	1.792534001746418681e+01	1.744591070579243919e+01	1.999962357521759770e+01	2.436626752314863609e+01	2.053030907070717603e+01
2.666840231039789799e+01	2.441037266712923781e+01	2.923570778170548223e+01	2.518415110792845368e+01	2.695290003662995915e+01	3.500677611479397200e+01	2.840516627903252100e+01	2.333793486609162926e+01	2.333185563110764704e+01	2.747731192859042437e+01	2.627300731640142217e+01	2.754231148583759037e+01	2.435252401968022795e+01	2.385945585769807664e+01	0.000000000000000000e+00	2.395697483673504991e+01	2.235178035253433038e+01	2.659270334558793891e+01	3.188302117908906297e+01	3.032055746796747897e+01
1.965658640815378178e+01	1.968817845231440700e+01	2.249820746595405296e+01	1.720304820609870333e+01	1.981995031378874472e+01	2.353954310358563973e+01	2.071665905002130970e+01	1.860753274569226434e+01	1.860242877794581773e+01	2.171559846248044678e+01	2.089628068022880925e+01	1.966193577016879956e+01	1.823210779155497008e+01	1.792534001746418681e+01	2.395697483673504991e+01	0.000000000000000000e+00	1.471033381873760071e+01	1.992313469122107605e+01	2.264344697957702479e+01	2.385451975570973104e+01
2.197586725361714954e+01	1.633293868011154260e+01	2.551353852191624583e+01	1.653945045896083954e+01	2.064487828419841264e+01	2.405885312381215968e+01	2.162758580756620930e+01	1.416988659371339487e+01	1.220560342489539174e+01	1.822016598844271229e+01	2.106391894749486937e+01	2.099868473280765713e+01	1.807750956195490488e+01	1.744591070579243919e+01	2.235178035253433038e+01	1.471033381873760071e+01	0.000000000000000000e+00	1.910356503437705200e+01	2.418445944722065732e+01	1.874232676080844584e+01
2.318268113668114339e+01	2.053536243933107386e+01	2.798311643391961923e+01	1.988446050031557277e+01	2.491273949036930091e+01	2.773549367490331363e+01	2.435471482234774854e+01	2.111234525865801004e+01	1.848292486821220137e+01	2.343009437400359474e+01	2.343962861238863127e+01	2.460420033621054259e+01	2.046673038191740446e+01	1.999962357521759770e+01	2.659270334558793891e+01	1.992313469122107605e+01	1.910356503437705200e+01	0.000000000000000000e+00	2.730830756229230261e+01	2.474329573178798114e+01
2.687166427911075672e+01	2.825688185135277308e+01	3.305362958847889843e+01	2.471715612486450908e+01	2.962772946275375929e+01	3.309042169613639572e+01	3.047802350282219308e+01	2.290459630460435392e+01	2.123978143658633044e+01	2.493080763409066947e+01	3.145538075727019489e+01	2.853877406854956433e+01	2.826749531079437006e+01	2.436626752314863609e+01	3.188302117908906297e+01	2.264344697957702479e+01	2.418445944722065732e+01	2.730830756229230261e+01	0.000000000000000000e+00	3.076203773138974995e+01
2.707548194187538471e+01	2.475337914831307629e+01	2.795112294468999892e+01	2.602950421219573229e+01	2.355207959761929359e+01	3.418178204542538623e+01	2.724530759294133730e+01	2.707527551447683223e+01	2.106564782899492982e+01	2.583294172238345610e+01	2.297928578498124352e+01	2.839930671155769915e+01	2.664530310431914373e+01	2.053030907070717603e+01	3.032055746796747897e+01	2.385451975570973104e+01	1.874232676080844584e+01	2.474329573178798114e+01	3.076203773138974995e+01	0.000000000000000000e+00
