0.000000000000000000e+00	1.820580551142437287e+01	2.593072575818930403e+01	2.039692463543046230e+01	2.265687489131160959e+01	2.488081147411683247e+01	1.952241348231281037e+01	2.710570922721335307e+01	2.414183268491332157e+01	2.480081712284591688e+01	3.021897710542201310e+01	2.373981151857469740e+01	2.444632222504806407e+01	2.068436586827945334e+01	2.615421788158608152e+01	2.124419249792595110e+01	2.551330617289667302e+01	2.679216342657314698e+01	2.228134040728495435e+01	2.909406527631745121e+01
1.820580551142437287e+01	0.000000000000000000e+00	2.109648825576634223e+01	1.599433335356104458e+01	1.868792725113797459e+01	1.911386650510279850e+01	1.420007048999893762e+01	1.935956643508004404e+01	1.676266701977472096e+01	1.805850137482310558e+01	2.181881324985989323e+01	1.645520521605443420e+01	2.132175658404452179e+01	1.825987284744372019e+01	1.903478425380205508e+01	1.634380783714175678e+01	2.154965573052878014e+01	2.478032569719438527e+01	1.661344161785303442e+01	1.948521092567811408e+01
2.593072575818930403e+01	2.109648825576634223e+01	0.000000000000000000e+00	2.168691903869576265e+01	2.884176517444298327e+01	2.548497622434459231e+01	2.287933718615102663e+01	2.517524562249338871e+01	2.792552700917581987e+01	2.538519766300083091e+01	3.059462637326465639e+01	2.599578743484637400e+01	2.784821510922441590e+01	2.152799608452558289e+01	2.819074791326756113e+01	2.238689783441454395e+01	2.880826852520028680e+01	2.973222111229593523e+01	2.588368725751181287e+01	2.746367388194554593e+01
2.039692463543046230e+01	1.599433335356104458e+01	2.168691903869576265e+01	0.000000000000000000e+00	1.864598106387473919e+01	1.721101896471150283e+01	1.631313719126164941e+01	2.107818947242391161e+01	1.900233073439582654e+01	1.941898220489513704e+01	2.558675335680581853e+01	1.716313113278750180e+01	2.545629874298202111e+01	1.633851063933601822e+01	2.500381782059116276e+01	1.712438038069873514e+01	1.968889276919501441e+01	1.963395465961971453e+01	2.323673067979185802e+01	2.578308375200217739e+01
2.265687489131160959e+01	1.868792725113797459e+01	2.884176517444298327e+01	1.864598106387473919e+01	0.000000000000000000e+00	2.458206863007767140e+01	2.129398687131437029e+01	2.241893617843787467e+01	2.301294777824409366e+01	2.369194807373133216e+01	2.935191893297047727e+01	2.186646099711191482e+01	2.485933604929801888e+01	1.897550687578126727e+01	2.420502264951357319e+01	1.845054751204136423e+01	2.378780794861243209e+01	2.912017720603667570e+01	1.873558581158984992e+01	2.703491226267260572e+01
2.488081147411683247e+01	1.911386650510279850e+01	2.548497622434459231e+01	1.721101896471150283e+01	2.458206863007767140e+01	0.000000000000000000e+00	2.137657263369487382e+01	2.648029586181017692e+01	2.384137836004450861e+01	2.351404519044707442e+01	3.151410130012051170e+01	2.493057011447358207e+01	3.027334344644172504e+01	2.088110062565886338e+01	2.700300149724372289e+01	2.178903404074284822e+01	2.718901055654367838e+01	2.685430155154507048e+01	2.462181251180718178e+01	2.751249525614915825e+01
1.952241348231281037e+01	1.420007048999893762e+01	2.287933718615102663e+01	1.631313719126164941e+01	2.129398687131437029e+01	2.137657263369487382e+01	0.000000000000000000e+00	2.509685958678884887e+01	2.025497977207532330e+01	1.947448354487226396e+01	2.168616058712707684e+01	2.036113335484114018e+01	2.210407730734777587e+01	1.662437388305037445e+01	2.198364805501027419e+01	1.980483430094466968e+01	2.217488613679237730e+01	2.350167332790940122e+01	1.602500399944115372e+01	2.360380604839239993e+01
2.710570922721335307e+01	1.935956643508004404e+01	2.517524562249338871e+01	2.107818947242391161e+01	2.241893617843787467e+01	2.648029586181017692e+01	2.509685958678884887e+01	0.000000000000000000e+00	1.926432367520213518e+01	2.246858249680735753e+01	3.134291234709599649e+01	2.051704656740682609e+01	2.440574373592805202e+01	2.614738549344552965e+01	2.799613242661453683e+01	2.300235878923254162e+01	2.655924512791655090e+01	3.010761720452828527e+01	2.392664924591405295e+01	2.989444269315438518e+01
2.414183268491332157e+01	1.676266701977472096e+01	2.792552700917581987e+01	1.900233073439582654e+01	2.301294777824409366e+01	2.384137836004450861e+01	2.025497977207532330e+01	1.926432367520213518e+01	0.000000000000000000e+00	1.952152204554975157e+01	2.835599248720091126e+01	2.168670874770434764e+01	2.420811213518565808e+01	1.591428776630012543e+01	2.114572480535285592e+01	2.164777966397360842e+01	2.189597934628029208e+01	2.219599762221829664e+01	2.210130596768885880e+01	2.577400085292814680e+01
2.480081712284591688e+01	1.805850137482310558e+01	2.538519766300083091e+01	1.941898220489513704e+01	2.369194807373133216e+01	2.351404519044707442e+01	1.947448354487226396e+01	2.246858249680735753e+01	1.952152204554975157e+01	0.000000000000000000e+00	2.340430195649085121e+01	2.302068608065257038e+01	2.357249762430199169e+01	1.909887175504857026e+01	2.239218962562035742e+01	1.884946342960007470e+01	2.529794166782502884e+01	2.601138599862468226e+01	1.923593017882406642e+01	2.566294134360133228e+01
3.021897710542201310e+01	2.181881324985989323e+01	3.059462637326465639e+01	2.558675335680581853e+01	2.935191893297047727e+01	3.151410130012051170e+01	2.168616058712707684e+01	3.134291234709599649e+01	2.835599248720091126e+01	2.340430195649085121e+01	0.000000000000000000e+00	2.623920657726710104e+01	3.349941606895227153e+01	2.114530962996995456e+01	2.939223388997229947e+01	2.474316888413071425e+01	2.860643604780669236e+01	3.219511935754672294e+01	2.906126328446631035e+01	3.525357847331998329e+01
2.373981151857469740e+01	1.645520521605443420e+01	2.599578743484637400e+01	1.716313113278750180e+01	2.186646099711191482e+01	2.493057011447358207e+01	2.036113335484114018e+01	2.051704656740682609e+01	2.168670874770434764e+01	2.302068608065257038e+01	2.623920657726710104e+01	0.000000000000000000e+00	2.551522743821709582e+01	1.617050331370620952e+01	2.202146526481942956e+01	2.127637464034350856e+01	2.291116098255823985e+01	2.271572154118246445e+01	2.196885818934752876e+01	2.529936354672945242e+01
2.444632222504806407e+01	2.132175658404452179e+01	2.784821510922441590e+01	2.545629874298202111e+01	2.485933604929801888e+01	3.027334344644172504e+01	2.210407730734777587e+01	2.440574373592805202e+01	2.420811213518565808e+01	2.357249762430199169e+01	3.349941606895227153e+01	2.551522743821709582e+01	0.000000000000000000e+00	2.050467470486914934e+01	3.135702891185756869e+01	2.195407373028471198e+01	2.693787450421521257e+01	2.859776832411557024e+01	2.623989853623860213e+01	3.146200049005013710e+01
2.068436586827945334e+01	1.825987284744372019e+01	2.152799608452558289e+01	1.633851063933601822e+01	1.897550687578126727e+01	2.088110062565886338e+01	1.662437388305037445e+01	2.614738549344552965e+01	1.591428776630012543e+01	1.909887175504857026e+01	2.114530962996995456e+01	1.617050331370620952e+01	2.050467470486914934e+01	0.000000000000000000e+00	2.240828069682913437e+01	1.867960821023255846e+01	2.526677757488002740e+01	2.400009642982319491e+01	1.782882602345745227e+01	2.402796242883109912e+01
2.615421788158608152e+01	1.903478425380205508e+01	2.819074791326756113e+01	2.500381782059116276e+01	2.420502264951357319e+01	2.700300149724372289e+01	2.198364805501027419e+01	2.799613242661453683e+01	2.114572480535285592e+01	2.239218962562035742e+01	2.939223388997229947e+01	2.202146526481942956e+01	3.135702891185756869e+01	2.240828069682913437e+01	0.000000000000000000e+00	2.462428734430480759e+01	2.787564821441350915e+01	2.935131753126642451e+01	2.391413899158207812e+01	3.119957023826821185e+01
2.124419249792595110e+01	1.634380783714175678e+01	2.238689783441454395e+01	1.712438038069873514e+01	1.845054751204136423e+01	2.178903404074284822e+01	1.980483430094466968e+01	2.300235878923254162e+01	2.164777966397360842e+01	1.884946342960007470e+01	2.474316888413071425e+01	2.127637464034350856e+01	2.195407373028471198e+01	1.867960821023255846e+01	2.462428734430480759e+01	0.000000000000000000e+00	2.475196169833703763e+01	2.416863537382011984e+01	2.161279070901496979e+01	2.433679340308021466e+01
2.551330617289667302e+01	2.154965573052878014e+01	2.880826852520028680e+01	1.968889276919501441e+01	2.378780794861243209e+01	2.718901055654367838e+01	2.217488613679237730e+01	2.655924512791655090e+01	2.189597934628029208e+01	2.529794166782502884e+01	2.860643604780669236e+01	2.291116098255823985e+01	2.693787450421521257e+01	2.526677757488002740e+01	2.787564821441350915e+01	2.475196169833703763e+01	0.000000000000000000e+00	3.200447673811756744e+01	2.200530770101346434e+01	2.975610961658236420e+01
2.679216342657314698e+01	2.478032569719438527e+01	2.973222111229593523e+01	1.963395465961971453e+01	2.912017720603667570e+01	2.685430155154507048e+01	2.350167332790940122e+01	3.010761720452828527e+01	2.219599762221829664e+01	2.601138599862468226e+01	3.219511935754672294e+01	2.271572154118246445e+01	2.859776832411557024e+01	2.400009642982319491e+01	2.935131753126642451e+01	2.416863537382011984e+01	3.200447673811756744e+01	0.000000000000000000e+00	2.277391815081573867e+01	3.444907207902897284e+01
2.228134040728495435e+01	1.661344161785303442e+01	2.588368725751181287e+01	2.323673067979185802e+01	1.873558581158984992e+01	2.462181251180718178e+01	1.602500399944115372e+01	2.392664924591405295e+01	2.210130596768885880e+01	1.923593017882406642e+01	2.906126328446631035e+01	2.196885818934752876e+01	2.623989853623860213e+01	1.782882602345745227e+01	2.391413899158207812e+01	2.161279070901496979e+01	2.200530770101346434e+01	2.277391815081573867e+01	0.000000000000000000e+00	2.486477163889805553e+01
2.909406527631745121e+01	1.948521092567811408e+01	2.746367388194554593e+01	2.578308375200217739e+01	2.703491226267260572e+01	2.751249525614915825e+01	2.360380604839239993e+01	2.989444269315438518e+01	2.577400085292814680e+01	2.566294134360133228e+01	3.525357847331998329e+01	2.529936354672945242e+01	3.146200049005013710e+01	2.402796242883109912e+01	3.119957023826821185e+01	2.433679340308021466e+01	2.975610961658236420e+01	3.444907207902897284e+01	2.486477163889805553e+01	0.000000000000000000e+00
