0.000000000000000000e+00	2.301089034003515366e+01	2.822987975648518599e+01	2.215969105261112304e+01	2.887601991186398109e+01	2.504541405256645703e+01	2.488272145653351686e+01	2.388760972688748652e+01	2.332522744458592356e+01	2.499991486395108353e+01	2.689535492894783886e+01	2.303067589731373843e+01	2.362774152512605852e+01	2.056380518617952546e+01	2.933391046554769943e+01	1.937452946178560254e+01	2.321939423533234859e+01	2.540564972385506337e+01	2.231057125358237414e+01	2.903452102266379597e+01
2.301089034003515366e+01	0.000000000000000000e+00	2.662021003372557715e+01	2.208289136492740212e+01	2.491176951617275037e+01	2.387449844871051852e+01	2.401505913562839467e+01	2.544812662213604426e+01	1.751631937185768706e+01	2.402780255752831451e+01	2.438891851436830294e+01	1.820907909329535102e+01	2.350143582764589212e+01	1.895599662038005917e+01	2.441884463276500838e+01	1.609298794342064198e+01	2.184454233753357499e+01	2.082762919513967503e+01	2.389511156303353445e+01	2.676643444409156913e+01
2.822987975648518599e+01	2.662021003372557715e+01	0.000000000000000000e+00	2.437939761117425164e+01	3.303394336689412825e+01	2.637025590457798074e+01	2.662719901580944182e+01	2.813444498859399445e+01	2.540857252410463474e+01	2.615649600901290839e+01	2.866463215273731180e+01	2.580739777622769182e+01	2.747435697099163576e+01	1.977715273832941634e+01	2.976962830389752668e+01	2.188446163095844099e+01	2.752153776846554578e+01	2.518707527844179239e+01	2.916632714350943800e+01	2.865685009247171067e+01
2.215969105261112304e+01	2.208289136492740212e+01	2.437939761117425164e+01	0.000000000000000000e+00	2.450814852256622700e+01	2.263129655076160418e+01	2.032683880450734293e+01	2.317877871798797429e+01	1.938190544038705809e+01	2.086452305599881640e+01	2.058546501728689648e+01	1.871895619380248732e+01	2.254864570480512853e+01	1.547807653973902475e+01	2.141362762507755590e+01	1.639300758790559343e+01	2.187415792190838104e+01	2.137847215509822263e+01	2.148393128368099170e+01	2.075533536276485336e+01
2.887601991186398109e+01	2.491176951617275037e+01	3.303394336689412825e+01	2.450814852256622700e+01	0.000000000000000000e+00	2.200131829405041728e+01	2.532054507349428718e+01	2.900686221836821233e+01	2.255535479675163657e+01	2.460859545714362540e+01	2.865997780762194225e+01	2.382761642910109146e+01	2.392338523897876001e+01	2.234093317821908897e+01	2.803633411432726064e+01	2.072939656782020990e+01	2.883751682817305806e+01	2.453484187798929739e+01	2.579301733263336160e+01	2.824553760625773435e+01
2.504541405256645703e+01	2.387449844871051852e+01	2.637025590457798074e+01	2.263129655076160418e+01	2.200131829405041728e+01	0.000000000000000000e+00	2.665224149233736028e+01	2.421138391540770129e+01	1.978531362806370808e+01	2.254074615506569401e+01	2.628934048534696188e+01	2.195096688089487458e+01	2.327198534168659450e+01	2.274821313091074515e+01	3.020020968441805920e+01	1.751778074300121801e+01	2.334233406583994963e+01	2.164042391890520634e+01	2.412416655273002064e+01	2.552150077885511692e+01
2.488272145653351686e+01	2.401505913562839467e+01	2.662719901580944182e+01	2.032683880450734293e+01	2.532054507349428718e+01	2.665224149233736028e+01	0.000000000000000000e+00	2.781206038853436624e+01	2.209761488885990488e+01	2.413686712775486143e+01	2.933357993083870952e+01	2.231374443767048632e+01	2.116994199536202714e+01	2.136091488373702063e+01	2.877274458300722060e+01	2.032825250852411969e+01	2.409562960902869122e+01	2.205997461833308293e+01	2.330170069567492774e+01	2.499489881540522163e+01
2.388760972688748652e+01	2.544812662213604426e+01	2.813444498859399445e+01	2.317877871798797429e+01	2.900686221836821233e+01	2.421138391540770129e+01	2.781206038853436624e+01	0.000000000000000000e+00	1.680660116924082459e+01	2.363291227218106627e+01	2.803677727771681560e+01	2.306065920634950217e+01	2.396530571598764681e+01	2.227407800193047649e+01	2.850191752433565995e+01	2.001258994077170073e+01	2.482818482141777494e+01	2.354741735139691272e+01	2.504781021520669171e+01	2.717898417048953164e+01
2.332522744458592356e+01	1.751631937185768706e+01	2.540857252410463474e+01	1.938190544038705809e+01	2.255535479675163657e+01	1.978531362806370808e+01	2.209761488885990488e+01	1.680660116924082459e+01	0.000000000000000000e+00	1.894503309644469979e+01	1.875461436046127872e+01	2.015107317714278068e+01	2.254281422183534289e+01	1.840811613633323773e+01	2.489379202964873983e+01	1.825654353109181116e+01	2.018363709216989577e+01	1.911759536750594890e+01	2.097578315710616437e+01	2.143414141758786684e+01
2.499991486395108353e+01	2.402780255752831451e+01	2.615649600901290839e+01	2.086452305599881640e+01	2.460859545714362540e+01	2.254074615506569401e+01	2.413686712775486143e+01	2.363291227218106627e+01	1.894503309644469979e+01	0.000000000000000000e+00	2.222003252926521810e+01	2.393365076000152314e+01	2.013096776475446603e+01	2.020858502843273286e+01	2.491837406803911392e+01	2.111884637207192483e+01	2.418905440041888966e+01	2.220828879433422998e+01	2.287151074428513198e+01	2.283035073651076985e+01
2.689535492894783886e+01	2.438891851436830294e+01	2.866463215273731180e+01	2.058546501728689648e+01	2.865997780762194225e+01	2.628934048534696188e+01	2.933357993083870952e+01	2.803677727771681560e+01	1.875461436046127872e+01	2.222003252926521810e+01	0.000000000000000000e+00	2.412371555627376196e+01	2.639142462349891360e+01	2.536123814726935066e+01	2.829937093331742659e+01	2.007522581468810685e+01	2.681126384366331905e+01	2.564369617772033649e+01	2.565770975892350592e+01	2.915671707459951634e+01
2.303067589731373843e+01	1.820907909329535102e+01	2.580739777622769182e+01	1.871895619380248732e+01	2.382761642910109146e+01	2.195096688089487458e+01	2.231374443767048632e+01	2.306065920634950217e+01	2.015107317714278068e+01	2.393365076000152314e+01	2.412371555627376196e+01	0.000000000000000000e+00	2.365414955790004470e+01	2.029083254505969691e+01	2.549828385245403339e+01	1.763758633056761127e+01	2.271168539034579936e+01	1.866194488401336216e+01	2.079283828324246741e+01	2.147520716111682759e+01
2.362774152512605852e+01	2.350143582764589212e+01	2.747435697099163576e+01	2.254864570480512853e+01	2.392338523897876001e+01	2.327198534168659450e+01	2.116994199536202714e+01	2.396530571598764681e+01	2.254281422183534289e+01	2.013096776475446603e+01	2.639142462349891360e+01	2.365414955790004470e+01	0.000000000000000000e+00	2.245170409005770651e+01	2.566494567030111895e+01	1.716846041131463352e+01	2.316129623276386695e+01	2.022916593713812716e+01	2.573256682968802167e+01	2.738798141492445737e+01
2.056380518617952546e+01	1.895599662038005917e+01	1.977715273832941634e+01	1.547807653973902475e+01	2.234093317821908897e+01	2.274821313091074515e+01	2.136091488373702063e+01	2.227407800193047649e+01	1.840811613633323773e+01	2.020858502843273286e+01	2.536123814726935066e+01	2.029083254505969691e+01	2.245170409005770651e+01	0.000000000000000000e+00	2.371340321837919163e+01	1.482688206601440939e+01	2.175124708312313970e+01	1.847483782814549258e+01	2.217763668324915827e+01	2.439433314344578818e+01
2.933391046554769943e+01	2.441884463276500838e+01	2.976962830389752668e+01	2.141362762507755590e+01	2.803633411432726064e+01	3.020020968441805920e+01	2.877274458300722060e+01	2.850191752433565995e+01	2.489379202964873983e+01	2.491837406803911392e+01	2.829937093331742659e+01	2.549828385245403339e+01	2.566494567030111895e+01	2.371340321837919163e+01	0.000000000000000000e+00	2.079483854192574555e+01	2.611843186868025413e+01	2.343652824669155166e+01	2.712703856251739509e+01	2.745812481648300007e+01
1.937452946178560254e+01	1.609298794342064198e+01	2.188446163095844099e+01	1.639300758790559343e+01	2.072939656782020990e+01	1.751778074300121801e+01	2.032825250852411969e+01	2.001258994077170073e+01	1.825654353109181116e+01	2.111884637207192483e+01	2.007522581468810685e+01	1.763758633056761127e+01	1.716846041131463352e+01	1.482688206601440939e+01	2.079483854192574555e+01	0.000000000000000000e+00	2.007438896467217759e+01	1.792169404027919910e+01	2.124946640080064952e+01	1.820258066570810485e+01
2.321939423533234859e+01	2.184454233753357499e+01	2.752153776846554578e+01	2.187415792190838104e+01	2.883751682817305806e+01	2.334233406583994963e+01	2.409562960902869122e+01	2.482818482141777494e+01	2.018363709216989577e+01	2.418905440041888966e+01	2.681126384366331905e+01	2.271168539034579936e+01	2.316129623276386695e+01	2.175124708312313970e+01	2.611843186868025413e+01	2.007438896467217759e+01	0.000000000000000000e+00	2.393335098788890392e+01	2.425278284860996791e+01	2.470663196488966662e+01
2.540564972385506337e+01	2.082762919513967503e+01	2.518707527844179239e+01	2.137847215509822263e+01	2.453484187798929739e+01	2.164042391890520634e+01	2.205997461833308293e+01	2.354741735139691272e+01	1.911759536750594890e+01	2.220828879433422998e+01	2.564369617772033649e+01	1.866194488401336216e+01	2.022916593713812716e+01	1.847483782814549258e+01	2.343652824669155166e+01	1.792169404027919910e+01	2.393335098788890392e+01	0.000000000000000000e+00	2.368780732183421023e+01	2.512825328035195582e+01
2.231057125358237414e+01	2.389511156303353445e+01	2.916632714350943800e+01	2.148393128368099170e+01	2.579301733263336160e+01	2.412416655273002064e+01	2.330170069567492774e+01	2.504781021520669171e+01	2.097578315710616437e+01	2.287151074428513198e+01	2.565770975892350592e+01	2.079283828324246741e+01	2.573256682968802167e+01	2.217763668324915827e+01	2.712703856251739509e+01	2.124946640080064952e+01	2.425278284860996791e+01	2.368780732183421023e+01	0.000000000000000000e+00	2.560739428017089736e+01
2.903452102266379597e+01	2.676643444409156913e+01	2.865685009247171067e+01	2.075533536276485336e+01	2.824553760625773435e+01	2.552150077885511692e+01	2.499489881540522163e+01	2.717898417048953164e+01	2.143414141758786684e+01	2.283035073651076985e+01	2.915671707459951634e+01	2.147520716111682759e+01	2.738798141492445737e+01	2.439433314344578818e+01	2.745812481648300007e+01	1.820258066570810485e+01	2.470663196488966662e+01	2.512825328035195582e+01	2.560739428017089736e+01	0.000000000000000000e+00
