0.000000000000000000e+00	2.006550934330295988e+01	2.631627599551861252e+01	1.991964573696652607e+01	2.241679300870242741e+01	2.612395973383219427e+01	2.057573388543324100e+01	2.572357986402749930e+01	2.465053581382427339e+01	2.436981893678048650e+01	3.198929119403041454e+01	2.421865590085788256e+01	2.480971300632209164e+01	2.144637822426308560e+01	2.887642560135064684e+01	2.100660052570447789e+01	2.486640201143446660e+01	2.740009674563761877e+01	2.349414175887730494e+01	2.938659980813379136e+01
2.006550934330295988e+01	0.000000000000000000e+00	2.161122711316580336e+01	1.550352481833241747e+01	1.749145599154273611e+01	2.049978858167803253e+01	1.494451646534930234e+01	1.782334989101759604e+01	1.694623441848566259e+01	1.737672637217042393e+01	2.305151542651610086e+01	1.574529592101738018e+01	2.103216970558698407e+01	1.650698939019023115e+01	2.204819822338836133e+01	1.625471594224919514e+01	2.044323394609450162e+01	2.496745190419116156e+01	1.723170718365415155e+01	1.999412542987455410e+01
2.631627599551861252e+01	2.161122711316580336e+01	0.000000000000000000e+00	2.172839838717029082e+01	2.715434882429591923e+01	2.780506157987764482e+01	2.337484999017190290e+01	2.539222795248839404e+01	2.584530310345046544e+01	2.599791142660835419e+01	3.048251159418865086e+01	2.428930217855366180e+01	3.035061389082451910e+01	2.066764929560913799e+01	2.994864301780805249e+01	2.233806886386160429e+01	2.974252219212125325e+01	3.065352237326087703e+01	2.842340352929971203e+01	2.810195698716452739e+01
1.991964573696652607e+01	1.550352481833241747e+01	2.172839838717029082e+01	0.000000000000000000e+00	1.754487074589976103e+01	1.718567091984886730e+01	1.640435080675376867e+01	2.007315036681741205e+01	1.812505109074430720e+01	1.862312598668225405e+01	2.479177192247541939e+01	1.585997201373448107e+01	2.651906816501876918e+01	1.515980751619776257e+01	2.563361473965209214e+01	1.681510906320585264e+01	1.876241908589638285e+01	2.078669379886771651e+01	2.125016424177544039e+01	2.712122326507103764e+01
2.241679300870242741e+01	1.749145599154273611e+01	2.715434882429591923e+01	1.754487074589976103e+01	0.000000000000000000e+00	2.571345892674154499e+01	2.119765597802603097e+01	2.080535370414349572e+01	2.216621530475158508e+01	2.272157472039287285e+01	2.799014057840667746e+01	1.977945633105939294e+01	2.672983535317873560e+01	1.736335762157145268e+01	2.375139538547850648e+01	1.863184807851706992e+01	2.223225289906559610e+01	2.854475408340598008e+01	1.842967222246911874e+01	2.827138925947160075e+01
2.612395973383219427e+01	2.049978858167803253e+01	2.780506157987764482e+01	1.718567091984886730e+01	2.571345892674154499e+01	0.000000000000000000e+00	2.140023404090534243e+01	2.486232832338192367e+01	2.610855152289835601e+01	2.304142092667247965e+01	3.187892748117516817e+01	2.464007681130879135e+01	3.252642313499685400e+01	1.958118296815173309e+01	2.846058838783732980e+01	2.200363644035875765e+01	2.603788660742024774e+01	2.707988603668614402e+01	2.543104630570756797e+01	2.856497624191919726e+01
2.057573388543324100e+01	1.494451646534930234e+01	2.337484999017190290e+01	1.640435080675376867e+01	2.119765597802603097e+01	2.140023404090534243e+01	0.000000000000000000e+00	2.521962848273638969e+01	2.091559160613619284e+01	2.043036398796576236e+01	2.143465082475706396e+01	1.965267901849183119e+01	2.100002147244993012e+01	1.615992394281578370e+01	2.419973155361413220e+01	2.003147232963899071e+01	2.124624094977391309e+01	2.424856379080883784e+01	1.666669838670919290e+01	2.405974607041322955e+01
2.572357986402749930e+01	1.782334989101759604e+01	2.539222795248839404e+01	2.007315036681741205e+01	2.080535370414349572e+01	2.486232832338192367e+01	2.521962848273638969e+01	0.000000000000000000e+00	1.910524008133803520e+01	2.193198999396764037e+01	2.953708763659077263e+01	2.000123628715024182e+01	2.424067386406518665e+01	2.299091938292991699e+01	2.816900812539657650e+01	2.247577327239596556e+01	2.415600280191773308e+01	2.942336137722188028e+01	2.360887137824962068e+01	3.177063597141998486e+01
2.465053581382427339e+01	1.694623441848566259e+01	2.584530310345046544e+01	1.812505109074430720e+01	2.216621530475158508e+01	2.610855152289835601e+01	2.091559160613619284e+01	1.910524008133803520e+01	0.000000000000000000e+00	1.958998956941761094e+01	2.842053566269563447e+01	2.247372320964851866e+01	2.401555594664915816e+01	1.525040859035359020e+01	2.237913513292134127e+01	2.231995718012182195e+01	1.967856701826833543e+01	2.205461972399822201e+01	2.212547691700675756e+01	2.599951030120273998e+01
2.436981893678048650e+01	1.737672637217042393e+01	2.599791142660835419e+01	1.862312598668225405e+01	2.272157472039287285e+01	2.304142092667247965e+01	2.043036398796576236e+01	2.193198999396764037e+01	1.958998956941761094e+01	0.000000000000000000e+00	2.295479667117339062e+01	2.308502455722718238e+01	2.472277486725521101e+01	1.704510010597161696e+01	2.287179491557379407e+01	1.890170200119590049e+01	2.332971003305962654e+01	2.762426482970542807e+01	1.950070955266550499e+01	2.712529362707448044e+01
3.198929119403041454e+01	2.305151542651610086e+01	3.048251159418865086e+01	2.479177192247541939e+01	2.799014057840667746e+01	3.187892748117516817e+01	2.143465082475706396e+01	2.953708763659077263e+01	2.842053566269563447e+01	2.295479667117339062e+01	0.000000000000000000e+00	2.480275254509742311e+01	3.263450326916114363e+01	2.025063314583377050e+01	3.026626720742168430e+01	2.418335457525876464e+01	2.716490469620720205e+01	3.100307281800809633e+01	2.995376269381567980e+01	3.573097925229791372e+01
2.421865590085788256e+01	1.574529592101738018e+01	2.428930217855366180e+01	1.585997201373448107e+01	1.977945633105939294e+01	2.464007681130879135e+01	1.965267901849183119e+01	2.000123628715024182e+01	2.247372320964851866e+01	2.308502455722718238e+01	2.480275254509742311e+01	0.000000000000000000e+00	2.591500654040456553e+01	1.457548977273084745e+01	2.176569176027951968e+01	2.047828958727777859e+01	2.061047182921622323e+01	2.325348603333766562e+01	2.162167593176666713e+01	2.615097547071876249e+01
2.480971300632209164e+01	2.103216970558698407e+01	3.035061389082451910e+01	2.651906816501876918e+01	2.672983535317873560e+01	3.252642313499685400e+01	2.100002147244993012e+01	2.424067386406518665e+01	2.401555594664915816e+01	2.472277486725521101e+01	3.263450326916114363e+01	2.591500654040456553e+01	0.000000000000000000e+00	1.958287871214192322e+01	3.123275288475721112e+01	2.136956306379126502e+01	2.782891332316141231e+01	3.042261947252928778e+01	2.710560327258240676e+01	3.226809571643875785e+01
2.144637822426308560e+01	1.650698939019023115e+01	2.066764929560913799e+01	1.515980751619776257e+01	1.736335762157145268e+01	1.958118296815173309e+01	1.615992394281578370e+01	2.299091938292991699e+01	1.525040859035359020e+01	1.704510010597161696e+01	2.025063314583377050e+01	1.457548977273084745e+01	1.958287871214192322e+01	0.000000000000000000e+00	2.231298698272661696e+01	1.774473279948719906e+01	2.352826951557258184e+01	2.503182531977592973e+01	1.741661179596284370e+01	2.211619203837495107e+01
2.887642560135064684e+01	2.204819822338836133e+01	2.994864301780805249e+01	2.563361473965209214e+01	2.375139538547850648e+01	2.846058838783732980e+01	2.419973155361413220e+01	2.816900812539657650e+01	2.237913513292134127e+01	2.287179491557379407e+01	3.026626720742168430e+01	2.176569176027951968e+01	3.123275288475721112e+01	2.231298698272661696e+01	0.000000000000000000e+00	2.578686104136545509e+01	2.798739813167246027e+01	2.997144935562184997e+01	2.613753240713739245e+01	3.348076074717102557e+01
2.100660052570447789e+01	1.625471594224919514e+01	2.233806886386160429e+01	1.681510906320585264e+01	1.863184807851706992e+01	2.200363644035875765e+01	2.003147232963899071e+01	2.247577327239596556e+01	2.231995718012182195e+01	1.890170200119590049e+01	2.418335457525876464e+01	2.047828958727777859e+01	2.136956306379126502e+01	1.774473279948719906e+01	2.578686104136545509e+01	0.000000000000000000e+00	2.309992291300008915e+01	2.289926142211545823e+01	2.212870782502151457e+01	2.433131828096161087e+01
2.486640201143446660e+01	2.044323394609450162e+01	2.974252219212125325e+01	1.876241908589638285e+01	2.223225289906559610e+01	2.603788660742024774e+01	2.124624094977391309e+01	2.415600280191773308e+01	1.967856701826833543e+01	2.332971003305962654e+01	2.716490469620720205e+01	2.061047182921622323e+01	2.782891332316141231e+01	2.352826951557258184e+01	2.798739813167246027e+01	2.309992291300008915e+01	0.000000000000000000e+00	3.214015792643310476e+01	2.310168908894375051e+01	2.724775605575577941e+01
2.740009674563761877e+01	2.496745190419116156e+01	3.065352237326087703e+01	2.078669379886771651e+01	2.854475408340598008e+01	2.707988603668614402e+01	2.424856379080883784e+01	2.942336137722188028e+01	2.205461972399822201e+01	2.762426482970542807e+01	3.100307281800809633e+01	2.325348603333766562e+01	3.042261947252928778e+01	2.503182531977592973e+01	2.997144935562184997e+01	2.289926142211545823e+01	3.214015792643310476e+01	0.000000000000000000e+00	2.413619887675804421e+01	3.571326918037033948e+01
2.349414175887730494e+01	1.723170718365415155e+01	2.842340352929971203e+01	2.125016424177544039e+01	1.842967222246911874e+01	2.543104630570756797e+01	1.666669838670919290e+01	2.360887137824962068e+01	2.212547691700675756e+01	1.950070955266550499e+01	2.995376269381567980e+01	2.162167593176666713e+01	2.710560327258240676e+01	1.741661179596284370e+01	2.613753240713739245e+01	2.212870782502151457e+01	2.310168908894375051e+01	2.413619887675804421e+01	0.000000000000000000e+00	2.604586278861308557e+01
2.938659980813379136e+01	1.999412542987455410e+01	2.810195698716452739e+01	2.712122326507103764e+01	2.827138925947160075e+01	2.856497624191919726e+01	2.405974607041322955e+01	3.177063597141998486e+01	2.599951030120273998e+01	2.712529362707448044e+01	3.573097925229791372e+01	2.615097547071876249e+01	3.226809571643875785e+01	2.211619203837495107e+01	3.348076074717102557e+01	2.433131828096161087e+01	2.724775605575577941e+01	3.571326918037033948e+01	2.604586278861308557e+01	0.000000000000000000e+00
