0.000000000000000000e+00	1.920858727683905798e+01	1.434050261741195520e+01	1.625558416702224918e+01	1.932738658462213976e+01	2.043976375949328883e+01	1.987541997192715471e+01	3.094890101703521168e+01	2.809486573675286536e+01	2.094547915282186423e+01	2.260517282849800935e+01	2.448644356629175078e+01	2.298354142704603831e+01	1.630265766230110458e+01	2.123813744967435468e+01	2.309348090569583789e+01	2.707395701963696766e+01	1.867943836748580111e+01	2.035442042576626065e+01	1.886938140008911446e+01
1.920858727683905798e+01	0.000000000000000000e+00	1.733072630458365282e+01	1.401971793227744989e+01	1.736582008415946987e+01	1.870264552678326453e+01	1.392561586805420504e+01	2.517171991616251958e+01	2.420702562869407259e+01	2.091170372661391141e+01	2.244346206308302882e+01	2.371090245939401697e+01	2.040803649559457611e+01	1.911343595152252917e+01	2.164836179315437548e+01	2.076493646364783174e+01	2.642612126082482149e+01	1.871387297037768960e+01	2.000633225671580462e+01	1.917606757495388692e+01
1.434050261741195520e+01	1.733072630458365282e+01	0.000000000000000000e+00	1.512708278273935747e+01	1.930116709413445975e+01	1.968055771033928991e+01	1.653783792464638225e+01	2.688913876976708650e+01	2.462359343343281637e+01	1.830635596589084457e+01	2.108357989104840868e+01	2.111214439387026331e+01	1.980565722951986274e+01	1.791105303704662433e+01	2.023988917349618077e+01	1.980229071384275841e+01	2.486141040251381895e+01	2.163996965527253735e+01	2.536629024695444201e+01	1.859065788582422130e+01
1.625558416702224918e+01	1.401971793227744989e+01	1.512708278273935747e+01	0.000000000000000000e+00	1.513339099734922222e+01	1.766553886773044368e+01	1.624435672342782411e+01	2.543001424238057595e+01	1.956447374476175582e+01	2.219240823018170161e+01	1.769562032289701392e+01	2.310388544492419172e+01	1.993230946200788978e+01	1.652858801110375353e+01	1.694723936376033535e+01	1.713226316737909372e+01	1.797648509489584256e+01	1.823609777448175606e+01	2.131192588444268310e+01	1.633003177847450260e+01
1.932738658462213976e+01	1.736582008415946987e+01	1.930116709413445975e+01	1.513339099734922222e+01	0.000000000000000000e+00	2.333546483165277863e+01	1.893462726708895616e+01	3.104279389311535553e+01	2.689283108061957606e+01	1.860901644839458058e+01	2.047066811902593386e+01	2.207965203819792777e+01	2.210137711644539493e+01	2.053525480934184699e+01	2.493041830314297513e+01	2.393061988332686596e+01	2.718318605224489204e+01	2.536156327392326659e+01	2.269792115374479735e+01	1.888832850708595146e+01
2.043976375949328883e+01	1.870264552678326453e+01	1.968055771033928991e+01	1.766553886773044368e+01	2.333546483165277863e+01	0.000000000000000000e+00	1.877297435044980389e+01	3.177610790714595268e+01	2.603008852303921827e+01	2.626144413899445595e+01	2.608662769942168680e+01	2.280139398468570988e+01	2.464687122498773419e+01	2.447993509251612920e+01	2.657318021819244791e+01	2.154654006552872048e+01	2.556511594721239788e+01	2.612141261601183828e+01	2.326857315592079800e+01	1.985435407036362321e+01
1.987541997192715471e+01	1.392561586805420504e+01	1.653783792464638225e+01	1.624435672342782411e+01	1.893462726708895616e+01	1.877297435044980389e+01	0.000000000000000000e+00	2.935947754572888613e+01	2.179885789845656063e+01	1.654817183161728522e+01	2.011970888330016294e+01	2.131304577779341969e+01	1.918524685623906834e+01	1.701257832618486532e+01	1.970932081213800302e+01	2.227010124792900569e+01	2.336691719437992276e+01	1.730532971846204404e+01	2.027145270971275437e+01	1.761709884999350706e+01
3.094890101703521168e+01	2.517171991616251958e+01	2.688913876976708650e+01	2.543001424238057595e+01	3.104279389311535553e+01	3.177610790714595268e+01	2.935947754572888613e+01	0.000000000000000000e+00	3.680291178749182279e+01	3.246346742958042597e+01	3.353208015142811860e+01	3.799506888450286368e+01	3.053495970522008207e+01	2.761522856939706116e+01	3.142416203937197494e+01	3.534109013492423657e+01	3.653428355430286700e+01	3.263711322075837273e+01	3.360240897509466151e+01	2.657181369573437024e+01
2.809486573675286536e+01	2.420702562869407259e+01	2.462359343343281637e+01	1.956447374476175582e+01	2.689283108061957606e+01	2.603008852303921827e+01	2.179885789845656063e+01	3.680291178749182279e+01	0.000000000000000000e+00	2.707136213896798083e+01	3.169225829207552536e+01	3.048560368769239304e+01	2.819070670513293209e+01	2.480155675033308782e+01	3.280318863254552753e+01	2.821038362107115560e+01	3.061733887684711064e+01	2.760677909705326272e+01	3.195405277062734584e+01	2.639185038561507213e+01
2.094547915282186423e+01	2.091170372661391141e+01	1.830635596589084457e+01	2.219240823018170161e+01	1.860901644839458058e+01	2.626144413899445595e+01	1.654817183161728522e+01	3.246346742958042597e+01	2.707136213896798083e+01	0.000000000000000000e+00	2.348656678892529470e+01	2.401787011484823608e+01	2.394817800469839142e+01	2.215849839679619748e+01	2.356902174843315478e+01	2.103204774449206482e+01	2.854107739643222175e+01	2.433166494552170889e+01	2.201840940039188865e+01	1.939486680478059810e+01
2.260517282849800935e+01	2.244346206308302882e+01	2.108357989104840868e+01	1.769562032289701392e+01	2.047066811902593386e+01	2.608662769942168680e+01	2.011970888330016294e+01	3.353208015142811860e+01	3.169225829207552536e+01	2.348656678892529470e+01	0.000000000000000000e+00	2.538418846821212682e+01	2.484747561992622167e+01	2.244412123976695739e+01	2.870289404075351314e+01	2.413079145830864647e+01	3.068488972926301983e+01	2.414452234733625957e+01	2.720926427821766680e+01	2.368100938939219802e+01
2.448644356629175078e+01	2.371090245939401697e+01	2.111214439387026331e+01	2.310388544492419172e+01	2.207965203819792777e+01	2.280139398468570988e+01	2.131304577779341969e+01	3.799506888450286368e+01	3.048560368769239304e+01	2.401787011484823608e+01	2.538418846821212682e+01	0.000000000000000000e+00	2.416911849225903453e+01	2.462712367679205627e+01	2.478550317317879603e+01	2.622210218111900915e+01	3.289051078115910798e+01	2.988265834035843227e+01	2.505636575952637202e+01	2.572495235285264314e+01
2.298354142704603831e+01	2.040803649559457611e+01	1.980565722951986274e+01	1.993230946200788978e+01	2.210137711644539493e+01	2.464687122498773419e+01	1.918524685623906834e+01	3.053495970522008207e+01	2.819070670513293209e+01	2.394817800469839142e+01	2.484747561992622167e+01	2.416911849225903453e+01	0.000000000000000000e+00	2.051993104112893462e+01	2.360698659468428318e+01	2.385890207403501861e+01	2.553896708898217227e+01	2.654368730745235183e+01	2.319758515557033007e+01	2.116354857370719245e+01
1.630265766230110458e+01	1.911343595152252917e+01	1.791105303704662433e+01	1.652858801110375353e+01	2.053525480934184699e+01	2.447993509251612920e+01	1.701257832618486532e+01	2.761522856939706116e+01	2.480155675033308782e+01	2.215849839679619748e+01	2.244412123976695739e+01	2.462712367679205627e+01	2.051993104112893462e+01	0.000000000000000000e+00	2.112426537408820337e+01	2.134798383289947310e+01	2.615944809452042108e+01	2.293008908489985842e+01	2.135987045317782673e+01	1.704136389115081585e+01
2.123813744967435468e+01	2.164836179315437548e+01	2.023988917349618077e+01	1.694723936376033535e+01	2.493041830314297513e+01	2.657318021819244791e+01	1.970932081213800302e+01	3.142416203937197494e+01	3.280318863254552753e+01	2.356902174843315478e+01	2.870289404075351314e+01	2.478550317317879603e+01	2.360698659468428318e+01	2.112426537408820337e+01	0.000000000000000000e+00	2.123109942612310519e+01	2.840032665367446185e+01	2.742793917571919238e+01	2.584087529937729144e+01	2.212891496030093208e+01
2.309348090569583789e+01	2.076493646364783174e+01	1.980229071384275841e+01	1.713226316737909372e+01	2.393061988332686596e+01	2.154654006552872048e+01	2.227010124792900569e+01	3.534109013492423657e+01	2.821038362107115560e+01	2.103204774449206482e+01	2.413079145830864647e+01	2.622210218111900915e+01	2.385890207403501861e+01	2.134798383289947310e+01	2.123109942612310519e+01	0.000000000000000000e+00	3.124692853141308646e+01	2.248495715269339712e+01	2.791519813078347312e+01	2.150351472577813183e+01
2.707395701963696766e+01	2.642612126082482149e+01	2.486141040251381895e+01	1.797648509489584256e+01	2.718318605224489204e+01	2.556511594721239788e+01	2.336691719437992276e+01	3.653428355430286700e+01	3.061733887684711064e+01	2.854107739643222175e+01	3.068488972926301983e+01	3.289051078115910798e+01	2.553896708898217227e+01	2.615944809452042108e+01	2.840032665367446185e+01	3.124692853141308646e+01	0.000000000000000000e+00	2.911509591428532673e+01	3.442648025013036062e+01	2.631865049527322498e+01
1.867943836748580111e+01	1.871387297037768960e+01	2.163996965527253735e+01	1.823609777448175606e+01	2.536156327392326659e+01	2.612141261601183828e+01	1.730532971846204404e+01	3.263711322075837273e+01	2.760677909705326272e+01	2.433166494552170889e+01	2.414452234733625957e+01	2.988265834035843227e+01	2.654368730745235183e+01	2.293008908489985842e+01	2.742793917571919238e+01	2.248495715269339712e+01	2.911509591428532673e+01	0.000000000000000000e+00	2.532294583040608416e+01	2.502038387686988941e+01
2.035442042576626065e+01	2.000633225671580462e+01	2.536629024695444201e+01	2.131192588444268310e+01	2.269792115374479735e+01	2.326857315592079800e+01	2.027145270971275437e+01	3.360240897509466151e+01	3.195405277062734584e+01	2.201840940039188865e+01	2.720926427821766680e+01	2.505636575952637202e+01	2.319758515557033007e+01	2.135987045317782673e+01	2.584087529937729144e+01	2.791519813078347312e+01	3.442648025013036062e+01	2.532294583040608416e+01	0.000000000000000000e+00	2.013204420728458643e+01
1.886938140008911446e+01	1.917606757495388692e+01	1.859065788582422130e+01	1.633003177847450260e+01	1.888832850708595146e+01	1.985435407036362321e+01	1.761709884999350706e+01	2.657181369573437024e+01	2.639185038561507213e+01	1.939486680478059810e+01	2.368100938939219802e+01	2.572495235285264314e+01	2.116354857370719245e+01	1.704136389115081585e+01	2.212891496030093208e+01	2.150351472577813183e+01	2.631865049527322498e+01	2.502038387686988941e+01	2.013204420728458643e+01	0.000000000000000000e+00
