0.000000000000000000e+00	2.275549369037727843e+01	2.698071234895857984e+01	2.113664986546219282e+01	2.755190892737017094e+01	2.582610168416633201e+01	2.450553146242089042e+01	2.411382610650830927e+01	2.257182945977432098e+01	2.469681901655485845e+01	2.610421666222710968e+01	2.331355714883023822e+01	2.334136172821704491e+01	2.052707064353731425e+01	2.816043252491948934e+01	1.909438798382587166e+01	2.332387667975552858e+01	2.558571113165433175e+01	2.112647034692289338e+01	2.808696126366796619e+01
2.275549369037727843e+01	0.000000000000000000e+00	2.617004196920069248e+01	2.195300782287050367e+01	2.512709993529341190e+01	2.427408066936892439e+01	2.323777194850559624e+01	2.538675613167163903e+01	1.731910068822760707e+01	2.445958475578419211e+01	2.436046428621469673e+01	1.883132038003352449e+01	2.404185427671338005e+01	1.947550892213106266e+01	2.414163068589511596e+01	1.587797498306385791e+01	2.197474141710958762e+01	2.058004285532425115e+01	2.399724208004808546e+01	2.621519158466302457e+01
2.698071234895857984e+01	2.617004196920069248e+01	0.000000000000000000e+00	2.333058325212083517e+01	3.311092681772382207e+01	2.678181660938348685e+01	2.519672347470681828e+01	2.725439578571421606e+01	2.568634617077030668e+01	2.573794382539675496e+01	2.804482564920870757e+01	2.709106046878589424e+01	2.728206035271503183e+01	1.943802675251745882e+01	2.852081737212969159e+01	2.155725433315008388e+01	2.681678670630651951e+01	2.451545244775899590e+01	2.878282071971330325e+01	2.861867317352072604e+01
2.113664986546219282e+01	2.195300782287050367e+01	2.333058325212083517e+01	0.000000000000000000e+00	2.401552535886010631e+01	2.277860819525775682e+01	1.934725343833199318e+01	2.323294186161328057e+01	1.983617265493711201e+01	2.069776325813841922e+01	2.005966197845462418e+01	1.891389290470186069e+01	2.248792014678230800e+01	1.561532855560562361e+01	2.058734838524646449e+01	1.604351857798771519e+01	2.211471883404612981e+01	2.108381766606125041e+01	2.132378704223913957e+01	2.023189065417299304e+01
2.755190892737017094e+01	2.512709993529341190e+01	3.311092681772382207e+01	2.401552535886010631e+01	0.000000000000000000e+00	2.270804755228398975e+01	2.368971206298575183e+01	2.901726516137368961e+01	2.258691346370342856e+01	2.487681330654250544e+01	2.883940702923635513e+01	2.518721731222192162e+01	2.410386849150953026e+01	2.249757510626218604e+01	2.763855221659327199e+01	2.006597000523274588e+01	2.942579099430236766e+01	2.441846813603981659e+01	2.523408712350522620e+01	2.761264561425024056e+01
2.582610168416633201e+01	2.427408066936892439e+01	2.678181660938348685e+01	2.277860819525775682e+01	2.270804755228398975e+01	0.000000000000000000e+00	2.802729533925334238e+01	2.565803852389486650e+01	2.053762721609300712e+01	2.348726376443441310e+01	2.640659879878833038e+01	2.295568437431060715e+01	2.368701699476761036e+01	2.377880930366796264e+01	3.106507460827444689e+01	1.810270545854158897e+01	2.488247939262213748e+01	2.281794535877356012e+01	2.447966262891467082e+01	2.597188519956850072e+01
2.450553146242089042e+01	2.323777194850559624e+01	2.519672347470681828e+01	1.934725343833199318e+01	2.368971206298575183e+01	2.802729533925334238e+01	0.000000000000000000e+00	2.664373716949071635e+01	2.263485517662831370e+01	2.382705253293561753e+01	2.886232112214710455e+01	2.320425829989758171e+01	2.198551989320579736e+01	2.096266322508603608e+01	2.741203489315894259e+01	2.073564397333920795e+01	2.390840679009547998e+01	2.223698929898064236e+01	2.293562685357478159e+01	2.544758756944385425e+01
2.411382610650830927e+01	2.538675613167163903e+01	2.725439578571421606e+01	2.323294186161328057e+01	2.901726516137368961e+01	2.565803852389486650e+01	2.664373716949071635e+01	0.000000000000000000e+00	1.697857294978350140e+01	2.435998498864912420e+01	2.838189785792098263e+01	2.332399520057072806e+01	2.419480330965177828e+01	2.243356702435398731e+01	2.751755927957484005e+01	2.020758051253097065e+01	2.496333807495040347e+01	2.420083131165792167e+01	2.496020555313213052e+01	2.724379509084080908e+01
2.257182945977432098e+01	1.731910068822760707e+01	2.568634617077030668e+01	1.983617265493711201e+01	2.258691346370342856e+01	2.053762721609300712e+01	2.263485517662831370e+01	1.697857294978350140e+01	0.000000000000000000e+00	1.900257418335472792e+01	1.821050487601765511e+01	2.064075805063352931e+01	2.256350493513722455e+01	1.805442332126098393e+01	2.402125819800438222e+01	1.823844946779044918e+01	2.094779363204040834e+01	1.970446278058234313e+01	2.126265067059575031e+01	2.155245973674230342e+01
2.469681901655485845e+01	2.445958475578419211e+01	2.573794382539675496e+01	2.069776325813841922e+01	2.487681330654250544e+01	2.348726376443441310e+01	2.382705253293561753e+01	2.435998498864912420e+01	1.900257418335472792e+01	0.000000000000000000e+00	2.226590990232674372e+01	2.478923291375904370e+01	2.032140793201317663e+01	2.140847195483473087e+01	2.505241789919045559e+01	2.034596146876650735e+01	2.498156209335482103e+01	2.227648796645322449e+01	2.275094362825694105e+01	2.277269871406681645e+01
2.610421666222710968e+01	2.436046428621469673e+01	2.804482564920870757e+01	2.005966197845462418e+01	2.883940702923635513e+01	2.640659879878833038e+01	2.886232112214710455e+01	2.838189785792098263e+01	1.821050487601765511e+01	2.226590990232674372e+01	0.000000000000000000e+00	2.511530360365845738e+01	2.593264506529711255e+01	2.518762335046613998e+01	2.742935843766368009e+01	2.070127169479695084e+01	2.685842039245328294e+01	2.621722322061188848e+01	2.497695163165074561e+01	2.851840232868353198e+01
2.331355714883023822e+01	1.883132038003352449e+01	2.709106046878589424e+01	1.891389290470186069e+01	2.518721731222192162e+01	2.295568437431060715e+01	2.320425829989758171e+01	2.332399520057072806e+01	2.064075805063352931e+01	2.478923291375904370e+01	2.511530360365845738e+01	0.000000000000000000e+00	2.365514165082603881e+01	2.098200326744974831e+01	2.586220929661945078e+01	1.775591267646093740e+01	2.326172245257338744e+01	1.929224323711529010e+01	2.096479824376021384e+01	2.150906922511389041e+01
2.334136172821704491e+01	2.404185427671338005e+01	2.728206035271503183e+01	2.248792014678230800e+01	2.410386849150953026e+01	2.368701699476761036e+01	2.198551989320579736e+01	2.419480330965177828e+01	2.256350493513722455e+01	2.032140793201317663e+01	2.593264506529711255e+01	2.365514165082603881e+01	0.000000000000000000e+00	2.267445836600234799e+01	2.613728878210636353e+01	1.727289544838971835e+01	2.327218199588466874e+01	2.108553264757745538e+01	2.526738114692499693e+01	2.708230712238183813e+01
2.052707064353731425e+01	1.947550892213106266e+01	1.943802675251745882e+01	1.561532855560562361e+01	2.249757510626218604e+01	2.377880930366796264e+01	2.096266322508603608e+01	2.243356702435398731e+01	1.805442332126098393e+01	2.140847195483473087e+01	2.518762335046613998e+01	2.098200326744974831e+01	2.267445836600234799e+01	0.000000000000000000e+00	2.313811406013906691e+01	1.447950195876175883e+01	2.250649972763233464e+01	1.812949104321351257e+01	2.226277738050846722e+01	2.444826772171481011e+01
2.816043252491948934e+01	2.414163068589511596e+01	2.852081737212969159e+01	2.058734838524646449e+01	2.763855221659327199e+01	3.106507460827444689e+01	2.741203489315894259e+01	2.751755927957484005e+01	2.402125819800438222e+01	2.505241789919045559e+01	2.742935843766368009e+01	2.586220929661945078e+01	2.613728878210636353e+01	2.313811406013906691e+01	0.000000000000000000e+00	2.049815004019121290e+01	2.634420752997578674e+01	2.368576095842232476e+01	2.721960119166171665e+01	2.676850456902591446e+01
1.909438798382587166e+01	1.587797498306385791e+01	2.155725433315008388e+01	1.604351857798771519e+01	2.006597000523274588e+01	1.810270545854158897e+01	2.073564397333920795e+01	2.020758051253097065e+01	1.823844946779044918e+01	2.034596146876650735e+01	2.070127169479695084e+01	1.775591267646093740e+01	1.727289544838971835e+01	1.447950195876175883e+01	2.049815004019121290e+01	0.000000000000000000e+00	2.009449206299166590e+01	1.834357530861916175e+01	2.091941044749134448e+01	1.870469912577226879e+01
2.332387667975552858e+01	2.197474141710958762e+01	2.681678670630651951e+01	2.211471883404612981e+01	2.942579099430236766e+01	2.488247939262213748e+01	2.390840679009547998e+01	2.496333807495040347e+01	2.094779363204040834e+01	2.498156209335482103e+01	2.685842039245328294e+01	2.326172245257338744e+01	2.327218199588466874e+01	2.250649972763233464e+01	2.634420752997578674e+01	2.009449206299166590e+01	0.000000000000000000e+00	2.419039325991743183e+01	2.411271008254901460e+01	2.546771184324431658e+01
2.558571113165433175e+01	2.058004285532425115e+01	2.451545244775899590e+01	2.108381766606125041e+01	2.441846813603981659e+01	2.281794535877356012e+01	2.223698929898064236e+01	2.420083131165792167e+01	1.970446278058234313e+01	2.227648796645322449e+01	2.621722322061188848e+01	1.929224323711529010e+01	2.108553264757745538e+01	1.812949104321351257e+01	2.368576095842232476e+01	1.834357530861916175e+01	2.419039325991743183e+01	0.000000000000000000e+00	2.335295878705840877e+01	2.474586275452529094e+01
2.112647034692289338e+01	2.399724208004808546e+01	2.878282071971330325e+01	2.132378704223913957e+01	2.523408712350522620e+01	2.447966262891467082e+01	2.293562685357478159e+01	2.496020555313213052e+01	2.126265067059575031e+01	2.275094362825694105e+01	2.497695163165074561e+01	2.096479824376021384e+01	2.526738114692499693e+01	2.226277738050846722e+01	2.721960119166171665e+01	2.091941044749134448e+01	2.411271008254901460e+01	2.335295878705840877e+01	0.000000000000000000e+00	2.513532970903837338e+01
2.808696126366796619e+01	2.621519158466302457e+01	2.861867317352072604e+01	2.023189065417299304e+01	2.761264561425024056e+01	2.597188519956850072e+01	2.544758756944385425e+01	2.724379509084080908e+01	2.155245973674230342e+01	2.277269871406681645e+01	2.851840232868353198e+01	2.150906922511389041e+01	2.708230712238183813e+01	2.444826772171481011e+01	2.676850456902591446e+01	1.870469912577226879e+01	2.546771184324431658e+01	2.474586275452529094e+01	2.513532970903837338e+01	0.000000000000000000e+00
