0.000000000000000000e+00	2.306846326553241866e+01	2.825752479028661668e+01	2.214186593133957714e+01	2.888109816749395264e+01	2.523803491576905600e+01	2.483298809022548781e+01	2.386425637533793065e+01	2.332522744458592001e+01	2.505061268595401103e+01	2.690565237807808074e+01	2.305287067259914124e+01	2.365160088429279739e+01	2.053829644924271136e+01	2.939598911013229099e+01	1.936391430199034858e+01	2.316182748740094510e+01	2.542795676553635076e+01	2.206924918097866595e+01	2.900094821807758905e+01
2.306846326553241866e+01	0.000000000000000000e+00	2.671738672626629096e+01	2.215692539116293602e+01	2.487271407531069656e+01	2.390892401175348070e+01	2.395656112791204961e+01	2.538175712304312981e+01	1.749857416355381901e+01	2.406633290225054012e+01	2.442086930206200890e+01	1.823078306707482810e+01	2.351185880807758366e+01	1.898907856515765502e+01	2.429305791601695930e+01	1.604628124032152670e+01	2.200266660020928455e+01	2.085853868984735726e+01	2.394221200735394461e+01	2.696283473393564734e+01
2.825752479028661668e+01	2.671738672626629096e+01	0.000000000000000000e+00	2.438169373397421680e+01	3.306105003965016920e+01	2.641179422735390148e+01	2.650703808129225791e+01	2.804065110608003408e+01	2.552677223339533086e+01	2.620313800525560666e+01	2.864729783297168808e+01	2.582235272264041726e+01	2.750672366410583436e+01	1.981574299711882503e+01	2.977909910052773412e+01	2.188214836084152282e+01	2.753421125336342712e+01	2.537489859323404673e+01	2.920574451699070551e+01	2.868940702374377238e+01
2.214186593133957714e+01	2.215692539116293602e+01	2.438169373397421680e+01	0.000000000000000000e+00	2.446947355801990653e+01	2.263039291951173837e+01	2.030348545295778351e+01	2.317469053879953123e+01	1.934581389708320032e+01	2.088104692238781368e+01	2.057413646439963983e+01	1.865278603440764371e+01	2.254005845788999451e+01	1.537899798096937687e+01	2.140690944787583305e+01	1.630277872964594366e+01	2.182827830663827484e+01	2.113756291223846162e+01	2.133560166876001318e+01	2.085962364275196990e+01
2.888109816749395264e+01	2.487271407531069656e+01	3.306105003965016920e+01	2.446947355801990653e+01	0.000000000000000000e+00	2.197476324724533470e+01	2.531322478682779931e+01	2.900817673815633313e+01	2.251921569390830768e+01	2.475048351742455566e+01	2.869909407292902515e+01	2.397797607349159676e+01	2.394309365330633455e+01	2.213253426552897096e+01	2.804683700772662291e+01	2.063545053256997974e+01	2.883800762967898379e+01	2.463968095618381327e+01	2.570332683541910157e+01	2.830315447079178526e+01
2.523803491576905600e+01	2.390892401175348070e+01	2.641179422735390148e+01	2.263039291951173837e+01	2.197476324724533470e+01	0.000000000000000000e+00	2.679531012781303900e+01	2.405769342905623986e+01	1.978263508774231738e+01	2.258637419486833409e+01	2.626166115691162872e+01	2.196237340554410977e+01	2.325851660952333688e+01	2.265769891541429359e+01	3.015386631031773490e+01	1.751499187748963493e+01	2.333878424769689630e+01	2.166577282990667186e+01	2.414682171729883464e+01	2.551432317080703172e+01
2.483298809022548781e+01	2.395656112791204961e+01	2.650703808129225791e+01	2.030348545295778351e+01	2.531322478682779931e+01	2.679531012781303900e+01	0.000000000000000000e+00	2.766211037972470166e+01	2.224755962084206828e+01	2.422609529448001808e+01	2.929496396483693488e+01	2.215736020488638047e+01	2.119584447352013967e+01	2.134499214404414502e+01	2.865990617851252509e+01	2.048788917351859240e+01	2.401452163383643423e+01	2.207808315563573487e+01	2.341273438252612138e+01	2.497748652387761581e+01
2.386425637533793065e+01	2.538175712304312981e+01	2.804065110608003408e+01	2.317469053879953123e+01	2.900817673815633313e+01	2.405769342905623986e+01	2.766211037972470166e+01	0.000000000000000000e+00	1.682553342482567516e+01	2.365420535742229546e+01	2.816345784996825685e+01	2.291820926547767101e+01	2.397837488331252231e+01	2.236437773240545468e+01	2.841813199159065562e+01	2.010746942086018763e+01	2.476604618013170622e+01	2.356769648019808372e+01	2.504525914739243930e+01	2.721757728086248207e+01
2.332522744458592001e+01	1.749857416355381901e+01	2.552677223339533086e+01	1.934581389708320032e+01	2.251921569390830768e+01	1.978263508774231738e+01	2.224755962084206828e+01	1.682553342482567516e+01	0.000000000000000000e+00	1.898296647979961449e+01	1.873903974365592617e+01	2.016324065442347901e+01	2.249060970068073573e+01	1.818036404387437699e+01	2.480728608037305705e+01	1.828597868007602756e+01	2.016771435247701305e+01	1.913758913907032166e+01	2.099606228590733892e+01	2.142246474181308713e+01
2.505061268595401103e+01	2.406633290225054012e+01	2.620313800525560666e+01	2.088104692238781368e+01	2.475048351742455566e+01	2.258637419486833409e+01	2.422609529448001808e+01	2.365420535742229546e+01	1.898296647979961449e+01	0.000000000000000000e+00	2.223075801425066444e+01	2.400766958012579977e+01	2.035408646520735942e+01	2.022480833147366752e+01	2.500151849612391786e+01	2.113603607201345724e+01	2.421947309362064615e+01	2.200839485314500621e+01	2.299854939055428815e+01	2.289321603579440279e+01
2.690565237807808074e+01	2.442086930206200890e+01	2.864729783297168808e+01	2.057413646439963983e+01	2.869909407292902515e+01	2.626166115691162872e+01	2.929496396483693488e+01	2.816345784996825685e+01	1.873903974365592617e+01	2.223075801425066444e+01	0.000000000000000000e+00	2.411165840418324890e+01	2.622643225435823311e+01	2.534961378025877821e+01	2.810021267867115924e+01	2.010420251559460780e+01	2.675430071805325838e+01	2.564613264102374046e+01	2.567466166116770054e+01	2.919013007758198341e+01
2.305287067259914124e+01	1.823078306707482810e+01	2.582235272264041726e+01	1.865278603440764371e+01	2.397797607349159676e+01	2.196237340554410977e+01	2.215736020488638047e+01	2.291820926547767101e+01	2.016324065442347901e+01	2.400766958012579977e+01	2.411165840418324890e+01	0.000000000000000000e+00	2.367848451246145203e+01	2.027582864272793728e+01	2.550743987263707524e+01	1.762378662283378361e+01	2.268302445889861474e+01	1.867465072233945733e+01	2.079101581463147141e+01	2.148724160418201734e+01
2.365160088429279739e+01	2.351185880807758366e+01	2.750672366410583436e+01	2.254005845788999451e+01	2.394309365330633455e+01	2.325851660952333688e+01	2.119584447352013967e+01	2.397837488331252231e+01	2.249060970068073573e+01	2.035408646520735942e+01	2.622643225435823311e+01	2.367848451246145203e+01	0.000000000000000000e+00	2.239214554913048616e+01	2.562455956943424695e+01	1.718536475401936414e+01	2.310911267404550529e+01	2.032434389791026774e+01	2.580658564981229830e+01	2.743443317300928541e+01
2.053829644924271136e+01	1.898907856515765502e+01	1.981574299711882503e+01	1.537899798096937687e+01	2.213253426552897096e+01	2.265769891541429359e+01	2.134499214404414502e+01	2.236437773240545468e+01	1.818036404387437699e+01	2.022480833147366752e+01	2.534961378025877821e+01	2.027582864272793728e+01	2.239214554913048616e+01	0.000000000000000000e+00	2.356854805809692266e+01	1.479765042009362652e+01	2.175661742867149329e+01	1.847040152606952290e+01	2.216800312646575577e+01	2.438273443943299412e+01
2.939598911013229099e+01	2.429305791601695930e+01	2.977909910052773412e+01	2.140690944787583305e+01	2.804683700772662291e+01	3.015386631031773490e+01	2.865990617851252509e+01	2.841813199159065562e+01	2.480728608037305705e+01	2.500151849612391786e+01	2.810021267867115924e+01	2.550743987263707524e+01	2.562455956943424695e+01	2.356854805809692266e+01	0.000000000000000000e+00	2.076405457851950942e+01	2.608773160902938670e+01	2.346149668137728028e+01	2.722141905190105504e+01	2.753239664041586821e+01
1.936391430199034858e+01	1.604628124032152670e+01	2.188214836084152282e+01	1.630277872964594366e+01	2.063545053256997974e+01	1.751499187748963493e+01	2.048788917351859240e+01	2.010746942086018763e+01	1.828597868007602756e+01	2.113603607201345724e+01	2.010420251559460780e+01	1.762378662283378361e+01	1.718536475401936414e+01	1.479765042009362652e+01	2.076405457851950942e+01	0.000000000000000000e+00	2.006377380487692719e+01	1.787505344804602814e+01	2.123084991467512239e+01	1.818483545740422969e+01
2.316182748740094510e+01	2.200266660020928455e+01	2.753421125336342712e+01	2.182827830663827484e+01	2.883800762967898379e+01	2.333878424769689630e+01	2.401452163383643423e+01	2.476604618013170622e+01	2.016771435247701305e+01	2.421947309362064615e+01	2.675430071805325838e+01	2.268302445889861474e+01	2.310911267404550529e+01	2.175661742867149329e+01	2.608773160902938670e+01	2.006377380487692719e+01	0.000000000000000000e+00	2.396831630835682247e+01	2.431643589224490043e+01	2.472016152149795687e+01
2.542795676553635076e+01	2.085853868984735726e+01	2.537489859323404673e+01	2.113756291223846162e+01	2.463968095618381327e+01	2.166577282990667186e+01	2.207808315563573487e+01	2.356769648019808372e+01	1.913758913907032166e+01	2.200839485314500621e+01	2.564613264102374046e+01	1.867465072233945733e+01	2.032434389791026774e+01	1.847040152606952290e+01	2.346149668137728028e+01	1.787505344804602814e+01	2.396831630835682247e+01	0.000000000000000000e+00	2.368607997230214579e+01	2.510258665868548178e+01
2.206924918097866595e+01	2.394221200735394461e+01	2.920574451699070551e+01	2.133560166876001318e+01	2.570332683541910157e+01	2.414682171729883464e+01	2.341273438252612138e+01	2.504525914739243930e+01	2.099606228590733892e+01	2.299854939055428815e+01	2.567466166116770054e+01	2.079101581463147141e+01	2.580658564981229830e+01	2.216800312646575577e+01	2.722141905190105504e+01	2.123084991467512239e+01	2.431643589224490043e+01	2.368607997230214579e+01	0.000000000000000000e+00	2.562334743208629106e+01
2.900094821807758905e+01	2.696283473393564734e+01	2.868940702374377238e+01	2.085962364275196990e+01	2.830315447079178526e+01	2.551432317080703172e+01	2.497748652387761581e+01	2.721757728086248207e+01	2.142246474181308713e+01	2.289321603579440279e+01	2.919013007758198341e+01	2.148724160418201734e+01	2.743443317300928541e+01	2.438273443943299412e+01	2.753239664041586821e+01	1.818483545740422969e+01	2.472016152149795687e+01	2.510258665868548178e+01	2.562334743208629106e+01	0.000000000000000000e+00
