0.000000000000000000e+00	2.321200232943110109e+01	2.785129757629210800e+01	2.245196010331937586e+01	2.498556739702252116e+01	2.429450183854654099e+01	1.817271065566040633e+01	2.280245282640206383e+01	2.218658177196581960e+01	2.305688912079793340e+01	2.599088516926969916e+01	2.341623365086633513e+01	2.375134751457600757e+01	1.904506889417882931e+01	2.719149653550443091e+01	1.853263143684468162e+01	2.066483737425203060e+01	2.578073134792502330e+01	2.242611703694318237e+01	2.574388677096612810e+01
2.321200232943110109e+01	0.000000000000000000e+00	2.534197792212474099e+01	2.264147071971181191e+01	2.244212414403587985e+01	2.371000410793303459e+01	1.985024764521399732e+01	2.072060471220629907e+01	2.077243465626209229e+01	2.292588986602937240e+01	2.209599151768868452e+01	2.090982105342637354e+01	2.483520924401473096e+01	2.020427578699558779e+01	2.681017814674946820e+01	1.788886517229394002e+01	2.018406673680516761e+01	2.395359716560673746e+01	2.313861958069796643e+01	2.243511373732820857e+01
2.785129757629210800e+01	2.534197792212474099e+01	0.000000000000000000e+00	2.689548998356489307e+01	2.686147991104826360e+01	2.813282557198976619e+01	2.379788534010027945e+01	2.765390727855762876e+01	2.399910803122641667e+01	2.803134869523709582e+01	2.749528183267995729e+01	2.736554628397304967e+01	2.682696784420648939e+01	2.547625862999474933e+01	3.094203694573097607e+01	2.364821626554217104e+01	2.635432382973340637e+01	3.145182425663174541e+01	2.615420177557943759e+01	3.069306045817599937e+01
2.245196010331937586e+01	2.264147071971181191e+01	2.689548998356489307e+01	0.000000000000000000e+00	1.924626210950189886e+01	2.286191966267533360e+01	2.292858975500590546e+01	2.271216306222088122e+01	2.034740281670034534e+01	2.666312727074933875e+01	2.286385441020247455e+01	2.540496380648897912e+01	2.534212343793373634e+01	2.139793534922275597e+01	2.571548973664194904e+01	1.837981389633891993e+01	2.341909292359952488e+01	2.728971688509180282e+01	2.223582524575075325e+01	2.714577383223001306e+01
2.498556739702252116e+01	2.244212414403587985e+01	2.686147991104826360e+01	1.924626210950189886e+01	0.000000000000000000e+00	2.145450235764008085e+01	2.030111116737516852e+01	2.402203940955672223e+01	2.268013575088597378e+01	1.964244638150991662e+01	2.019582700056680125e+01	1.976276316529195398e+01	2.330757687882858775e+01	2.158599509101005864e+01	2.484902048112653006e+01	1.856210002324662867e+01	2.120000643615247427e+01	2.387087328277454290e+01	2.273101777090534625e+01	2.597085610093976626e+01
2.429450183854654099e+01	2.371000410793303459e+01	2.813282557198976619e+01	2.286191966267533360e+01	2.145450235764008085e+01	0.000000000000000000e+00	2.179974372848499797e+01	2.588453333396726563e+01	2.280383423313195834e+01	2.311276831210812333e+01	2.749802435573059967e+01	2.414122577933785152e+01	2.435982537269008574e+01	1.967210975142745966e+01	2.704210722340484452e+01	2.056119081295032913e+01	2.490980400463630673e+01	2.454104741446914417e+01	2.455827519035631212e+01	2.845144026170254392e+01
1.817271065566040633e+01	1.985024764521399732e+01	2.379788534010027945e+01	2.292858975500590546e+01	2.030111116737516852e+01	2.179974372848499797e+01	0.000000000000000000e+00	2.041360093848731339e+01	2.246388214150663387e+01	2.326761065604799583e+01	2.175467445245988785e+01	2.116619957237060135e+01	2.309653360040901049e+01	1.940841198665409451e+01	2.367901699096742263e+01	1.605722545362483089e+01	2.026588798035832184e+01	2.527010627191024739e+01	2.188316541354954836e+01	2.536601718478805978e+01
2.280245282640206383e+01	2.072060471220629907e+01	2.765390727855762876e+01	2.271216306222088122e+01	2.402203940955672223e+01	2.588453333396726563e+01	2.041360093848731339e+01	0.000000000000000000e+00	2.191087813369955839e+01	2.197726675019886500e+01	2.864421953729905823e+01	2.509974330912897145e+01	2.798642995104314579e+01	2.131944802013932971e+01	2.626469740173308409e+01	2.303671647082496676e+01	2.343415233631617056e+01	2.433434357355969979e+01	2.427825547719278276e+01	2.820921494530074369e+01
2.218658177196581960e+01	2.077243465626209229e+01	2.399910803122641667e+01	2.034740281670034534e+01	2.268013575088597378e+01	2.280383423313195834e+01	2.246388214150663387e+01	2.191087813369955839e+01	0.000000000000000000e+00	2.244221994168469436e+01	2.266209661490495009e+01	2.117162491316001649e+01	2.427538464872673529e+01	2.010718520127743147e+01	2.404105671414891177e+01	1.953296712261227341e+01	2.020766932855704923e+01	2.455021434124981994e+01	2.250667529436923431e+01	2.295130951647469075e+01
2.305688912079793340e+01	2.292588986602937240e+01	2.803134869523709582e+01	2.666312727074933875e+01	1.964244638150991662e+01	2.311276831210812333e+01	2.326761065604799583e+01	2.197726675019886500e+01	2.244221994168469436e+01	0.000000000000000000e+00	2.331725615931953755e+01	2.514372546404031183e+01	2.573991259372311191e+01	2.189730058842479821e+01	2.761088018710518455e+01	2.025190697617161462e+01	2.097748685378758537e+01	2.565644187061234405e+01	2.547503936871898844e+01	2.489487110916561718e+01
2.599088516926969916e+01	2.209599151768868452e+01	2.749528183267995729e+01	2.286385441020247455e+01	2.019582700056680125e+01	2.749802435573059967e+01	2.175467445245988785e+01	2.864421953729905823e+01	2.266209661490495009e+01	2.331725615931953755e+01	0.000000000000000000e+00	2.373470037437039792e+01	2.775143173009634268e+01	1.947818503938172086e+01	2.847140970294074691e+01	1.876220431718790493e+01	2.162605129350396282e+01	2.755257369653320509e+01	2.554973584410456056e+01	2.802724426316093087e+01
2.341623365086633513e+01	2.090982105342637354e+01	2.736554628397304967e+01	2.540496380648897912e+01	1.976276316529195398e+01	2.414122577933785152e+01	2.116619957237060135e+01	2.509974330912897145e+01	2.117162491316001649e+01	2.514372546404031183e+01	2.373470037437039792e+01	0.000000000000000000e+00	2.355308327109834821e+01	1.813251064186309236e+01	2.660308253655887967e+01	1.883976717876955931e+01	2.111559200161487482e+01	2.439817620289042210e+01	2.370512289317012034e+01	2.540310380260951106e+01
2.375134751457600757e+01	2.483520924401473096e+01	2.682696784420648939e+01	2.534212343793373634e+01	2.330757687882858775e+01	2.435982537269008574e+01	2.309653360040901049e+01	2.798642995104314579e+01	2.427538464872673529e+01	2.573991259372311191e+01	2.775143173009634268e+01	2.355308327109834821e+01	0.000000000000000000e+00	2.223273071057287353e+01	2.900392831894459533e+01	1.954019624938643673e+01	2.213250647607798527e+01	2.779499317404091485e+01	2.643892292489632467e+01	2.873281704526924685e+01
1.904506889417882931e+01	2.020427578699558779e+01	2.547625862999474933e+01	2.139793534922275597e+01	2.158599509101005864e+01	1.967210975142745966e+01	1.940841198665409451e+01	2.131944802013932971e+01	2.010718520127743147e+01	2.189730058842479821e+01	1.947818503938172086e+01	1.813251064186309236e+01	2.223273071057287353e+01	0.000000000000000000e+00	2.177093107743635514e+01	1.829173887180376923e+01	2.066475452028601367e+01	2.017299170724996671e+01	1.973074495929019179e+01	2.257096930519804800e+01
2.719149653550443091e+01	2.681017814674946820e+01	3.094203694573097607e+01	2.571548973664194904e+01	2.484902048112653006e+01	2.704210722340484452e+01	2.367901699096742263e+01	2.626469740173308409e+01	2.404105671414891177e+01	2.761088018710518455e+01	2.847140970294074691e+01	2.660308253655887967e+01	2.900392831894459533e+01	2.177093107743635514e+01	0.000000000000000000e+00	1.956847776212048728e+01	2.399074637730896953e+01	3.081718015954662349e+01	2.902892509117955910e+01	3.128852238420073206e+01
1.853263143684468162e+01	1.788886517229394002e+01	2.364821626554217104e+01	1.837981389633891993e+01	1.856210002324662867e+01	2.056119081295032913e+01	1.605722545362483089e+01	2.303671647082496676e+01	1.953296712261227341e+01	2.025190697617161462e+01	1.876220431718790493e+01	1.883976717876955931e+01	1.954019624938643673e+01	1.829173887180376923e+01	1.956847776212048728e+01	0.000000000000000000e+00	1.865618064112566543e+01	2.114834797254432885e+01	1.915649505841613021e+01	2.125117304402740714e+01
2.066483737425203060e+01	2.018406673680516761e+01	2.635432382973340637e+01	2.341909292359952488e+01	2.120000643615247427e+01	2.490980400463630673e+01	2.026588798035832184e+01	2.343415233631617056e+01	2.020766932855704923e+01	2.097748685378758537e+01	2.162605129350396282e+01	2.111559200161487482e+01	2.213250647607798527e+01	2.066475452028601367e+01	2.399074637730896953e+01	1.865618064112566543e+01	0.000000000000000000e+00	2.327843053594242662e+01	2.312783342114673246e+01	2.467325267553290402e+01
2.578073134792502330e+01	2.395359716560673746e+01	3.145182425663174541e+01	2.728971688509180282e+01	2.387087328277454290e+01	2.454104741446914417e+01	2.527010627191024739e+01	2.433434357355969979e+01	2.455021434124981994e+01	2.565644187061234405e+01	2.755257369653320509e+01	2.439817620289042210e+01	2.779499317404091485e+01	2.017299170724996671e+01	3.081718015954662349e+01	2.114834797254432885e+01	2.327843053594242662e+01	0.000000000000000000e+00	2.373710242051080144e+01	2.962603176791855830e+01
2.242611703694318237e+01	2.313861958069796643e+01	2.615420177557943759e+01	2.223582524575075325e+01	2.273101777090534625e+01	2.455827519035631212e+01	2.188316541354954836e+01	2.427825547719278276e+01	2.250667529436923431e+01	2.547503936871898844e+01	2.554973584410456056e+01	2.370512289317012034e+01	2.643892292489632467e+01	1.973074495929019179e+01	2.902892509117955910e+01	1.915649505841613021e+01	2.312783342114673246e+01	2.373710242051080144e+01	0.000000000000000000e+00	2.622769310578666691e+01
2.574388677096612810e+01	2.243511373732820857e+01	3.069306045817599937e+01	2.714577383223001306e+01	2.597085610093976626e+01	2.845144026170254392e+01	2.536601718478805978e+01	2.820921494530074369e+01	2.295130951647469075e+01	2.489487110916561718e+01	2.802724426316093087e+01	2.540310380260951106e+01	2.873281704526924685e+01	2.257096930519804800e+01	3.128852238420073206e+01	2.125117304402740714e+01	2.467325267553290402e+01	2.962603176791855830e+01	2.622769310578666691e+01	0.000000000000000000e+00
