0.000000000000000000e+00	2.245170507981758590e+01	2.778494421166129769e+01	2.220169967026350477e+01	2.488267259586701385e+01	2.365737835944021228e+01	1.853013244574786000e+01	2.293204771068468872e+01	2.287442386800737282e+01	2.292908131669586069e+01	2.609514288232261237e+01	2.341207277562406830e+01	2.369890455850337574e+01	1.942332236553778557e+01	2.757476163148357173e+01	1.838335762416383901e+01	2.082113826533953826e+01	2.586510500648143562e+01	2.250810352469031983e+01	2.581581284952003230e+01
2.245170507981758590e+01	0.000000000000000000e+00	2.464065557980577381e+01	2.119559187265782541e+01	2.190987746619524756e+01	2.213154694333734795e+01	1.937919003792079309e+01	2.036360390766986228e+01	2.035559939282111230e+01	2.178064345519054967e+01	2.156411821286669905e+01	1.941772260044700360e+01	2.406673951332766848e+01	1.999941489109695070e+01	2.587791645351206071e+01	1.726314720994079366e+01	1.995220787746148972e+01	2.349466111903323906e+01	2.240066093998413166e+01	2.156994969088704650e+01
2.778494421166129769e+01	2.464065557980577381e+01	0.000000000000000000e+00	2.702964663569201420e+01	2.754193517748073816e+01	2.782589388931904395e+01	2.448608545561282313e+01	2.822630835466911137e+01	2.427271799187148105e+01	2.793027759156904821e+01	2.817140202367646040e+01	2.744618690071864364e+01	2.706747511324601518e+01	2.637347200995959184e+01	3.134411895478036669e+01	2.374169872343658483e+01	2.711969380103183269e+01	3.186294577963263919e+01	2.652310239695244576e+01	3.126579243935440999e+01
2.220169967026350477e+01	2.119559187265782541e+01	2.702964663569201420e+01	0.000000000000000000e+00	1.904902099700036544e+01	2.219583490151265792e+01	2.334490493521402854e+01	2.240669754972008221e+01	2.056239695482071639e+01	2.591335321156280358e+01	2.255713639831658313e+01	2.466236016368311113e+01	2.519966630590647938e+01	2.153881078305498775e+01	2.602983179397281788e+01	1.833190084972779843e+01	2.323399082057561316e+01	2.677158387695013175e+01	2.233842773240538548e+01	2.664700489001351613e+01
2.488267259586701385e+01	2.190987746619524756e+01	2.754193517748073816e+01	1.904902099700036544e+01	0.000000000000000000e+00	2.149864623630398697e+01	2.096465833721329020e+01	2.440898072263871654e+01	2.350819231485452221e+01	1.925869811056761804e+01	2.111867945299036364e+01	1.974103404217579438e+01	2.321277801478248293e+01	2.240807584763968308e+01	2.539496190066708436e+01	1.834034839190850263e+01	2.180945827299903073e+01	2.413288083547915974e+01	2.323791926252872742e+01	2.642829562417346168e+01
2.365737835944021228e+01	2.213154694333734795e+01	2.782589388931904395e+01	2.219583490151265792e+01	2.149864623630398697e+01	0.000000000000000000e+00	2.188758070779066855e+01	2.567905406398170598e+01	2.309510209004150383e+01	2.236578549855977727e+01	2.794154255847342938e+01	2.403279113217332963e+01	2.399088442578298341e+01	1.994753587711888088e+01	2.681860569174130049e+01	2.024099611359429929e+01	2.478503150671413735e+01	2.457804118143510408e+01	2.411121598808635014e+01	2.872782931501316028e+01
1.853013244574786000e+01	1.937919003792079309e+01	2.448608545561282313e+01	2.334490493521402854e+01	2.096465833721329020e+01	2.188758070779066855e+01	0.000000000000000000e+00	2.102008328200948029e+01	2.226494867365987673e+01	2.267296448969114664e+01	2.214268776892759405e+01	2.150463751754034902e+01	2.292561425703497946e+01	2.038118880256741505e+01	2.422580604395838222e+01	1.629251716005590467e+01	2.048720177126769926e+01	2.588750439799601466e+01	2.187940658862379095e+01	2.578417341358292703e+01
2.293204771068468872e+01	2.036360390766986228e+01	2.822630835466911137e+01	2.240669754972008221e+01	2.440898072263871654e+01	2.567905406398170598e+01	2.102008328200948029e+01	0.000000000000000000e+00	2.227174462941155753e+01	2.165822770398021291e+01	2.914659495745766904e+01	2.491116871846126557e+01	2.754393785674959005e+01	2.176427120297687523e+01	2.687005667189629676e+01	2.303316171151815084e+01	2.378929192496506673e+01	2.426670631150390278e+01	2.407105486358801372e+01	2.857203595291685616e+01
2.287442386800737282e+01	2.035559939282111230e+01	2.427271799187148105e+01	2.056239695482071639e+01	2.350819231485452221e+01	2.309510209004150383e+01	2.226494867365987673e+01	2.227174462941155753e+01	0.000000000000000000e+00	2.214083230361742238e+01	2.325703942672112134e+01	2.162221712942511331e+01	2.453374063124833881e+01	2.020527836809459288e+01	2.445808629900746212e+01	1.926252482954010503e+01	2.040111001835771276e+01	2.441875886306805299e+01	2.275578964822184247e+01	2.358381173785932816e+01
2.292908131669586069e+01	2.178064345519054967e+01	2.793027759156904821e+01	2.591335321156280358e+01	1.925869811056761804e+01	2.236578549855977727e+01	2.267296448969114664e+01	2.165822770398021291e+01	2.214083230361742238e+01	0.000000000000000000e+00	2.316328177718676429e+01	2.475205305317464166e+01	2.501663426106757271e+01	2.189828641986810709e+01	2.677567093653356878e+01	2.017011023211925291e+01	2.092220456650203531e+01	2.533726943602447079e+01	2.475237042293969481e+01	2.439927573610428979e+01
2.609514288232261237e+01	2.156411821286669905e+01	2.817140202367646040e+01	2.255713639831658313e+01	2.111867945299036364e+01	2.794154255847342938e+01	2.214268776892759405e+01	2.914659495745766904e+01	2.325703942672112134e+01	2.316328177718676429e+01	0.000000000000000000e+00	2.398452265068011613e+01	2.776248806083000531e+01	1.969942869963101373e+01	2.846603752851845215e+01	1.910589542926847528e+01	2.174735433833992460e+01	2.666498392698636977e+01	2.601820349946139288e+01	2.833150126167159044e+01
2.341207277562406830e+01	1.941772260044700360e+01	2.744618690071864364e+01	2.466236016368311113e+01	1.974103404217579438e+01	2.403279113217332963e+01	2.150463751754034902e+01	2.491116871846126557e+01	2.162221712942511331e+01	2.475205305317464166e+01	2.398452265068011613e+01	0.000000000000000000e+00	2.350050217257949114e+01	1.853141034722443337e+01	2.650975432639097562e+01	1.911554172944412855e+01	2.134919080911852873e+01	2.393339528377822134e+01	2.341458120957332412e+01	2.475601070227143907e+01
2.369890455850337574e+01	2.406673951332766848e+01	2.706747511324601518e+01	2.519966630590647938e+01	2.321277801478248293e+01	2.399088442578298341e+01	2.292561425703497946e+01	2.754393785674959005e+01	2.453374063124833881e+01	2.501663426106757271e+01	2.776248806083000531e+01	2.350050217257949114e+01	0.000000000000000000e+00	2.227317891185148113e+01	2.842048795333172606e+01	1.937459165970717478e+01	2.184855623267584335e+01	2.744442050890611995e+01	2.628838162738668061e+01	2.869622304708718019e+01
1.942332236553778557e+01	1.999941489109695070e+01	2.637347200995959184e+01	2.153881078305498775e+01	2.240807584763968308e+01	1.994753587711888088e+01	2.038118880256741505e+01	2.176427120297687523e+01	2.020527836809459288e+01	2.189828641986810709e+01	1.969942869963101373e+01	1.853141034722443337e+01	2.227317891185148113e+01	0.000000000000000000e+00	2.229939193993567770e+01	1.851776899872321280e+01	2.159311897097585131e+01	2.048276217935740462e+01	1.987147628161049084e+01	2.310481225889011370e+01
2.757476163148357173e+01	2.587791645351206071e+01	3.134411895478036669e+01	2.602983179397281788e+01	2.539496190066708436e+01	2.681860569174130049e+01	2.422580604395838222e+01	2.687005667189629676e+01	2.445808629900746212e+01	2.677567093653356878e+01	2.846603752851845215e+01	2.650975432639097562e+01	2.842048795333172606e+01	2.229939193993567770e+01	0.000000000000000000e+00	1.966039294583197972e+01	2.405616202615118127e+01	3.052428525874583087e+01	2.910092587737324621e+01	3.161149033111840012e+01
1.838335762416383901e+01	1.726314720994079366e+01	2.374169872343658483e+01	1.833190084972779843e+01	1.834034839190850263e+01	2.024099611359429929e+01	1.629251716005590467e+01	2.303316171151815084e+01	1.926252482954010503e+01	2.017011023211925291e+01	1.910589542926847528e+01	1.911554172944412855e+01	1.937459165970717478e+01	1.851776899872321280e+01	1.966039294583197972e+01	0.000000000000000000e+00	1.915587903969867867e+01	2.113179121923278103e+01	1.920228015906453578e+01	2.098142110580397457e+01
2.082113826533953826e+01	1.995220787746148972e+01	2.711969380103183269e+01	2.323399082057561316e+01	2.180945827299903073e+01	2.478503150671413735e+01	2.048720177126769926e+01	2.378929192496506673e+01	2.040111001835771276e+01	2.092220456650203531e+01	2.174735433833992460e+01	2.134919080911852873e+01	2.184855623267584335e+01	2.159311897097585131e+01	2.405616202615118127e+01	1.915587903969867867e+01	0.000000000000000000e+00	2.370085292307020097e+01	2.304880429003125997e+01	2.509898586196993620e+01
2.586510500648143562e+01	2.349466111903323906e+01	3.186294577963263919e+01	2.677158387695013175e+01	2.413288083547915974e+01	2.457804118143510408e+01	2.588750439799601466e+01	2.426670631150390278e+01	2.441875886306805299e+01	2.533726943602447079e+01	2.666498392698636977e+01	2.393339528377822134e+01	2.744442050890611995e+01	2.048276217935740462e+01	3.052428525874583087e+01	2.113179121923278103e+01	2.370085292307020097e+01	0.000000000000000000e+00	2.315855741073917073e+01	2.978613336185755500e+01
2.250810352469031983e+01	2.240066093998413166e+01	2.652310239695244576e+01	2.233842773240538548e+01	2.323791926252872742e+01	2.411121598808635014e+01	2.187940658862379095e+01	2.407105486358801372e+01	2.275578964822184247e+01	2.475237042293969481e+01	2.601820349946139288e+01	2.341458120957332412e+01	2.628838162738668061e+01	1.987147628161049084e+01	2.910092587737324621e+01	1.920228015906453578e+01	2.304880429003125997e+01	2.315855741073917073e+01	0.000000000000000000e+00	2.658362542504921677e+01
2.581581284952003230e+01	2.156994969088704650e+01	3.126579243935440999e+01	2.664700489001351613e+01	2.642829562417346168e+01	2.872782931501316028e+01	2.578417341358292703e+01	2.857203595291685616e+01	2.358381173785932816e+01	2.439927573610428979e+01	2.833150126167159044e+01	2.475601070227143907e+01	2.869622304708718019e+01	2.310481225889011370e+01	3.161149033111840012e+01	2.098142110580397457e+01	2.509898586196993620e+01	2.978613336185755500e+01	2.658362542504921677e+01	0.000000000000000000e+00
