0.000000000000000000e+00	2.464857766469049238e+01	2.810972741291846688e+01	2.191945262130381522e+01	1.924313713754021649e+01	2.272547706664947853e+01	2.295994320464295058e+01	2.167264125980351608e+01	2.458213696533315940e+01	1.831860335670151585e+01	2.103487640245088741e+01	2.180054196436478264e+01	2.222385395594150737e+01	1.875955634166803776e+01	2.363148874435089297e+01	2.261571646355924869e+01	2.875680115008769278e+01	2.645651443931400948e+01	2.566029897203170762e+01	2.304199808325509125e+01
2.464857766469049238e+01	0.000000000000000000e+00	3.047760416951895834e+01	2.409156283104366381e+01	2.591495769645123204e+01	2.752332987766785521e+01	2.360890421212960533e+01	2.441015713804092968e+01	2.600283020069877082e+01	2.391228656774921646e+01	2.964393935867407137e+01	2.299300165221334780e+01	2.723766614859938073e+01	2.118213538087196923e+01	2.751175987216813112e+01	2.639423613388032663e+01	3.004824748209070862e+01	2.716016259079503570e+01	2.537765137562839612e+01	2.126181045925462954e+01
2.810972741291846688e+01	3.047760416951895834e+01	0.000000000000000000e+00	2.642449658144552771e+01	2.222168931265823133e+01	2.880732050960155988e+01	2.501778292969725825e+01	2.595431966221433129e+01	2.375103061005445682e+01	2.516773193530582375e+01	2.669826191512551716e+01	2.471838798250560387e+01	2.935926470281604495e+01	2.360280546887792497e+01	2.811445285693152130e+01	2.736121021696001421e+01	3.340362406602710621e+01	2.837382231391793397e+01	2.915906620160828666e+01	2.603032567702826938e+01
2.191945262130381522e+01	2.409156283104366381e+01	2.642449658144552771e+01	0.000000000000000000e+00	1.745981296429086171e+01	2.653421858817221590e+01	1.968975235801575607e+01	2.461063332028916051e+01	2.005337116903513461e+01	1.835566174475620116e+01	2.317155236590936340e+01	2.021510475155166731e+01	2.344217697839132697e+01	1.751260261213329983e+01	2.247708118415964407e+01	2.051802222927520702e+01	2.522369983342048627e+01	2.340018879528424378e+01	2.089501132044425447e+01	2.194035561111753552e+01
1.924313713754021649e+01	2.591495769645123204e+01	2.222168931265823133e+01	1.745981296429086171e+01	0.000000000000000000e+00	2.256888135140210849e+01	2.217313254524962929e+01	2.241603124200947761e+01	1.775999906390367400e+01	1.956406797051841195e+01	2.252327932792574572e+01	1.732742336360329105e+01	2.169102350836249116e+01	1.748517646465789710e+01	2.344911074080978963e+01	2.153879677958084926e+01	2.333986879203110121e+01	2.135013423133649368e+01	2.159446059213476943e+01	1.873509652106493917e+01
2.272547706664947853e+01	2.752332987766785521e+01	2.880732050960155988e+01	2.653421858817221590e+01	2.256888135140210849e+01	0.000000000000000000e+00	2.687900521251947694e+01	2.438607930780380073e+01	2.548163194749335858e+01	2.359963918972799846e+01	2.293595129640316799e+01	2.526875714558766006e+01	2.673533589755027862e+01	1.852256414388158490e+01	2.668167430953914376e+01	2.319193785346624281e+01	2.804852368959833342e+01	2.734252703353571334e+01	2.663291953798487199e+01	2.334216365046694008e+01
2.295994320464295058e+01	2.360890421212960533e+01	2.501778292969725825e+01	1.968975235801575607e+01	2.217313254524962929e+01	2.687900521251947694e+01	0.000000000000000000e+00	2.114695787195182319e+01	2.317421066785974304e+01	2.359922734433469671e+01	2.286386360378884319e+01	1.932260297104532043e+01	2.262038367562475472e+01	2.004238423956606141e+01	2.543801906123963974e+01	2.162789745549359566e+01	2.390711245885325553e+01	2.123444064675179277e+01	2.057011602379248316e+01	2.443075089962703217e+01
2.167264125980351608e+01	2.441015713804092968e+01	2.595431966221433129e+01	2.461063332028916051e+01	2.241603124200947761e+01	2.438607930780380073e+01	2.114695787195182319e+01	0.000000000000000000e+00	2.263172092608019526e+01	2.049404880654092409e+01	2.344425639991756682e+01	2.277894399281593607e+01	2.081831474958718431e+01	2.018955882624798193e+01	2.512338261020864749e+01	2.357588950638803738e+01	2.767966526611209588e+01	2.346707341843938366e+01	2.286196557794373518e+01	2.402616181209697643e+01
2.458213696533315940e+01	2.600283020069877082e+01	2.375103061005445682e+01	2.005337116903513461e+01	1.775999906390367400e+01	2.548163194749335858e+01	2.317421066785974304e+01	2.263172092608019526e+01	0.000000000000000000e+00	2.021230395809980962e+01	2.038600971375731774e+01	2.251829995667773687e+01	2.058465668626053002e+01	1.910304546437291862e+01	2.333660553303658602e+01	2.028608564790408408e+01	2.709425181463739207e+01	2.358478148129590934e+01	2.106360431748320039e+01	2.201923917563035005e+01
1.831860335670151585e+01	2.391228656774921646e+01	2.516773193530582375e+01	1.835566174475620116e+01	1.956406797051841195e+01	2.359963918972799846e+01	2.359922734433469671e+01	2.049404880654092409e+01	2.021230395809980962e+01	0.000000000000000000e+00	2.277814323143830677e+01	2.143394647880906589e+01	2.105325804232106179e+01	1.573912506644726150e+01	2.375298500655991418e+01	2.214429467799483220e+01	2.490378331018464664e+01	2.013085247774361974e+01	2.166956745524194972e+01	1.732711647416838829e+01
2.103487640245088741e+01	2.964393935867407137e+01	2.669826191512551716e+01	2.317155236590936340e+01	2.252327932792574572e+01	2.293595129640316799e+01	2.286386360378884319e+01	2.344425639991756682e+01	2.038600971375731774e+01	2.277814323143830677e+01	0.000000000000000000e+00	2.178377977430315937e+01	2.480000438062647916e+01	1.973023040635427705e+01	2.448366100334231277e+01	2.496471201405789131e+01	2.660980229482534298e+01	2.317466740252220703e+01	2.467816067203496644e+01	2.317507395665388614e+01
2.180054196436478264e+01	2.299300165221334780e+01	2.471838798250560387e+01	2.021510475155166731e+01	1.732742336360329105e+01	2.526875714558766006e+01	1.932260297104532043e+01	2.277894399281593607e+01	2.251829995667773687e+01	2.143394647880906589e+01	2.178377977430315937e+01	0.000000000000000000e+00	2.310764650350479599e+01	1.882416563383969788e+01	2.311862929824526702e+01	2.053175778385489636e+01	2.300362959681296360e+01	2.181502082974795798e+01	2.403615492184309943e+01	2.059806397752329943e+01
2.222385395594150737e+01	2.723766614859938073e+01	2.935926470281604495e+01	2.344217697839132697e+01	2.169102350836249116e+01	2.673533589755027862e+01	2.262038367562475472e+01	2.081831474958718431e+01	2.058465668626053002e+01	2.105325804232106179e+01	2.480000438062647916e+01	2.310764650350479599e+01	0.000000000000000000e+00	1.889761077721471949e+01	2.421240796957065200e+01	2.387818773043129283e+01	2.779188751552127457e+01	2.198518030073479679e+01	2.329990953947822874e+01	2.220209004037380041e+01
1.875955634166803776e+01	2.118213538087196923e+01	2.360280546887792497e+01	1.751260261213329983e+01	1.748517646465789710e+01	1.852256414388158490e+01	2.004238423956606141e+01	2.018955882624798193e+01	1.910304546437291862e+01	1.573912506644726150e+01	1.973023040635427705e+01	1.882416563383969788e+01	1.889761077721471949e+01	0.000000000000000000e+00	2.342185810813512248e+01	2.243100039580196636e+01	2.448559595480861617e+01	2.089157605397107176e+01	2.150875283832759166e+01	2.163532343501307764e+01
2.363148874435089297e+01	2.751175987216813112e+01	2.811445285693152130e+01	2.247708118415964407e+01	2.344911074080978963e+01	2.668167430953914376e+01	2.543801906123963974e+01	2.512338261020864749e+01	2.333660553303658602e+01	2.375298500655991418e+01	2.448366100334231277e+01	2.311862929824526702e+01	2.421240796957065200e+01	2.342185810813512248e+01	0.000000000000000000e+00	2.354061086296587035e+01	2.775717972176971671e+01	2.672042325303905841e+01	2.471768580655814773e+01	2.447053172161725954e+01
2.261571646355924869e+01	2.639423613388032663e+01	2.736121021696001421e+01	2.051802222927520702e+01	2.153879677958084926e+01	2.319193785346624281e+01	2.162789745549359566e+01	2.357588950638803738e+01	2.028608564790408408e+01	2.214429467799483220e+01	2.496471201405789131e+01	2.053175778385489636e+01	2.387818773043129283e+01	2.243100039580196636e+01	2.354061086296587035e+01	0.000000000000000000e+00	2.731271786923226585e+01	2.133828110001388723e+01	2.462019914178156199e+01	2.262370223873738695e+01
2.875680115008769278e+01	3.004824748209070862e+01	3.340362406602710621e+01	2.522369983342048627e+01	2.333986879203110121e+01	2.804852368959833342e+01	2.390711245885325553e+01	2.767966526611209588e+01	2.709425181463739207e+01	2.490378331018464664e+01	2.660980229482534298e+01	2.300362959681296360e+01	2.779188751552127457e+01	2.448559595480861617e+01	2.775717972176971671e+01	2.731271786923226585e+01	0.000000000000000000e+00	2.883714053841919522e+01	2.956009714939539634e+01	2.472960101031697988e+01
2.645651443931400948e+01	2.716016259079503570e+01	2.837382231391793397e+01	2.340018879528424378e+01	2.135013423133649368e+01	2.734252703353571334e+01	2.123444064675179277e+01	2.346707341843938366e+01	2.358478148129590934e+01	2.013085247774361974e+01	2.317466740252220703e+01	2.181502082974795798e+01	2.198518030073479679e+01	2.089157605397107176e+01	2.672042325303905841e+01	2.133828110001388723e+01	2.883714053841919522e+01	0.000000000000000000e+00	2.536763561116371335e+01	2.284618636307095230e+01
2.566029897203170762e+01	2.537765137562839612e+01	2.915906620160828666e+01	2.089501132044425447e+01	2.159446059213476943e+01	2.663291953798487199e+01	2.057011602379248316e+01	2.286196557794373518e+01	2.106360431748320039e+01	2.166956745524194972e+01	2.467816067203496644e+01	2.403615492184309943e+01	2.329990953947822874e+01	2.150875283832759166e+01	2.471768580655814773e+01	2.462019914178156199e+01	2.956009714939539634e+01	2.536763561116371335e+01	0.000000000000000000e+00	2.233114273279946715e+01
2.304199808325509125e+01	2.126181045925462954e+01	2.603032567702826938e+01	2.194035561111753552e+01	1.873509652106493917e+01	2.334216365046694008e+01	2.443075089962703217e+01	2.402616181209697643e+01	2.201923917563035005e+01	1.732711647416838829e+01	2.317507395665388614e+01	2.059806397752329943e+01	2.220209004037380041e+01	2.163532343501307764e+01	2.447053172161725954e+01	2.262370223873738695e+01	2.472960101031697988e+01	2.284618636307095230e+01	2.233114273279946715e+01	0.000000000000000000e+00
