0.000000000000000000e+00	2.199337554513643411e+01	2.560355172378200805e+01	2.144808764632170650e+01	2.191400123331242966e+01	2.154502495309548138e+01	2.402021804816103412e+01	2.095266644652808452e+01	2.491913872991089107e+01	2.036851645132538735e+01	2.276886240687568375e+01	2.055586643672509339e+01	2.363512096444749844e+01	1.905623963597694370e+01	2.214643707181097199e+01	2.157015476029804901e+01	2.324019368638676752e+01	2.344928941544560175e+01	2.317860980741498977e+01	2.343060270325012695e+01
2.199337554513643411e+01	0.000000000000000000e+00	2.685178648606368412e+01	2.277497003791809860e+01	2.623711959571454599e+01	2.494363202086974596e+01	2.565894010029189332e+01	2.460357113950591312e+01	2.781887174329765244e+01	2.205487936678927596e+01	2.531780775491266766e+01	2.333911693813975319e+01	2.732342122511806082e+01	2.279222732100869919e+01	2.138887811690500129e+01	2.548922017237872240e+01	2.592106467850477358e+01	2.617691061734426583e+01	2.264267699498686426e+01	2.732273598407652315e+01
2.560355172378200805e+01	2.685178648606368412e+01	0.000000000000000000e+00	2.188221699183178970e+01	2.681381549517082519e+01	2.048627336507131602e+01	2.517335588982810890e+01	2.406139870444759765e+01	2.724570960798834918e+01	2.504054237439392594e+01	2.374824095578978245e+01	2.516986239794587732e+01	2.616467829730862604e+01	2.360124908501614982e+01	2.522871185990110732e+01	2.221853623923952981e+01	2.475553006785166943e+01	2.414716859282017580e+01	2.837971821075451473e+01	2.445672483714545820e+01
2.144808764632170650e+01	2.277497003791809860e+01	2.188221699183178970e+01	0.000000000000000000e+00	2.235670765384649883e+01	2.029700976508630461e+01	2.154877274647678931e+01	1.806507106324409051e+01	2.266219496228112718e+01	2.161959519239109895e+01	2.182674974859300576e+01	2.027955376071876969e+01	2.376827871629286903e+01	1.956479244923892935e+01	2.081821715835129183e+01	2.116771930339306707e+01	2.195335403039100086e+01	2.256350717790357052e+01	2.247316797973819291e+01	2.479164514018222221e+01
2.191400123331242966e+01	2.623711959571454599e+01	2.681381549517082519e+01	2.235670765384649883e+01	0.000000000000000000e+00	2.170205948334132628e+01	2.348847566060159053e+01	2.439895011572415484e+01	2.462210398212823392e+01	2.201963797148176738e+01	2.403889370676412085e+01	2.216901318359664330e+01	2.485846733253328367e+01	1.958884348719015023e+01	2.093009305185514890e+01	1.896509682145398301e+01	2.457024636060813805e+01	2.324368486191038485e+01	2.244346966568230428e+01	2.400579652726046120e+01
2.154502495309548138e+01	2.494363202086974596e+01	2.048627336507131602e+01	2.029700976508630461e+01	2.170205948334132628e+01	0.000000000000000000e+00	2.255962719199747468e+01	2.150886329742755265e+01	2.334633780902564482e+01	1.993379155045201045e+01	2.421009948383145272e+01	2.528662991497305512e+01	2.506584519464102101e+01	2.133642318761025081e+01	2.031983697136673683e+01	2.307429492728833864e+01	2.268815731058606033e+01	2.304645302743860213e+01	1.938685335566574253e+01	2.546004003714235253e+01
2.402021804816103412e+01	2.565894010029189332e+01	2.517335588982810890e+01	2.154877274647678931e+01	2.348847566060159053e+01	2.255962719199747468e+01	0.000000000000000000e+00	2.138270602459306957e+01	2.484412840015131252e+01	2.165343926277170894e+01	2.202262642879505350e+01	2.314042350503454415e+01	2.460594899038475347e+01	2.332268782861994083e+01	2.288065481039029692e+01	2.214683306195010459e+01	2.302099238890743749e+01	2.409714240254177753e+01	2.496588154125972281e+01	2.653382390284763304e+01
2.095266644652808452e+01	2.460357113950591312e+01	2.406139870444759765e+01	1.806507106324409051e+01	2.439895011572415484e+01	2.150886329742755265e+01	2.138270602459306957e+01	0.000000000000000000e+00	2.352924840803280304e+01	2.228949406660449739e+01	2.336032555301215652e+01	2.176446843051925484e+01	2.447499429861255749e+01	2.129512259747884784e+01	2.195559447088144722e+01	2.386677401991411074e+01	2.342616399082536915e+01	2.564534037051467408e+01	2.417542081785172670e+01	2.370181553005933495e+01
2.491913872991089107e+01	2.781887174329765244e+01	2.724570960798834918e+01	2.266219496228112718e+01	2.462210398212823392e+01	2.334633780902564482e+01	2.484412840015131252e+01	2.352924840803280304e+01	0.000000000000000000e+00	2.363627613497998681e+01	2.805303069085988810e+01	2.370684973195490741e+01	2.571246770348719224e+01	2.433337017277087355e+01	2.349989419885179842e+01	2.370707642656437031e+01	2.511344557520855503e+01	2.531787927320178611e+01	2.386147095754291669e+01	2.901218378796237474e+01
2.036851645132538735e+01	2.205487936678927596e+01	2.504054237439392594e+01	2.161959519239109895e+01	2.201963797148176738e+01	1.993379155045201045e+01	2.165343926277170894e+01	2.228949406660449739e+01	2.363627613497998681e+01	0.000000000000000000e+00	2.238692646108918183e+01	2.273533886563787476e+01	2.314666941290466440e+01	2.175391401418915294e+01	2.368167667648235408e+01	2.290569115608153794e+01	2.375557235877516860e+01	2.287156056523378922e+01	2.362535347849579281e+01	2.499566809044673477e+01
2.276886240687568375e+01	2.531780775491266766e+01	2.374824095578978245e+01	2.182674974859300576e+01	2.403889370676412085e+01	2.421009948383145272e+01	2.202262642879505350e+01	2.336032555301215652e+01	2.805303069085988810e+01	2.238692646108918183e+01	0.000000000000000000e+00	2.264476345771599597e+01	2.611081418691776079e+01	2.277852044809101884e+01	2.143515703366228209e+01	2.529790956384217537e+01	2.663448567059510452e+01	2.384289803016912757e+01	2.347446505755928925e+01	2.533569425686560805e+01
2.055586643672509339e+01	2.333911693813975319e+01	2.516986239794587732e+01	2.027955376071876969e+01	2.216901318359664330e+01	2.528662991497305512e+01	2.314042350503454415e+01	2.176446843051925484e+01	2.370684973195490741e+01	2.273533886563787476e+01	2.264476345771599597e+01	0.000000000000000000e+00	2.500369094110526902e+01	2.075202308631841319e+01	2.269188428584697093e+01	2.268079228251000856e+01	2.315999119998037514e+01	2.468247095632926857e+01	2.419494759463689704e+01	2.620160267260815345e+01
2.363512096444749844e+01	2.732342122511806082e+01	2.616467829730862604e+01	2.376827871629286903e+01	2.485846733253328367e+01	2.506584519464102101e+01	2.460594899038475347e+01	2.447499429861255749e+01	2.571246770348719224e+01	2.314666941290466440e+01	2.611081418691776079e+01	2.500369094110526902e+01	0.000000000000000000e+00	2.239045159881818847e+01	2.220579385482360379e+01	2.643520928361207112e+01	2.337996868629661407e+01	2.771057412693155086e+01	2.248016123166521751e+01	2.716257041673685180e+01
1.905623963597694370e+01	2.279222732100869919e+01	2.360124908501614982e+01	1.956479244923892935e+01	1.958884348719015023e+01	2.133642318761025081e+01	2.332268782861994083e+01	2.129512259747884784e+01	2.433337017277087355e+01	2.175391401418915294e+01	2.277852044809101884e+01	2.075202308631841319e+01	2.239045159881818847e+01	0.000000000000000000e+00	2.058242561050068176e+01	2.142191813147315571e+01	2.268526367790564180e+01	2.185817576459960065e+01	2.340095668726051770e+01	2.197910734993756066e+01
2.214643707181097199e+01	2.138887811690500129e+01	2.522871185990110732e+01	2.081821715835129183e+01	2.093009305185514890e+01	2.031983697136673683e+01	2.288065481039029692e+01	2.195559447088144722e+01	2.349989419885179842e+01	2.368167667648235408e+01	2.143515703366228209e+01	2.269188428584697093e+01	2.220579385482360379e+01	2.058242561050068176e+01	0.000000000000000000e+00	2.108896822849071029e+01	2.397640278612838216e+01	2.242595858821080057e+01	2.365669378487821817e+01	2.572212944072771990e+01
2.157015476029804901e+01	2.548922017237872240e+01	2.221853623923952981e+01	2.116771930339306707e+01	1.896509682145398301e+01	2.307429492728833864e+01	2.214683306195010459e+01	2.386677401991411074e+01	2.370707642656437031e+01	2.290569115608153794e+01	2.529790956384217537e+01	2.268079228251000856e+01	2.643520928361207112e+01	2.142191813147315571e+01	2.108896822849071029e+01	0.000000000000000000e+00	2.159615930217274027e+01	2.351169382255039153e+01	2.063020575691204783e+01	2.304446439710669381e+01
2.324019368638676752e+01	2.592106467850477358e+01	2.475553006785166943e+01	2.195335403039100086e+01	2.457024636060813805e+01	2.268815731058606033e+01	2.302099238890743749e+01	2.342616399082536915e+01	2.511344557520855503e+01	2.375557235877516860e+01	2.663448567059510452e+01	2.315999119998037514e+01	2.337996868629661407e+01	2.268526367790564180e+01	2.397640278612838216e+01	2.159615930217274027e+01	0.000000000000000000e+00	2.463642532288172404e+01	2.475080540001606622e+01	2.542315927902630790e+01
2.344928941544560175e+01	2.617691061734426583e+01	2.414716859282017580e+01	2.256350717790357052e+01	2.324368486191038485e+01	2.304645302743860213e+01	2.409714240254177753e+01	2.564534037051467408e+01	2.531787927320178611e+01	2.287156056523378922e+01	2.384289803016912757e+01	2.468247095632926857e+01	2.771057412693155086e+01	2.185817576459960065e+01	2.242595858821080057e+01	2.351169382255039153e+01	2.463642532288172404e+01	0.000000000000000000e+00	2.628891574532090658e+01	2.433860291205652970e+01
2.317860980741498977e+01	2.264267699498686426e+01	2.837971821075451473e+01	2.247316797973819291e+01	2.244346966568230428e+01	1.938685335566574253e+01	2.496588154125972281e+01	2.417542081785172670e+01	2.386147095754291669e+01	2.362535347849579281e+01	2.347446505755928925e+01	2.419494759463689704e+01	2.248016123166521751e+01	2.340095668726051770e+01	2.365669378487821817e+01	2.063020575691204783e+01	2.475080540001606622e+01	2.628891574532090658e+01	0.000000000000000000e+00	2.632233633257306593e+01
2.343060270325012695e+01	2.732273598407652315e+01	2.445672483714545820e+01	2.479164514018222221e+01	2.400579652726046120e+01	2.546004003714235253e+01	2.653382390284763304e+01	2.370181553005933495e+01	2.901218378796237474e+01	2.499566809044673477e+01	2.533569425686560805e+01	2.620160267260815345e+01	2.716257041673685180e+01	2.197910734993756066e+01	2.572212944072771990e+01	2.304446439710669381e+01	2.542315927902630790e+01	2.433860291205652970e+01	2.632233633257306593e+01	0.000000000000000000e+00
