0.000000000000000000e+00	2.501748752405923426e+01	2.430428945858652767e+01	2.659796067991725366e+01	2.506133376117555756e+01	2.622057036927877149e+01	2.743181394613177915e+01	2.282770465973350937e+01	2.198426233135826280e+01	2.139089335951657844e+01	2.061603067972060188e+01	1.967412887182682368e+01	2.609273214027189525e+01	1.879677403781266776e+01	2.415656365932339611e+01	2.534858493198641582e+01	2.096138589862837165e+01	2.529742301649553582e+01	2.553286150764531470e+01	2.213399478582592295e+01
2.501748752405923426e+01	0.000000000000000000e+00	2.610596996166236394e+01	2.534037792032086855e+01	2.401758167625841978e+01	2.724231998899937679e+01	2.525254603161924294e+01	2.431193912208421182e+01	2.438518053829797694e+01	2.209772506596891617e+01	2.386521653184437852e+01	2.122901901596554808e+01	2.722516161777267740e+01	2.079701957583814220e+01	2.637177318964360140e+01	2.591076614875219875e+01	2.226223717863006257e+01	2.653337238290808742e+01	2.247837133827312428e+01	2.263218653273467496e+01
2.430428945858652767e+01	2.610596996166236394e+01	0.000000000000000000e+00	2.331836840102232600e+01	2.401703060033126391e+01	2.739756134884697403e+01	2.520065652290806568e+01	2.291797518094749364e+01	2.379878893112173088e+01	2.343679188273924652e+01	2.478162129259978030e+01	2.466558178800859480e+01	2.594745701621838663e+01	2.087596970065693824e+01	2.499691201995309342e+01	2.762490553211337030e+01	2.133434394732784867e+01	2.874351193970124996e+01	2.608247956972851966e+01	2.247447315473344531e+01
2.659796067991725366e+01	2.534037792032086855e+01	2.331836840102232600e+01	0.000000000000000000e+00	2.264976192855592529e+01	2.715854181865356765e+01	2.633866800957242305e+01	2.346272675565134591e+01	2.313837568547959123e+01	2.213727156387516004e+01	2.330124388678583003e+01	2.028820542059124676e+01	2.639385313420034507e+01	1.756697476009713554e+01	2.437612556936537445e+01	2.235632935351061690e+01	2.062779892980536189e+01	2.599299149091145367e+01	2.574366854414230232e+01	2.096252011510941315e+01
2.506133376117555756e+01	2.401758167625841978e+01	2.401703060033126391e+01	2.264976192855592529e+01	0.000000000000000000e+00	2.492959525695112788e+01	2.574269998346950672e+01	2.149355911711624145e+01	2.438527902701004280e+01	2.134000806717500609e+01	2.206359550953320436e+01	2.182018515088291011e+01	2.543163500799453658e+01	1.930337440306251295e+01	2.504766771051493279e+01	2.358170663092964148e+01	1.833384561486742115e+01	2.741802362920186553e+01	2.606193764861403039e+01	1.942692666164804294e+01
2.622057036927877149e+01	2.724231998899937679e+01	2.739756134884697403e+01	2.715854181865356765e+01	2.492959525695112788e+01	0.000000000000000000e+00	2.847171007021514555e+01	2.402557136339329347e+01	2.384392097768100882e+01	2.499041383059311272e+01	2.399666459778040206e+01	2.452340063682001770e+01	2.846278145994049780e+01	2.031046616552497852e+01	2.631375114906905210e+01	2.672976521111905868e+01	2.265707252899050417e+01	2.982723622759174376e+01	2.472253678031116664e+01	2.470065434523397840e+01
2.743181394613177915e+01	2.525254603161924294e+01	2.520065652290806568e+01	2.633866800957242305e+01	2.574269998346950672e+01	2.847171007021514555e+01	0.000000000000000000e+00	2.447537136717174633e+01	2.739614025253970198e+01	2.288050426729675380e+01	2.489953985419933247e+01	2.346113879514363987e+01	2.521444148240451710e+01	2.198921902955344265e+01	2.789919185192087170e+01	2.316166999996775644e+01	2.219795219105621698e+01	3.000826954786210266e+01	2.545652849044875765e+01	2.140797399770823262e+01
2.282770465973350937e+01	2.431193912208421182e+01	2.291797518094749364e+01	2.346272675565134591e+01	2.149355911711624145e+01	2.402557136339329347e+01	2.447537136717174633e+01	0.000000000000000000e+00	2.237081867646605104e+01	1.893279885836132692e+01	2.493432343371490489e+01	2.067521741110711986e+01	2.162452800774681094e+01	1.767880729517695215e+01	2.703851896772458119e+01	2.179280909954053058e+01	1.827892528106344017e+01	2.364509344008747149e+01	2.146692583871541515e+01	1.988731780911342995e+01
2.198426233135826280e+01	2.438518053829797694e+01	2.379878893112173088e+01	2.313837568547959123e+01	2.438527902701004280e+01	2.384392097768100882e+01	2.739614025253970198e+01	2.237081867646605104e+01	0.000000000000000000e+00	2.050581305590508663e+01	2.509096744826200975e+01	2.028793096173493993e+01	2.241405893456134990e+01	1.933407740202247993e+01	2.357515454272835598e+01	2.482753276570684164e+01	1.960024799676161678e+01	2.661607383183016751e+01	2.538191996487972801e+01	2.208509724804291352e+01
2.139089335951657844e+01	2.209772506596891617e+01	2.343679188273924652e+01	2.213727156387516004e+01	2.134000806717500609e+01	2.499041383059311272e+01	2.288050426729675380e+01	1.893279885836132692e+01	2.050581305590508663e+01	0.000000000000000000e+00	2.110669193999846627e+01	2.139329006409142764e+01	2.248813930966817054e+01	1.771711606030696728e+01	2.273851801085306334e+01	2.216672154179235932e+01	2.064232957589034712e+01	2.391788565799971522e+01	2.330968267905711500e+01	2.039535226978157922e+01
2.061603067972060188e+01	2.386521653184437852e+01	2.478162129259978030e+01	2.330124388678583003e+01	2.206359550953320436e+01	2.399666459778040206e+01	2.489953985419933247e+01	2.493432343371490489e+01	2.509096744826200975e+01	2.110669193999846627e+01	0.000000000000000000e+00	2.282129679143105605e+01	2.659805605885571467e+01	1.864886136691317731e+01	2.524060699482808090e+01	2.122665605134995914e+01	1.910377991147172239e+01	2.626847597234633369e+01	2.393626616848066391e+01	2.126165913627110271e+01
1.967412887182682368e+01	2.122901901596554808e+01	2.466558178800859480e+01	2.028820542059124676e+01	2.182018515088291011e+01	2.452340063682001770e+01	2.346113879514363987e+01	2.067521741110711986e+01	2.028793096173493993e+01	2.139329006409142764e+01	2.282129679143105605e+01	0.000000000000000000e+00	2.455603226752282708e+01	1.555389086440904300e+01	2.393832677521999486e+01	2.261156960122487547e+01	2.120455548568811466e+01	2.677827895253506796e+01	2.223247921044551489e+01	2.007989132401840493e+01
2.609273214027189525e+01	2.722516161777267740e+01	2.594745701621838663e+01	2.639385313420034507e+01	2.543163500799453658e+01	2.846278145994049780e+01	2.521444148240451710e+01	2.162452800774681094e+01	2.241405893456134990e+01	2.248813930966817054e+01	2.659805605885571467e+01	2.455603226752282708e+01	0.000000000000000000e+00	2.089719793186940677e+01	2.975878186325024544e+01	2.951278577017421156e+01	2.089483411996885920e+01	3.000581368409526206e+01	2.661924044432115011e+01	2.459169538482640505e+01
1.879677403781266776e+01	2.079701957583814220e+01	2.087596970065693824e+01	1.756697476009713554e+01	1.930337440306251295e+01	2.031046616552497852e+01	2.198921902955344265e+01	1.767880729517695215e+01	1.933407740202247993e+01	1.771711606030696728e+01	1.864886136691317731e+01	1.555389086440904300e+01	2.089719793186940677e+01	0.000000000000000000e+00	2.019336840640712083e+01	2.005522833615408729e+01	1.685749132484957258e+01	2.124307691484050764e+01	2.244943969460879529e+01	1.659270587555042198e+01
2.415656365932339611e+01	2.637177318964360140e+01	2.499691201995309342e+01	2.437612556936537445e+01	2.504766771051493279e+01	2.631375114906905210e+01	2.789919185192087170e+01	2.703851896772458119e+01	2.357515454272835598e+01	2.273851801085306334e+01	2.524060699482808090e+01	2.393832677521999486e+01	2.975878186325024544e+01	2.019336840640712083e+01	0.000000000000000000e+00	2.536203852717287432e+01	2.455293634655056678e+01	2.981693095428852658e+01	2.777721076312672466e+01	2.368458263420831145e+01
2.534858493198641582e+01	2.591076614875219875e+01	2.762490553211337030e+01	2.235632935351061690e+01	2.358170663092964148e+01	2.672976521111905868e+01	2.316166999996775644e+01	2.179280909954053058e+01	2.482753276570684164e+01	2.216672154179235932e+01	2.122665605134995914e+01	2.261156960122487547e+01	2.951278577017421156e+01	2.005522833615408729e+01	2.536203852717287432e+01	0.000000000000000000e+00	2.118093302093767250e+01	2.625376935611711104e+01	2.473376706820354443e+01	2.070207070152584805e+01
2.096138589862837165e+01	2.226223717863006257e+01	2.133434394732784867e+01	2.062779892980536189e+01	1.833384561486742115e+01	2.265707252899050417e+01	2.219795219105621698e+01	1.827892528106344017e+01	1.960024799676161678e+01	2.064232957589034712e+01	1.910377991147172239e+01	2.120455548568811466e+01	2.089483411996885920e+01	1.685749132484957258e+01	2.455293634655056678e+01	2.118093302093767250e+01	0.000000000000000000e+00	2.324375467265080530e+01	2.223203367082520643e+01	2.128424355807042545e+01
2.529742301649553582e+01	2.653337238290808742e+01	2.874351193970124996e+01	2.599299149091145367e+01	2.741802362920186553e+01	2.982723622759174376e+01	3.000826954786210266e+01	2.364509344008747149e+01	2.661607383183016751e+01	2.391788565799971522e+01	2.626847597234633369e+01	2.677827895253506796e+01	3.000581368409526206e+01	2.124307691484050764e+01	2.981693095428852658e+01	2.625376935611711104e+01	2.324375467265080530e+01	0.000000000000000000e+00	2.910531923832845180e+01	2.528893928956348702e+01
2.553286150764531470e+01	2.247837133827312428e+01	2.608247956972851966e+01	2.574366854414230232e+01	2.606193764861403039e+01	2.472253678031116664e+01	2.545652849044875765e+01	2.146692583871541515e+01	2.538191996487972801e+01	2.330968267905711500e+01	2.393626616848066391e+01	2.223247921044551489e+01	2.661924044432115011e+01	2.244943969460879529e+01	2.777721076312672466e+01	2.473376706820354443e+01	2.223203367082520643e+01	2.910531923832845180e+01	0.000000000000000000e+00	2.176247346733846300e+01
2.213399478582592295e+01	2.263218653273467496e+01	2.247447315473344531e+01	2.096252011510941315e+01	1.942692666164804294e+01	2.470065434523397840e+01	2.140797399770823262e+01	1.988731780911342995e+01	2.208509724804291352e+01	2.039535226978157922e+01	2.126165913627110271e+01	2.007989132401840493e+01	2.459169538482640505e+01	1.659270587555042198e+01	2.368458263420831145e+01	2.070207070152584805e+01	2.128424355807042545e+01	2.528893928956348702e+01	2.176247346733846300e+01	0.000000000000000000e+00
