0.000000000000000000e+00	2.481476194153683679e+01	2.804601656797090925e+01	2.227152815494587657e+01	1.910800032451207286e+01	2.255486076842150567e+01	2.283898577854078837e+01	2.150408555125184407e+01	2.455070952120426853e+01	1.821396678577632144e+01	2.090075814623329009e+01	2.175277682444184890e+01	2.202079953082249375e+01	1.910470506094256393e+01	2.345123483446880641e+01	2.253131168685811048e+01	2.864761623319614614e+01	2.644358967809188954e+01	2.561343875216580201e+01	2.297095636903518567e+01
2.481476194153683679e+01	0.000000000000000000e+00	3.035908710915103725e+01	2.400438432817647794e+01	2.607141825035777316e+01	2.739288443073811052e+01	2.354169629785319984e+01	2.433485859092338899e+01	2.605376298641604293e+01	2.384144082620754190e+01	2.951822712372280577e+01	2.295323950057054674e+01	2.704902769162700338e+01	2.118550563349743499e+01	2.728161666107837036e+01	2.702645773929834405e+01	3.051124635831110865e+01	2.710714485589283740e+01	2.527200256320815441e+01	2.180196294811217683e+01
2.804601656797090925e+01	3.035908710915103725e+01	0.000000000000000000e+00	2.666414783521795329e+01	2.207879026173402792e+01	2.862494249548621639e+01	2.503942328338340673e+01	2.578759802184337246e+01	2.368530836663150652e+01	2.569651793606000467e+01	2.667022969071682326e+01	2.461514525273280185e+01	2.962762971146714008e+01	2.373778555477356633e+01	2.828795709800479230e+01	2.726029136309884748e+01	3.331612495957252662e+01	2.837005908838780144e+01	2.946140097990720008e+01	2.586045936049080396e+01
2.227152815494587657e+01	2.400438432817647794e+01	2.666414783521795329e+01	0.000000000000000000e+00	1.727781490107268780e+01	2.644953863491832280e+01	1.956956983389991933e+01	2.448478922696439852e+01	2.014501537048135305e+01	1.826452399715008568e+01	2.299809093219985456e+01	2.013460398297347709e+01	2.331072189312783038e+01	1.747545291909836251e+01	2.230666553902206317e+01	2.036644404192568203e+01	2.510496784622074884e+01	2.334981660490568700e+01	2.078217003210309244e+01	2.176715138838718389e+01
1.910800032451207286e+01	2.607141825035777316e+01	2.207879026173402792e+01	1.727781490107268780e+01	0.000000000000000000e+00	2.254989936958160257e+01	2.211509934251675347e+01	2.232227179897013869e+01	1.768536815083978908e+01	1.954905925004024425e+01	2.234743544525952430e+01	1.728773832918990649e+01	2.149033346445137127e+01	1.743480944621519413e+01	2.325335363936115840e+01	2.142118404075951332e+01	2.378046897246117553e+01	2.194093068315314810e+01	2.143135064595870531e+01	1.859128634494142318e+01
2.255486076842150567e+01	2.739288443073811052e+01	2.862494249548621639e+01	2.644953863491832280e+01	2.254989936958160257e+01	0.000000000000000000e+00	2.749695762828804035e+01	2.434278815425172127e+01	2.608671326338282270e+01	2.353723547239846781e+01	2.284494442499384093e+01	2.571361685697438659e+01	2.656862279283908634e+01	1.838806898052558481e+01	2.649167023917318886e+01	2.311097326658559581e+01	2.802148865711336256e+01	2.732932404306303553e+01	2.682059023643088480e+01	2.325533424586305742e+01
2.283898577854078837e+01	2.354169629785319984e+01	2.503942328338340673e+01	1.956956983389991933e+01	2.211509934251675347e+01	2.749695762828804035e+01	0.000000000000000000e+00	2.107262329911169729e+01	2.319535933978925968e+01	2.430900502808550101e+01	2.278137434769214309e+01	1.932397768814724515e+01	2.250988290343790155e+01	2.011985980859187251e+01	2.564893634313716575e+01	2.152564076802634929e+01	2.397018228724995126e+01	2.187315264710531437e+01	2.057846631352331102e+01	2.433931941637812102e+01
2.150408555125184407e+01	2.433485859092338899e+01	2.578759802184337246e+01	2.448478922696439852e+01	2.232227179897013869e+01	2.434278815425172127e+01	2.107262329911169729e+01	0.000000000000000000e+00	2.263019875736140918e+01	2.037982651828988523e+01	2.347583468376834759e+01	2.271235135735457789e+01	2.067932786956225044e+01	2.013014315751874506e+01	2.494648516970654484e+01	2.347812622055150200e+01	2.763215800922808540e+01	2.345062204695056352e+01	2.283440820935837579e+01	2.419117779415650560e+01
2.455070952120426853e+01	2.605376298641604293e+01	2.368530836663150652e+01	2.014501537048135305e+01	1.768536815083978908e+01	2.608671326338282270e+01	2.319535933978925968e+01	2.263019875736140918e+01	0.000000000000000000e+00	2.014414811102780689e+01	2.036025190801727902e+01	2.257518072053290581e+01	2.051539228001217907e+01	1.911964180279597514e+01	2.320292286134168691e+01	2.020746532162090858e+01	2.704295230144627382e+01	2.360427428757376589e+01	2.105837516852065860e+01	2.249419885631203897e+01
1.821396678577632144e+01	2.384144082620754190e+01	2.569651793606000467e+01	1.826452399715008568e+01	1.954905925004024425e+01	2.353723547239846781e+01	2.430900502808550101e+01	2.037982651828988523e+01	2.014414811102780689e+01	0.000000000000000000e+00	2.272114657490974921e+01	2.133222039837343686e+01	2.096407535682639534e+01	1.574948104584384723e+01	2.387991564085654517e+01	2.207791491788056959e+01	2.553369375783475093e+01	2.007216211623382662e+01	2.168797148247704598e+01	1.718723669396061737e+01
2.090075814623329009e+01	2.951822712372280577e+01	2.667022969071682326e+01	2.299809093219985456e+01	2.234743544525952430e+01	2.284494442499384093e+01	2.278137434769214309e+01	2.347583468376834759e+01	2.036025190801727902e+01	2.272114657490974921e+01	0.000000000000000000e+00	2.170742934902197518e+01	2.548617504416470325e+01	1.972210355358769363e+01	2.428386855936373223e+01	2.488713274077760929e+01	2.656316987980321898e+01	2.311693191303864481e+01	2.521034662779401714e+01	2.312932230182171267e+01
2.175277682444184890e+01	2.295323950057054674e+01	2.461514525273280185e+01	2.013460398297347709e+01	1.728773832918990649e+01	2.571361685697438659e+01	1.932397768814724515e+01	2.271235135735457789e+01	2.257518072053290581e+01	2.133222039837343686e+01	2.170742934902197518e+01	0.000000000000000000e+00	2.339107705054981778e+01	1.882535018747750399e+01	2.297244450040688335e+01	2.045615659481091697e+01	2.297492115069935181e+01	2.179863003327891136e+01	2.403015719332374900e+01	2.052431393092164669e+01
2.202079953082249375e+01	2.704902769162700338e+01	2.962762971146714008e+01	2.331072189312783038e+01	2.149033346445137127e+01	2.656862279283908634e+01	2.250988290343790155e+01	2.067932786956225044e+01	2.051539228001217907e+01	2.096407535682639534e+01	2.548617504416470325e+01	2.339107705054981778e+01	0.000000000000000000e+00	1.880812936280343450e+01	2.396027211741971286e+01	2.378567387887988005e+01	2.767775835135655171e+01	2.210908167155680104e+01	2.327838728363588672e+01	2.202092596417678649e+01
1.910470506094256393e+01	2.118550563349743499e+01	2.373778555477356633e+01	1.747545291909836251e+01	1.743480944621519413e+01	1.838806898052558481e+01	2.011985980859187251e+01	2.013014315751874506e+01	1.911964180279597514e+01	1.574948104584384723e+01	1.972210355358769363e+01	1.882535018747750399e+01	1.880812936280343450e+01	0.000000000000000000e+00	2.334677810720196689e+01	2.234035827787104722e+01	2.448825796483799877e+01	2.152439255887190583e+01	2.196372310031430430e+01	2.159242671649305478e+01
2.345123483446880641e+01	2.728161666107837036e+01	2.828795709800479230e+01	2.230666553902206317e+01	2.325335363936115840e+01	2.649167023917318886e+01	2.564893634313716575e+01	2.494648516970654484e+01	2.320292286134168691e+01	2.387991564085654517e+01	2.428386855936373223e+01	2.297244450040688335e+01	2.396027211741971286e+01	2.334677810720196689e+01	0.000000000000000000e+00	2.342843466340457326e+01	2.764144927057382262e+01	2.654185784011068350e+01	2.455282012972082839e+01	2.424118125637398435e+01
2.253131168685811048e+01	2.702645773929834405e+01	2.726029136309884748e+01	2.036644404192568203e+01	2.142118404075951332e+01	2.311097326658559581e+01	2.152564076802634929e+01	2.347812622055150200e+01	2.020746532162090858e+01	2.207791491788056959e+01	2.488713274077760929e+01	2.045615659481091697e+01	2.378567387887988005e+01	2.234035827787104722e+01	2.342843466340457326e+01	0.000000000000000000e+00	2.729102109749142002e+01	2.127769840533550294e+01	2.457338325891420538e+01	2.253540290187657646e+01
2.864761623319614614e+01	3.051124635831110865e+01	3.331612495957252662e+01	2.510496784622074884e+01	2.378046897246117553e+01	2.802148865711336256e+01	2.397018228724995126e+01	2.763215800922808540e+01	2.704295230144627382e+01	2.553369375783475093e+01	2.656316987980321898e+01	2.297492115069935181e+01	2.767775835135655171e+01	2.448825796483799877e+01	2.764144927057382262e+01	2.729102109749142002e+01	0.000000000000000000e+00	2.880535968883781450e+01	2.957484904700632455e+01	2.466533285367029649e+01
2.644358967809188954e+01	2.710714485589283740e+01	2.837005908838780144e+01	2.334981660490568700e+01	2.194093068315314810e+01	2.732932404306303553e+01	2.187315264710531437e+01	2.345062204695056352e+01	2.360427428757376589e+01	2.007216211623382662e+01	2.311693191303864481e+01	2.179863003327891136e+01	2.210908167155680104e+01	2.152439255887190583e+01	2.654185784011068350e+01	2.127769840533550294e+01	2.880535968883781450e+01	0.000000000000000000e+00	2.540707228113988592e+01	2.274519170026370674e+01
2.561343875216580201e+01	2.527200256320815441e+01	2.946140097990720008e+01	2.078217003210309244e+01	2.143135064595870531e+01	2.682059023643088480e+01	2.057846631352331102e+01	2.283440820935837579e+01	2.105837516852065860e+01	2.168797148247704598e+01	2.521034662779401714e+01	2.403015719332374900e+01	2.327838728363588672e+01	2.196372310031430430e+01	2.455282012972082839e+01	2.457338325891420538e+01	2.957484904700632455e+01	2.540707228113988592e+01	0.000000000000000000e+00	2.218225490141973211e+01
2.297095636903518567e+01	2.180196294811217683e+01	2.586045936049080396e+01	2.176715138838718389e+01	1.859128634494142318e+01	2.325533424586305742e+01	2.433931941637812102e+01	2.419117779415650560e+01	2.249419885631203897e+01	1.718723669396061737e+01	2.312932230182171267e+01	2.052431393092164669e+01	2.202092596417678649e+01	2.159242671649305478e+01	2.424118125637398435e+01	2.253540290187657646e+01	2.466533285367029649e+01	2.274519170026370674e+01	2.218225490141973211e+01	0.000000000000000000e+00
