0.000000000000000000e+00	2.630788612582298569e+01	2.649236800257541091e+01	2.147340834384340624e+01	2.504091267678264643e+01	2.046158595493648136e+01	2.567380529011064993e+01	2.072459234196163536e+01	2.687781952832943588e+01	2.064307394189848566e+01	2.509812473184653214e+01	2.381189704332140522e+01	2.395771158541342771e+01	1.916207377624940733e+01	2.330265729930643559e+01	2.589700712784386027e+01	2.360261246097740795e+01	2.279219335588918582e+01	2.205199226557742875e+01	2.654975744367449764e+01
2.630788612582298569e+01	0.000000000000000000e+00	2.867832450115770371e+01	2.254155370699436389e+01	2.556655280251958473e+01	2.327409511501376116e+01	2.761035459613377085e+01	2.285133372647915806e+01	2.764786888329567205e+01	2.079162332281604009e+01	2.255129020771017778e+01	2.890716579103878203e+01	2.134971392784182953e+01	2.136943380139747362e+01	2.443943966303054083e+01	2.489772549103969013e+01	2.406959205954902004e+01	2.654765417713521103e+01	1.820509231963149688e+01	2.480472496475864830e+01
2.649236800257541091e+01	2.867832450115770371e+01	0.000000000000000000e+00	2.593863853173427714e+01	2.981073289051495934e+01	2.689902446591311502e+01	3.238745763896685759e+01	2.367185314441113420e+01	2.934023661068689393e+01	2.485777649382467303e+01	2.649447689865919386e+01	2.859471800794597485e+01	2.442359906177399864e+01	2.420180709496198190e+01	2.695351352675639234e+01	3.016672336460741022e+01	2.921695234738611191e+01	3.041397538205622553e+01	2.334281064056021293e+01	2.633294568252541268e+01
2.147340834384340624e+01	2.254155370699436389e+01	2.593863853173427714e+01	0.000000000000000000e+00	2.362576162877999053e+01	2.646857198144692802e+01	2.589730349998541570e+01	2.098708345891592941e+01	2.475027739775699231e+01	1.818292823813395742e+01	2.501242744189016420e+01	2.361280973643402703e+01	2.312272881332376073e+01	1.959682784446946968e+01	2.039849222515742966e+01	2.319332867342954785e+01	2.311483705409247591e+01	2.373570557325788144e+01	2.182628202206757706e+01	2.486966099186385293e+01
2.504091267678264643e+01	2.556655280251958473e+01	2.981073289051495934e+01	2.362576162877999053e+01	0.000000000000000000e+00	2.066263707173990483e+01	2.757023798407966808e+01	2.004687255532429191e+01	2.989378171449854094e+01	1.933924191077729660e+01	2.530171327285490435e+01	2.621850562642808313e+01	2.120059529496764483e+01	2.323842533440430813e+01	2.488882274701543196e+01	2.610993243214348780e+01	2.827325280067110924e+01	2.303488902154201412e+01	2.189307514605874871e+01	2.590391134908479032e+01
2.046158595493648136e+01	2.327409511501376116e+01	2.689902446591311502e+01	2.646857198144692802e+01	2.066263707173990483e+01	0.000000000000000000e+00	2.503567967527083127e+01	2.093237158693520783e+01	2.671458843751651457e+01	1.884405480385949616e+01	2.258445306904667760e+01	2.558968492578879506e+01	2.171146617717347382e+01	2.417081755912339247e+01	2.145291579789641290e+01	2.376610756911651023e+01	2.304506575771084087e+01	2.446051313175238917e+01	2.138245202113138532e+01	2.507678408205343601e+01
2.567380529011064993e+01	2.761035459613377085e+01	3.238745763896685759e+01	2.589730349998541570e+01	2.757023798407966808e+01	2.503567967527083127e+01	0.000000000000000000e+00	2.081436054250197998e+01	2.974106306426819302e+01	1.927030596122265749e+01	2.489570845049103909e+01	2.765524694996518917e+01	2.587799921984565188e+01	2.156615764219561981e+01	2.353779627005518904e+01	2.933782205941797372e+01	2.881478647193489806e+01	2.839572139896641190e+01	2.410473623809281918e+01	2.618003082211624744e+01
2.072459234196163536e+01	2.285133372647915806e+01	2.367185314441113420e+01	2.098708345891592941e+01	2.004687255532429191e+01	2.093237158693520783e+01	2.081436054250197998e+01	0.000000000000000000e+00	2.316275969122245826e+01	1.738079876401258872e+01	2.083260500950542138e+01	2.254508976053904945e+01	2.009859934498468803e+01	1.896626175648674462e+01	2.236219917890878151e+01	2.309704327542998215e+01	2.133298450941285651e+01	2.140654984552746853e+01	1.822656218257568028e+01	2.101144390882261348e+01
2.687781952832943588e+01	2.764786888329567205e+01	2.934023661068689393e+01	2.475027739775699231e+01	2.989378171449854094e+01	2.671458843751651457e+01	2.974106306426819302e+01	2.316275969122245826e+01	0.000000000000000000e+00	2.131417850765751609e+01	2.667173438624414672e+01	2.874000674515492548e+01	2.525588253392478677e+01	2.424732152103810634e+01	2.207752799785539466e+01	2.856248773282258213e+01	2.951601144932482512e+01	2.647822351592379420e+01	2.162683643367467567e+01	2.795156835702128717e+01
2.064307394189848566e+01	2.079162332281604009e+01	2.485777649382467303e+01	1.818292823813395742e+01	1.933924191077729660e+01	1.884405480385949616e+01	1.927030596122265749e+01	1.738079876401258872e+01	2.131417850765751609e+01	0.000000000000000000e+00	1.888383472161215337e+01	1.951700319318856813e+01	2.208382746777645167e+01	1.633747577409418383e+01	1.870857498760346971e+01	2.048512498545393612e+01	2.220062717285969001e+01	2.014334349801575996e+01	1.861312192201094007e+01	1.768357515862112450e+01
2.509812473184653214e+01	2.255129020771017778e+01	2.649447689865919386e+01	2.501242744189016420e+01	2.530171327285490435e+01	2.258445306904667760e+01	2.489570845049103909e+01	2.083260500950542138e+01	2.667173438624414672e+01	1.888383472161215337e+01	0.000000000000000000e+00	2.383020973718900137e+01	2.171000265298378196e+01	2.022844193113474986e+01	2.367657977956446658e+01	2.813537647325679103e+01	2.341189939296030076e+01	2.511197712889757483e+01	2.343745240771349714e+01	2.261002139300806490e+01
2.381189704332140522e+01	2.890716579103878203e+01	2.859471800794597485e+01	2.361280973643402703e+01	2.621850562642808313e+01	2.558968492578879506e+01	2.765524694996518917e+01	2.254508976053904945e+01	2.874000674515492548e+01	1.951700319318856813e+01	2.383020973718900137e+01	0.000000000000000000e+00	2.228721461087549116e+01	2.129183273740279603e+01	2.339968149057407487e+01	2.888697972366831479e+01	2.420301203400623535e+01	2.493433539647199737e+01	2.503282485009928848e+01	2.842920748325177271e+01
2.395771158541342771e+01	2.134971392784182953e+01	2.442359906177399864e+01	2.312272881332376073e+01	2.120059529496764483e+01	2.171146617717347382e+01	2.587799921984565188e+01	2.009859934498468803e+01	2.525588253392478677e+01	2.208382746777645167e+01	2.171000265298378196e+01	2.228721461087549116e+01	0.000000000000000000e+00	2.024792815040737182e+01	1.950302996705705638e+01	2.485347589146752512e+01	2.183830485700549318e+01	1.990587424897356783e+01	2.161990659093585521e+01	2.168227612175049401e+01
1.916207377624940733e+01	2.136943380139747362e+01	2.420180709496198190e+01	1.959682784446946968e+01	2.323842533440430813e+01	2.417081755912339247e+01	2.156615764219561981e+01	1.896626175648674462e+01	2.424732152103810634e+01	1.633747577409418383e+01	2.022844193113474986e+01	2.129183273740279603e+01	2.024792815040737182e+01	0.000000000000000000e+00	1.876772386227592193e+01	2.072799275029685262e+01	1.951357536686581184e+01	2.275064550509643269e+01	2.013066127295736152e+01	1.901054056855350893e+01
2.330265729930643559e+01	2.443943966303054083e+01	2.695351352675639234e+01	2.039849222515742966e+01	2.488882274701543196e+01	2.145291579789641290e+01	2.353779627005518904e+01	2.236219917890878151e+01	2.207752799785539466e+01	1.870857498760346971e+01	2.367657977956446658e+01	2.339968149057407487e+01	1.950302996705705638e+01	1.876772386227592193e+01	0.000000000000000000e+00	2.311696932571744156e+01	2.553068864810706629e+01	2.288803085799652237e+01	1.954709397545287075e+01	2.006850079056775016e+01
2.589700712784386027e+01	2.489772549103969013e+01	3.016672336460741022e+01	2.319332867342954785e+01	2.610993243214348780e+01	2.376610756911651023e+01	2.933782205941797372e+01	2.309704327542998215e+01	2.856248773282258213e+01	2.048512498545393612e+01	2.813537647325679103e+01	2.888697972366831479e+01	2.485347589146752512e+01	2.072799275029685262e+01	2.311696932571744156e+01	0.000000000000000000e+00	2.737084112035155314e+01	2.573698900382603938e+01	2.438827095908849785e+01	2.576343083575167014e+01
2.360261246097740795e+01	2.406959205954902004e+01	2.921695234738611191e+01	2.311483705409247591e+01	2.827325280067110924e+01	2.304506575771084087e+01	2.881478647193489806e+01	2.133298450941285651e+01	2.951601144932482512e+01	2.220062717285969001e+01	2.341189939296030076e+01	2.420301203400623535e+01	2.183830485700549318e+01	1.951357536686581184e+01	2.553068864810706629e+01	2.737084112035155314e+01	0.000000000000000000e+00	2.436092155712802310e+01	2.177856506945239090e+01	2.222638549339505687e+01
2.279219335588918582e+01	2.654765417713521103e+01	3.041397538205622553e+01	2.373570557325788144e+01	2.303488902154201412e+01	2.446051313175238917e+01	2.839572139896641190e+01	2.140654984552746853e+01	2.647822351592379420e+01	2.014334349801575996e+01	2.511197712889757483e+01	2.493433539647199737e+01	1.990587424897356783e+01	2.275064550509643269e+01	2.288803085799652237e+01	2.573698900382603938e+01	2.436092155712802310e+01	0.000000000000000000e+00	2.216826617039335190e+01	2.150083070132336260e+01
2.205199226557742875e+01	1.820509231963149688e+01	2.334281064056021293e+01	2.182628202206757706e+01	2.189307514605874871e+01	2.138245202113138532e+01	2.410473623809281918e+01	1.822656218257568028e+01	2.162683643367467567e+01	1.861312192201094007e+01	2.343745240771349714e+01	2.503282485009928848e+01	2.161990659093585521e+01	2.013066127295736152e+01	1.954709397545287075e+01	2.438827095908849785e+01	2.177856506945239090e+01	2.216826617039335190e+01	0.000000000000000000e+00	2.095920494363707576e+01
2.654975744367449764e+01	2.480472496475864830e+01	2.633294568252541268e+01	2.486966099186385293e+01	2.590391134908479032e+01	2.507678408205343601e+01	2.618003082211624744e+01	2.101144390882261348e+01	2.795156835702128717e+01	1.768357515862112450e+01	2.261002139300806490e+01	2.842920748325177271e+01	2.168227612175049401e+01	1.901054056855350893e+01	2.006850079056775016e+01	2.576343083575167014e+01	2.222638549339505687e+01	2.150083070132336260e+01	2.095920494363707576e+01	0.000000000000000000e+00
