0.000000000000000000e+00	2.245080497125367103e+01	2.800584117510426196e+01	2.196040234580624784e+01	2.501447517050284475e+01	2.468360991019176964e+01	1.876695341887598190e+01	2.292696632159096026e+01	2.249217439859340217e+01	2.295313905779586605e+01	2.641401891158931292e+01	2.354852376101095857e+01	2.364916765412838728e+01	1.965157285789569386e+01	2.766717395995097561e+01	1.890860071768274508e+01	2.077813042800907795e+01	2.602122709129609390e+01	2.276485063899709260e+01	2.559434579618325145e+01
2.245080497125367103e+01	0.000000000000000000e+00	2.469704516815057715e+01	2.125926805516051843e+01	2.205672629307249366e+01	2.309420323331745450e+01	1.964224460796449989e+01	2.032529418095364093e+01	2.038090224893972646e+01	2.232855101232422967e+01	2.162691244761444409e+01	2.004453563515001591e+01	2.397607352980768169e+01	1.999804645493768263e+01	2.660500531823882753e+01	1.750261848339065196e+01	1.935718320872228304e+01	2.335456495736294258e+01	2.282571630456911649e+01	2.171610248409229627e+01
2.800584117510426196e+01	2.469704516815057715e+01	0.000000000000000000e+00	2.693574529114448879e+01	2.732094262535128237e+01	2.846903635893065854e+01	2.426132329492948259e+01	2.823082011701048089e+01	2.394948644031538620e+01	2.757716929230749514e+01	2.759645587700774882e+01	2.728203934543112297e+01	2.691188717982252498e+01	2.577497477216734367e+01	3.154556563122293511e+01	2.341323907340003174e+01	2.618114568978875667e+01	3.142485033139324102e+01	2.644828211633963377e+01	3.105345206152986748e+01
2.196040234580624784e+01	2.125926805516051843e+01	2.693574529114448879e+01	0.000000000000000000e+00	1.890839930150475467e+01	2.285427777583372588e+01	2.325258402672629288e+01	2.230773690050576974e+01	2.014828605555792862e+01	2.599374290411583033e+01	2.214492316421230811e+01	2.453267608503811559e+01	2.501728488144478746e+01	2.145069921509367106e+01	2.616054038681639682e+01	1.808088282736973085e+01	2.304074048681931330e+01	2.722137885415849823e+01	2.225097211020746002e+01	2.644528612769791920e+01
2.501447517050284475e+01	2.205672629307249366e+01	2.732094262535128237e+01	1.890839930150475467e+01	0.000000000000000000e+00	2.208194294381242528e+01	2.096554461799695090e+01	2.407692181724697633e+01	2.302451627974055270e+01	1.923104004683288082e+01	2.059539122822425483e+01	1.967576628862746801e+01	2.305033535894286700e+01	2.167997687525700101e+01	2.526875488623699795e+01	1.858412337742803189e+01	2.149125295719737494e+01	2.418177679407919101e+01	2.327136863717514359e+01	2.614509835603939081e+01
2.468360991019176964e+01	2.309420323331745450e+01	2.846903635893065854e+01	2.285427777583372588e+01	2.208194294381242528e+01	0.000000000000000000e+00	2.225855833335686285e+01	2.629179621893307939e+01	2.332937637467849612e+01	2.340624045309368384e+01	2.808213944105301962e+01	2.463429664525288487e+01	2.453207930292363059e+01	2.019921104022298053e+01	2.800776808955387054e+01	2.095696843198352255e+01	2.499517729047355630e+01	2.546568869573296823e+01	2.519443880704100636e+01	2.897216344798824039e+01
1.876695341887598190e+01	1.964224460796449989e+01	2.426132329492948259e+01	2.325258402672629288e+01	2.096554461799695090e+01	2.225855833335686285e+01	0.000000000000000000e+00	2.029350686527228120e+01	2.237416701196424995e+01	2.295120869603117697e+01	2.238455374813505827e+01	2.183154581342819966e+01	2.342619816079827544e+01	2.004741245038589526e+01	2.439079417469845623e+01	1.625191307748200487e+01	2.029338496110323220e+01	2.589159201496314466e+01	2.237192637954985130e+01	2.575200750874088840e+01
2.292696632159096026e+01	2.032529418095364093e+01	2.823082011701048089e+01	2.230773690050576974e+01	2.407692181724697633e+01	2.629179621893307939e+01	2.029350686527228120e+01	0.000000000000000000e+00	2.177262112124644133e+01	2.185115981932914409e+01	2.870517473645783824e+01	2.461154730312815886e+01	2.719437991888948147e+01	2.104412491393653539e+01	2.646543422902210096e+01	2.267981640355931816e+01	2.314207829803499905e+01	2.398410695863000441e+01	2.405451259616857840e+01	2.785676955512145625e+01
2.249217439859340217e+01	2.038090224893972646e+01	2.394948644031538620e+01	2.014828605555792862e+01	2.302451627974055270e+01	2.332937637467849612e+01	2.237416701196424995e+01	2.177262112124644133e+01	0.000000000000000000e+00	2.190091151305847106e+01	2.269709065076168031e+01	2.121757256642436218e+01	2.395655339027109321e+01	2.013987035961795868e+01	2.462472337533381861e+01	1.908976006762311428e+01	2.019439481140629056e+01	2.438979617066147654e+01	2.266837681580117092e+01	2.314868372413203801e+01
2.295313905779586605e+01	2.232855101232422967e+01	2.757716929230749514e+01	2.599374290411583033e+01	1.923104004683288082e+01	2.340624045309368384e+01	2.295120869603117697e+01	2.185115981932914409e+01	2.190091151305847106e+01	0.000000000000000000e+00	2.322971571939092073e+01	2.468710847413658627e+01	2.486756150535268617e+01	2.152218907990458874e+01	2.721814139434543023e+01	1.982968930829136056e+01	2.054830486292422620e+01	2.582971210035928422e+01	2.521502293465195521e+01	2.422177777392631626e+01
2.641401891158931292e+01	2.162691244761444409e+01	2.759645587700774882e+01	2.214492316421230811e+01	2.059539122822425483e+01	2.808213944105301962e+01	2.238455374813505827e+01	2.870517473645783824e+01	2.269709065076168031e+01	2.322971571939092073e+01	0.000000000000000000e+00	2.391176965912927344e+01	2.709312706760363199e+01	1.913365359744284078e+01	2.881164042508694223e+01	1.891731443488170328e+01	2.100962970917070649e+01	2.695072593197522437e+01	2.587164806814578455e+01	2.828646500495873894e+01
2.354852376101095857e+01	2.004453563515001591e+01	2.728203934543112297e+01	2.453267608503811559e+01	1.967576628862746801e+01	2.463429664525288487e+01	2.183154581342819966e+01	2.461154730312815886e+01	2.121757256642436218e+01	2.468710847413658627e+01	2.391176965912927344e+01	0.000000000000000000e+00	2.324965389959126227e+01	1.821206977004097283e+01	2.686767213500265683e+01	1.861605122011476610e+01	2.105254579879728638e+01	2.458348792488199663e+01	2.386055383372544014e+01	2.504935670954757754e+01
2.364916765412838728e+01	2.397607352980768169e+01	2.691188717982252498e+01	2.501728488144478746e+01	2.305033535894286700e+01	2.453207930292363059e+01	2.342619816079827544e+01	2.719437991888948147e+01	2.395655339027109321e+01	2.486756150535268617e+01	2.709312706760363199e+01	2.324965389959126227e+01	0.000000000000000000e+00	2.183648980113819604e+01	2.907761906206869185e+01	1.951651311743151140e+01	2.186617047800569580e+01	2.740394048051864928e+01	2.612856968568872418e+01	2.817531285364952254e+01
1.965157285789569386e+01	1.999804645493768263e+01	2.577497477216734367e+01	2.145069921509367106e+01	2.167997687525700101e+01	2.019921104022298053e+01	2.004741245038589526e+01	2.104412491393653539e+01	2.013987035961795868e+01	2.152218907990458874e+01	1.913365359744284078e+01	1.821206977004097283e+01	2.183648980113819604e+01	0.000000000000000000e+00	2.227384975694018010e+01	1.834391806287960236e+01	2.077134864887555565e+01	2.061454383291446746e+01	2.001435392346586539e+01	2.266568189767505359e+01
2.766717395995097561e+01	2.660500531823882753e+01	3.154556563122293511e+01	2.616054038681639682e+01	2.526875488623699795e+01	2.800776808955387054e+01	2.439079417469845623e+01	2.646543422902210096e+01	2.462472337533381861e+01	2.721814139434543023e+01	2.881164042508694223e+01	2.686767213500265683e+01	2.907761906206869185e+01	2.227384975694018010e+01	0.000000000000000000e+00	2.012314537595410968e+01	2.398365772783052563e+01	3.161021596192336958e+01	2.983791292236459824e+01	3.147227439070733368e+01
1.890860071768274508e+01	1.750261848339065196e+01	2.341323907340003174e+01	1.808088282736973085e+01	1.858412337742803189e+01	2.095696843198352255e+01	1.625191307748200487e+01	2.267981640355931816e+01	1.908976006762311428e+01	1.982968930829136056e+01	1.891731443488170328e+01	1.861605122011476610e+01	1.951651311743151140e+01	1.834391806287960236e+01	2.012314537595410968e+01	0.000000000000000000e+00	1.869217942150782008e+01	2.130493189368223028e+01	1.915571533406312099e+01	2.102433491568694279e+01
2.077813042800907795e+01	1.935718320872228304e+01	2.618114568978875667e+01	2.304074048681931330e+01	2.149125295719737494e+01	2.499517729047355630e+01	2.029338496110323220e+01	2.314207829803499905e+01	2.019439481140629056e+01	2.054830486292422620e+01	2.100962970917070649e+01	2.105254579879728638e+01	2.186617047800569580e+01	2.077134864887555565e+01	2.398365772783052563e+01	1.869217942150782008e+01	0.000000000000000000e+00	2.355812820711541633e+01	2.346868347098469343e+01	2.443238466186179636e+01
2.602122709129609390e+01	2.335456495736294258e+01	3.142485033139324102e+01	2.722137885415849823e+01	2.418177679407919101e+01	2.546568869573296823e+01	2.589159201496314466e+01	2.398410695863000441e+01	2.438979617066147654e+01	2.582971210035928422e+01	2.695072593197522437e+01	2.458348792488199663e+01	2.740394048051864928e+01	2.061454383291446746e+01	3.161021596192336958e+01	2.130493189368223028e+01	2.355812820711541633e+01	0.000000000000000000e+00	2.408703517058210863e+01	2.999743769932605986e+01
2.276485063899709260e+01	2.282571630456911649e+01	2.644828211633963377e+01	2.225097211020746002e+01	2.327136863717514359e+01	2.519443880704100636e+01	2.237192637954985130e+01	2.405451259616857840e+01	2.266837681580117092e+01	2.521502293465195521e+01	2.587164806814578455e+01	2.386055383372544014e+01	2.612856968568872418e+01	2.001435392346586539e+01	2.983791292236459824e+01	1.915571533406312099e+01	2.346868347098469343e+01	2.408703517058210863e+01	0.000000000000000000e+00	2.637110626990592976e+01
2.559434579618325145e+01	2.171610248409229627e+01	3.105345206152986748e+01	2.644528612769791920e+01	2.614509835603939081e+01	2.897216344798824039e+01	2.575200750874088840e+01	2.785676955512145625e+01	2.314868372413203801e+01	2.422177777392631626e+01	2.828646500495873894e+01	2.504935670954757754e+01	2.817531285364952254e+01	2.266568189767505359e+01	3.147227439070733368e+01	2.102433491568694279e+01	2.443238466186179636e+01	2.999743769932605986e+01	2.637110626990592976e+01	0.000000000000000000e+00
