0.000000000000000000e+00	2.162090720230433760e+01	2.546377416927390058e+01	2.157244288257331633e+01	2.221311939550727743e+01	2.064341251918551379e+01	2.404510336528308301e+01	2.142050090131771611e+01	2.511283721636040056e+01	2.002904326222524389e+01	2.243135214235814345e+01	2.103030391805048893e+01	2.429984294359696406e+01	1.855786874061332981e+01	2.220698985940740400e+01	2.189327417974213574e+01	2.327445196292979901e+01	2.321963173963466076e+01	2.241671652939157156e+01	2.301368799513581465e+01
2.162090720230433760e+01	0.000000000000000000e+00	2.701953956966431747e+01	2.316717198105210329e+01	2.568608576361615903e+01	2.450268276286973190e+01	2.541063415689390226e+01	2.479138898862203533e+01	2.739937749883804230e+01	2.182431032613336797e+01	2.470777357871901359e+01	2.325873560097025106e+01	2.695383013718473464e+01	2.223735468517254432e+01	2.155818089661494241e+01	2.495513771046664431e+01	2.534120657708671942e+01	2.596078277287302782e+01	2.197125169968578717e+01	2.714611176915326851e+01
2.546377416927390058e+01	2.701953956966431747e+01	0.000000000000000000e+00	2.225546729636052135e+01	2.687722987443565259e+01	2.002730349174650470e+01	2.535866371629613525e+01	2.498178762388913299e+01	2.731750897410936929e+01	2.457215455494264944e+01	2.355368006684687643e+01	2.535565784592628802e+01	2.660131026698301682e+01	2.316678090077832408e+01	2.558888192053323252e+01	2.306929157410255726e+01	2.521623297650554818e+01	2.419411568407837265e+01	2.799896490014727846e+01	2.469008712149884488e+01
2.157244288257331633e+01	2.316717198105210329e+01	2.225546729636052135e+01	0.000000000000000000e+00	2.265577430801078052e+01	2.008236060189724981e+01	2.197169953735368253e+01	1.894680304867509335e+01	2.308009657028425821e+01	2.152182140233874463e+01	2.146380253517940417e+01	2.074783443273822670e+01	2.407999405871909815e+01	1.974931504120263526e+01	2.152358564046863165e+01	2.183879324877456085e+01	2.260888655360466970e+01	2.235275297163639152e+01	2.248229685006061018e+01	2.519836078582060424e+01
2.221311939550727743e+01	2.568608576361615903e+01	2.687722987443565259e+01	2.265577430801078052e+01	0.000000000000000000e+00	2.157378366404351766e+01	2.393834051965221477e+01	2.499777145301332126e+01	2.438194569733459360e+01	2.205146596502092748e+01	2.403901610204435002e+01	2.210165533325239551e+01	2.485102396849248052e+01	1.941208019252401940e+01	2.162293642125707649e+01	1.922579157231298908e+01	2.460292258059590154e+01	2.264518367354258288e+01	2.175009718983000084e+01	2.395110811259315042e+01
2.064341251918551379e+01	2.450268276286973190e+01	2.002730349174650470e+01	2.008236060189724981e+01	2.157378366404351766e+01	0.000000000000000000e+00	2.174574378257850071e+01	2.144868155084026640e+01	2.295751773569263676e+01	1.933693136005755164e+01	2.348042130776416769e+01	2.493964412806556652e+01	2.505661784674698822e+01	2.082929259243170961e+01	2.027195701760633639e+01	2.311231802296542526e+01	2.280223442105210196e+01	2.274146792518760307e+01	1.808089295054081802e+01	2.534992169989656219e+01
2.404510336528308301e+01	2.541063415689390226e+01	2.535866371629613525e+01	2.197169953735368253e+01	2.393834051965221477e+01	2.174574378257850071e+01	0.000000000000000000e+00	2.179633951999213082e+01	2.527896844592945058e+01	2.152208137158694257e+01	2.193607136063208429e+01	2.337305977253378231e+01	2.485486317577119308e+01	2.277154548960334068e+01	2.306226341999084184e+01	2.235926775646240117e+01	2.325974819810073768e+01	2.379830681551280591e+01	2.439063716183938979e+01	2.646224177748527140e+01
2.142050090131771611e+01	2.479138898862203533e+01	2.498178762388913299e+01	1.894680304867509335e+01	2.499777145301332126e+01	2.144868155084026640e+01	2.179633951999213082e+01	0.000000000000000000e+00	2.407294148177111026e+01	2.275854004473601933e+01	2.349272196764555432e+01	2.266736210550271835e+01	2.488962543993010001e+01	2.145281619519220584e+01	2.288563616757575048e+01	2.491070914177469220e+01	2.417299914382871151e+01	2.601978890026770941e+01	2.370150403423662411e+01	2.364464697021643502e+01
2.511283721636040056e+01	2.739937749883804230e+01	2.731750897410936929e+01	2.308009657028425821e+01	2.438194569733459360e+01	2.295751773569263676e+01	2.527896844592945058e+01	2.407294148177111026e+01	0.000000000000000000e+00	2.352966603316005134e+01	2.802759377978728850e+01	2.380927590921531944e+01	2.585667096136991105e+01	2.420402127597171571e+01	2.394622389364673154e+01	2.440715971907020787e+01	2.563562160539978052e+01	2.511564273853216989e+01	2.271036988510232035e+01	2.835094800496280598e+01
2.002904326222524389e+01	2.182431032613336797e+01	2.457215455494264944e+01	2.152182140233874463e+01	2.205146596502092748e+01	1.933693136005755164e+01	2.152208137158694257e+01	2.275854004473601933e+01	2.352966603316005134e+01	0.000000000000000000e+00	2.251895557269404691e+01	2.306724260549540162e+01	2.318993939006595895e+01	2.140082959167052579e+01	2.352595640416157252e+01	2.331839338039677045e+01	2.361057843021216840e+01	2.226687823665723798e+01	2.288401180982840444e+01	2.490488318316318583e+01
2.243135214235814345e+01	2.470777357871901359e+01	2.355368006684687643e+01	2.146380253517940417e+01	2.403901610204435002e+01	2.348042130776416769e+01	2.193607136063208429e+01	2.349272196764555432e+01	2.802759377978728850e+01	2.251895557269404691e+01	0.000000000000000000e+00	2.255992126546143695e+01	2.543239048251063039e+01	2.224500900578975049e+01	2.125870227960323078e+01	2.551456489311228282e+01	2.655711351883859450e+01	2.344238840949913794e+01	2.212251648684671679e+01	2.500994806176420937e+01
2.103030391805048893e+01	2.325873560097025106e+01	2.535565784592628802e+01	2.074783443273822670e+01	2.210165533325239551e+01	2.493964412806556652e+01	2.337305977253378231e+01	2.266736210550271835e+01	2.380927590921531944e+01	2.306724260549540162e+01	2.255992126546143695e+01	0.000000000000000000e+00	2.529579355773128313e+01	2.087387029176103681e+01	2.302278145117737651e+01	2.359669231409223045e+01	2.362972595657712560e+01	2.491698870312357883e+01	2.389592371887216160e+01	2.625426333787162747e+01
2.429984294359696406e+01	2.695383013718473464e+01	2.660131026698301682e+01	2.407999405871909815e+01	2.485102396849248052e+01	2.505661784674698822e+01	2.485486317577119308e+01	2.488962543993010001e+01	2.585667096136991105e+01	2.318993939006595895e+01	2.543239048251063039e+01	2.529579355773128313e+01	0.000000000000000000e+00	2.233691023631314465e+01	2.333976030169345250e+01	2.696704362265100130e+01	2.395356139405581786e+01	2.791352159535076893e+01	2.247074652451558663e+01	2.747221095745083019e+01
1.855786874061332981e+01	2.223735468517254432e+01	2.316678090077832408e+01	1.974931504120263526e+01	1.941208019252401940e+01	2.082929259243170961e+01	2.277154548960334068e+01	2.145281619519220584e+01	2.420402127597171571e+01	2.140082959167052579e+01	2.224500900578975049e+01	2.087387029176103681e+01	2.233691023631314465e+01	0.000000000000000000e+00	2.033923269618327012e+01	2.145666676803978490e+01	2.200331324246234388e+01	2.061864813915184769e+01	2.230581825738496704e+01	2.163265683804435113e+01
2.220698985940740400e+01	2.155818089661494241e+01	2.558888192053323252e+01	2.152358564046863165e+01	2.162293642125707649e+01	2.027195701760633639e+01	2.306226341999084184e+01	2.288563616757575048e+01	2.394622389364673154e+01	2.352595640416157252e+01	2.125870227960323078e+01	2.302278145117737651e+01	2.333976030169345250e+01	2.033923269618327012e+01	0.000000000000000000e+00	2.146399475737807450e+01	2.485064639082588300e+01	2.285338544785429704e+01	2.314344528930045186e+01	2.614777949280738412e+01
2.189327417974213574e+01	2.495513771046664431e+01	2.306929157410255726e+01	2.183879324877456085e+01	1.922579157231298908e+01	2.311231802296542526e+01	2.235926775646240117e+01	2.491070914177469220e+01	2.440715971907020787e+01	2.331839338039677045e+01	2.551456489311228282e+01	2.359669231409223045e+01	2.696704362265100130e+01	2.145666676803978490e+01	2.146399475737807450e+01	0.000000000000000000e+00	2.241530849539331172e+01	2.408232152363301282e+01	2.059495303140097278e+01	2.357582719573894536e+01
2.327445196292979901e+01	2.534120657708671942e+01	2.521623297650554818e+01	2.260888655360466970e+01	2.460292258059590154e+01	2.280223442105210196e+01	2.325974819810073768e+01	2.417299914382871151e+01	2.563562160539978052e+01	2.361057843021216840e+01	2.655711351883859450e+01	2.362972595657712560e+01	2.395356139405581786e+01	2.200331324246234388e+01	2.485064639082588300e+01	2.241530849539331172e+01	0.000000000000000000e+00	2.460605980587597941e+01	2.427656567382997821e+01	2.621909739248988558e+01
2.321963173963466076e+01	2.596078277287302782e+01	2.419411568407837265e+01	2.235275297163639152e+01	2.264518367354258288e+01	2.274146792518760307e+01	2.379830681551280591e+01	2.601978890026770941e+01	2.511564273853216989e+01	2.226687823665723798e+01	2.344238840949913794e+01	2.491698870312357883e+01	2.791352159535076893e+01	2.061864813915184769e+01	2.285338544785429704e+01	2.408232152363301282e+01	2.460605980587597941e+01	0.000000000000000000e+00	2.546800434171288074e+01	2.451743815610840471e+01
2.241671652939157156e+01	2.197125169968578717e+01	2.799896490014727846e+01	2.248229685006061018e+01	2.175009718983000084e+01	1.808089295054081802e+01	2.439063716183938979e+01	2.370150403423662411e+01	2.271036988510232035e+01	2.288401180982840444e+01	2.212251648684671679e+01	2.389592371887216160e+01	2.247074652451558663e+01	2.230581825738496704e+01	2.314344528930045186e+01	2.059495303140097278e+01	2.427656567382997821e+01	2.546800434171288074e+01	0.000000000000000000e+00	2.573998019753609157e+01
2.301368799513581465e+01	2.714611176915326851e+01	2.469008712149884488e+01	2.519836078582060424e+01	2.395110811259315042e+01	2.534992169989656219e+01	2.646224177748527140e+01	2.364464697021643502e+01	2.835094800496280598e+01	2.490488318316318583e+01	2.500994806176420937e+01	2.625426333787162747e+01	2.747221095745083019e+01	2.163265683804435113e+01	2.614777949280738412e+01	2.357582719573894536e+01	2.621909739248988558e+01	2.451743815610840471e+01	2.573998019753609157e+01	0.000000000000000000e+00
