0.000000000000000000e+00	2.477249886190670125e+01	2.487052064706251286e+01	2.602448415563902628e+01	2.516548886500640947e+01	2.669085280245471736e+01	2.660751851592887718e+01	2.283046639816929968e+01	2.173781805048090021e+01	2.148292720163670211e+01	2.118932403496754446e+01	2.027647420707688397e+01	2.595906989247304963e+01	1.882627093841054489e+01	2.437282121584261674e+01	2.541414336899495297e+01	2.118835347499530641e+01	2.461256412293574769e+01	2.582525071075375322e+01	2.230853540241472643e+01
2.477249886190670125e+01	0.000000000000000000e+00	2.624750870256988122e+01	2.486286977411811350e+01	2.440707154131210643e+01	2.739337349057929316e+01	2.474330010011141567e+01	2.446937475547242613e+01	2.412023871434790223e+01	2.193283308982128688e+01	2.436347308691692248e+01	2.155641479932899429e+01	2.715954436078121859e+01	2.082980891239319376e+01	2.667398489766075542e+01	2.571899621440599404e+01	2.236932308454221285e+01	2.653622022207553144e+01	2.275272073234615533e+01	2.279315456444961896e+01
2.487052064706251286e+01	2.624750870256988122e+01	0.000000000000000000e+00	2.305279233415741302e+01	2.469659467774660300e+01	2.783590792606745268e+01	2.543246773958469475e+01	2.340154765877673881e+01	2.329372934474606893e+01	2.308058922878712238e+01	2.518091452672577546e+01	2.494653812154700745e+01	2.586322905009136619e+01	2.122946580324272503e+01	2.538092288286242137e+01	2.708459772607393035e+01	2.174652295266590585e+01	2.823219795195596760e+01	2.604728755113699989e+01	2.281579705644361056e+01
2.602448415563902628e+01	2.486286977411811350e+01	2.305279233415741302e+01	0.000000000000000000e+00	2.229793715768396112e+01	2.652138981403922813e+01	2.585979391957601337e+01	2.294443883361466519e+01	2.282993636858434883e+01	2.164960414715208969e+01	2.277573880650826865e+01	2.000999468773852286e+01	2.524401468189862996e+01	1.724234403381554870e+01	2.478050605508508397e+01	2.161363746912894257e+01	2.105413273670566809e+01	2.534296329126199865e+01	2.526723924020476986e+01	2.092833736155403912e+01
2.516548886500640947e+01	2.440707154131210643e+01	2.469659467774660300e+01	2.229793715768396112e+01	0.000000000000000000e+00	2.512812533504277468e+01	2.561952353951172157e+01	2.156853435325836443e+01	2.426028406424866191e+01	2.133269124379754089e+01	2.209523654571023599e+01	2.180817472178766181e+01	2.479732556574039393e+01	1.900593569199753219e+01	2.494985835800508767e+01	2.406919768691033923e+01	1.871139462713829715e+01	2.724226950501066824e+01	2.618351815066800015e+01	1.944160630746255691e+01
2.669085280245471736e+01	2.739337349057929316e+01	2.783590792606745268e+01	2.652138981403922813e+01	2.512812533504277468e+01	0.000000000000000000e+00	2.786651152752484251e+01	2.403481118761624202e+01	2.357745659944434635e+01	2.538769195361874864e+01	2.463950677173306403e+01	2.460451473911503584e+01	2.817079260385568418e+01	2.045966492781320412e+01	2.673801311744010434e+01	2.693651753612869371e+01	2.268874275048973033e+01	2.958057974681789659e+01	2.519569207449846004e+01	2.481476550508442003e+01
2.660751851592887718e+01	2.474330010011141567e+01	2.543246773958469475e+01	2.585979391957601337e+01	2.561952353951172157e+01	2.786651152752484251e+01	0.000000000000000000e+00	2.442565555342992667e+01	2.717093812297981970e+01	2.310346891170803474e+01	2.525136931228642823e+01	2.374010816450132566e+01	2.519956874441542638e+01	2.231887447582972683e+01	2.806932993933531506e+01	2.290987271080861021e+01	2.280366465261463205e+01	2.948508543397274195e+01	2.569239932042085073e+01	2.129267861769502446e+01
2.283046639816929968e+01	2.446937475547242613e+01	2.340154765877673881e+01	2.294443883361466519e+01	2.156853435325836443e+01	2.403481118761624202e+01	2.442565555342992667e+01	0.000000000000000000e+00	2.211618831654988426e+01	1.901377006512103307e+01	2.507576028295170900e+01	2.044061385210138937e+01	2.147813368009801849e+01	1.759741697939757188e+01	2.756476556353416640e+01	2.161227665269277765e+01	1.832054055845866003e+01	2.331648030324362963e+01	2.154973911953144139e+01	1.975669347031000811e+01
2.173781805048090021e+01	2.412023871434790223e+01	2.329372934474606893e+01	2.282993636858434883e+01	2.426028406424866191e+01	2.357745659944434635e+01	2.717093812297981970e+01	2.211618831654988426e+01	0.000000000000000000e+00	1.974585565250497154e+01	2.516757219114458621e+01	1.993722056700902101e+01	2.155833948595222793e+01	1.925851398940146098e+01	2.363630997845338300e+01	2.437884810554157866e+01	1.954683249758989305e+01	2.649099058000423312e+01	2.483329152744364876e+01	2.209289758850813712e+01
2.148292720163670211e+01	2.193283308982128688e+01	2.308058922878712238e+01	2.164960414715208969e+01	2.133269124379754089e+01	2.538769195361874864e+01	2.310346891170803474e+01	1.901377006512103307e+01	1.974585565250497154e+01	0.000000000000000000e+00	2.097202444118244102e+01	2.128268650584600508e+01	2.171805413915586058e+01	1.735598163875633304e+01	2.289461568904256339e+01	2.193083725777001902e+01	2.063996692136965905e+01	2.380208825897063107e+01	2.323419089147115812e+01	2.025846478961184971e+01
2.118932403496754446e+01	2.436347308691692248e+01	2.518091452672577546e+01	2.277573880650826865e+01	2.209523654571023599e+01	2.463950677173306403e+01	2.525136931228642823e+01	2.507576028295170900e+01	2.516757219114458621e+01	2.097202444118244102e+01	0.000000000000000000e+00	2.314707584156165865e+01	2.590000267815402779e+01	1.874472086185861741e+01	2.592307920366669194e+01	2.140270465819960677e+01	1.943117423399524313e+01	2.657865053281976131e+01	2.431930076190588963e+01	2.156448398887640394e+01
2.027647420707688397e+01	2.155641479932899429e+01	2.494653812154700745e+01	2.000999468773852286e+01	2.180817472178766181e+01	2.460451473911503584e+01	2.374010816450132566e+01	2.044061385210138937e+01	1.993722056700902101e+01	2.128268650584600508e+01	2.314707584156165865e+01	0.000000000000000000e+00	2.416290702833298809e+01	1.575639242687537411e+01	2.428474629625424441e+01	2.217444773423950011e+01	2.165527989805996967e+01	2.683299677984877007e+01	2.278274558452049803e+01	2.021764590410223761e+01
2.595906989247304963e+01	2.715954436078121859e+01	2.586322905009136619e+01	2.524401468189862996e+01	2.479732556574039393e+01	2.817079260385568418e+01	2.519956874441542638e+01	2.147813368009801849e+01	2.155833948595222793e+01	2.171805413915586058e+01	2.590000267815402779e+01	2.416290702833298809e+01	0.000000000000000000e+00	2.058395785825051405e+01	2.973393033003917552e+01	2.897445727765450840e+01	2.141196459352582693e+01	2.910783881373198767e+01	2.605592748050256802e+01	2.425044971417089457e+01
1.882627093841054489e+01	2.082980891239319376e+01	2.122946580324272503e+01	1.724234403381554870e+01	1.900593569199753219e+01	2.045966492781320412e+01	2.231887447582972683e+01	1.759741697939757188e+01	1.925851398940146098e+01	1.735598163875633304e+01	1.874472086185861741e+01	1.575639242687537411e+01	2.058395785825051405e+01	0.000000000000000000e+00	2.067374343259893266e+01	2.024035133175895496e+01	1.692921760552270882e+01	2.127909129493873408e+01	2.202513615315116269e+01	1.701922734722737474e+01
2.437282121584261674e+01	2.667398489766075542e+01	2.538092288286242137e+01	2.478050605508508397e+01	2.494985835800508767e+01	2.673801311744010434e+01	2.806932993933531506e+01	2.756476556353416640e+01	2.363630997845338300e+01	2.289461568904256339e+01	2.592307920366669194e+01	2.428474629625424441e+01	2.973393033003917552e+01	2.067374343259893266e+01	0.000000000000000000e+00	2.563648859603405228e+01	2.493532397320758420e+01	2.981880995492991460e+01	2.834209577104298461e+01	2.427976271694491217e+01
2.541414336899495297e+01	2.571899621440599404e+01	2.708459772607393035e+01	2.161363746912894257e+01	2.406919768691033923e+01	2.693651753612869371e+01	2.290987271080861021e+01	2.161227665269277765e+01	2.437884810554157866e+01	2.193083725777001902e+01	2.140270465819960677e+01	2.217444773423950011e+01	2.897445727765450840e+01	2.024035133175895496e+01	2.563648859603405228e+01	0.000000000000000000e+00	2.146371739655027255e+01	2.640616971025030679e+01	2.468367230199091722e+01	2.085045386193603889e+01
2.118835347499530641e+01	2.236932308454221285e+01	2.174652295266590585e+01	2.105413273670566809e+01	1.871139462713829715e+01	2.268874275048973033e+01	2.280366465261463205e+01	1.832054055845866003e+01	1.954683249758989305e+01	2.063996692136965905e+01	1.943117423399524313e+01	2.165527989805996967e+01	2.141196459352582693e+01	1.692921760552270882e+01	2.493532397320758420e+01	2.146371739655027255e+01	0.000000000000000000e+00	2.343956122694559596e+01	2.324865683210391865e+01	2.160462502925612327e+01
2.461256412293574769e+01	2.653622022207553144e+01	2.823219795195596760e+01	2.534296329126199865e+01	2.724226950501066824e+01	2.958057974681789659e+01	2.948508543397274195e+01	2.331648030324362963e+01	2.649099058000423312e+01	2.380208825897063107e+01	2.657865053281976131e+01	2.683299677984877007e+01	2.910783881373198767e+01	2.127909129493873408e+01	2.981880995492991460e+01	2.640616971025030679e+01	2.343956122694559596e+01	0.000000000000000000e+00	2.925140205620960643e+01	2.549131993179438282e+01
2.582525071075375322e+01	2.275272073234615533e+01	2.604728755113699989e+01	2.526723924020476986e+01	2.618351815066800015e+01	2.519569207449846004e+01	2.569239932042085073e+01	2.154973911953144139e+01	2.483329152744364876e+01	2.323419089147115812e+01	2.431930076190588963e+01	2.278274558452049803e+01	2.605592748050256802e+01	2.202513615315116269e+01	2.834209577104298461e+01	2.468367230199091722e+01	2.324865683210391865e+01	2.925140205620960643e+01	0.000000000000000000e+00	2.231867816489379663e+01
2.230853540241472643e+01	2.279315456444961896e+01	2.281579705644361056e+01	2.092833736155403912e+01	1.944160630746255691e+01	2.481476550508442003e+01	2.129267861769502446e+01	1.975669347031000811e+01	2.209289758850813712e+01	2.025846478961184971e+01	2.156448398887640394e+01	2.021764590410223761e+01	2.425044971417089457e+01	1.701922734722737474e+01	2.427976271694491217e+01	2.085045386193603889e+01	2.160462502925612327e+01	2.549131993179438282e+01	2.231867816489379663e+01	0.000000000000000000e+00
