0.000000000000000000e+00	2.164179244292718707e+01	2.949261468546008658e+01	1.984498272895676152e+01	2.180965041305128693e+01	2.439195532057903293e+01	2.344570338184190916e+01	2.650356747748919162e+01	2.627866332594782151e+01	2.091195003792459417e+01	2.270185181721617695e+01	2.279930129010170958e+01	2.435016606629032765e+01	2.228646116234727970e+01	2.466164306931894501e+01	2.500384108810736805e+01	2.881301141832107149e+01	2.019526517636728258e+01	2.113866768491067205e+01	2.108678279067800787e+01
2.164179244292718707e+01	0.000000000000000000e+00	2.292882964679188973e+01	1.923514997618708477e+01	2.267865473931817633e+01	2.147317930807820474e+01	2.239415699381676461e+01	2.353000189996642177e+01	2.023725585075306554e+01	2.030856921585597163e+01	2.234724631294000829e+01	2.351127217019641336e+01	2.349529220153259246e+01	2.028624498678661681e+01	2.156272701693449889e+01	1.930336208291398847e+01	2.562117873124627465e+01	2.251183857874077887e+01	2.527623437328223233e+01	2.129150629362547065e+01
2.949261468546008658e+01	2.292882964679188973e+01	0.000000000000000000e+00	2.536334375292311094e+01	2.872579357636584518e+01	2.574778267518336250e+01	2.915137211268013928e+01	2.855987691715900922e+01	2.651866534217506910e+01	2.440452873633227426e+01	2.777557587280069029e+01	2.783902078433738936e+01	2.974435717675770974e+01	2.386580582507175308e+01	2.938392516108422470e+01	2.641305750920978568e+01	3.055604496349849697e+01	2.664513593821009252e+01	2.875430446507510851e+01	2.321856814933964586e+01
1.984498272895676152e+01	1.923514997618708477e+01	2.536334375292311094e+01	0.000000000000000000e+00	2.291631513381167196e+01	1.899446585938436982e+01	2.332393018311236332e+01	2.443284713247287954e+01	1.938889680154841955e+01	1.846118115442647323e+01	2.391583885284447319e+01	2.404113434602736632e+01	2.236608807287697687e+01	1.997400262162949858e+01	2.330201213273900862e+01	2.121693070458618635e+01	2.132475663142252742e+01	1.975399321454514023e+01	2.032084334993742303e+01	2.042672433529753917e+01
2.180965041305128693e+01	2.267865473931817633e+01	2.872579357636584518e+01	2.291631513381167196e+01	0.000000000000000000e+00	2.314590260979004555e+01	2.201469426162830345e+01	2.661250711690584936e+01	2.158869845648649388e+01	2.339547946292617553e+01	2.476905801922753270e+01	2.608789242904678929e+01	2.513104913629602066e+01	2.446764350873198168e+01	2.560750408441316850e+01	2.230505050683879986e+01	2.511397180274004981e+01	2.487749906341706208e+01	2.464053310761643800e+01	2.598940933001658848e+01
2.439195532057903293e+01	2.147317930807820474e+01	2.574778267518336250e+01	1.899446585938436982e+01	2.314590260979004555e+01	0.000000000000000000e+00	2.243272480421205017e+01	2.411550669203049324e+01	2.299846350135144846e+01	2.197239114640541047e+01	2.507107056930690447e+01	2.258447696243512581e+01	2.356732816609063264e+01	2.173002326023419783e+01	2.292026751467775014e+01	2.293643367476849804e+01	2.788921245619530609e+01	2.409288769397855390e+01	2.026201514458209729e+01	2.279084015309006972e+01
2.344570338184190916e+01	2.239415699381676461e+01	2.915137211268013928e+01	2.332393018311236332e+01	2.201469426162830345e+01	2.243272480421205017e+01	0.000000000000000000e+00	2.686717948420615443e+01	2.268577988815260937e+01	2.065479480053544847e+01	2.527160760354318469e+01	2.517409771937261098e+01	2.204850158162903639e+01	1.776339633270935536e+01	2.178409052651465316e+01	2.128338723869829963e+01	2.726049758082072572e+01	2.340414604997127768e+01	2.246008873764001734e+01	2.214752492239379578e+01
2.650356747748919162e+01	2.353000189996642177e+01	2.855987691715900922e+01	2.443284713247287954e+01	2.661250711690584936e+01	2.411550669203049324e+01	2.686717948420615443e+01	0.000000000000000000e+00	2.653558831922356731e+01	2.388967865499695264e+01	2.771570204883664346e+01	2.665351075137976622e+01	2.405526185402651507e+01	2.323167862511077786e+01	2.709765792561179865e+01	2.299646253619972569e+01	3.037838954651158119e+01	2.630515192678842240e+01	2.374461734998419260e+01	2.368797920681293689e+01
2.627866332594782151e+01	2.023725585075306554e+01	2.651866534217506910e+01	1.938889680154841955e+01	2.158869845648649388e+01	2.299846350135144846e+01	2.268577988815260937e+01	2.653558831922356731e+01	0.000000000000000000e+00	2.312974641213870441e+01	2.263569075029851163e+01	2.078339057518370225e+01	2.218595318641356329e+01	2.140557046259829477e+01	2.267233175810388346e+01	2.203805870037535186e+01	2.285672490643632671e+01	2.121694468147201107e+01	2.142220022699471471e+01	1.988692399351548801e+01
2.091195003792459417e+01	2.030856921585597163e+01	2.440452873633227426e+01	1.846118115442647323e+01	2.339547946292617553e+01	2.197239114640541047e+01	2.065479480053544847e+01	2.388967865499695264e+01	2.312974641213870441e+01	0.000000000000000000e+00	2.299785958649331263e+01	2.199980293673561604e+01	1.816031220374554422e+01	1.878390532044583594e+01	2.224287702521581878e+01	2.226540966063984683e+01	2.453361547085042105e+01	2.317327856946022280e+01	2.137811910278643879e+01	2.166673756971910692e+01
2.270185181721617695e+01	2.234724631294000829e+01	2.777557587280069029e+01	2.391583885284447319e+01	2.476905801922753270e+01	2.507107056930690447e+01	2.527160760354318469e+01	2.771570204883664346e+01	2.263569075029851163e+01	2.299785958649331263e+01	0.000000000000000000e+00	2.700419725563526185e+01	2.461713488678495665e+01	2.053191128063094339e+01	2.392571926118796100e+01	2.163584639485262073e+01	2.709022072648895474e+01	2.171937681887300187e+01	2.171653384043770885e+01	2.289514032850373582e+01
2.279930129010170958e+01	2.351127217019641336e+01	2.783902078433738936e+01	2.404113434602736632e+01	2.608789242904678929e+01	2.258447696243512581e+01	2.517409771937261098e+01	2.665351075137976622e+01	2.078339057518370225e+01	2.199980293673561604e+01	2.700419725563526185e+01	0.000000000000000000e+00	2.535181680363423240e+01	2.132960698691759660e+01	2.306037216421669100e+01	2.342185599231247650e+01	2.587471371070382986e+01	2.321882888497773578e+01	2.218718198150507703e+01	2.259241819191857559e+01
2.435016606629032765e+01	2.349529220153259246e+01	2.974435717675770974e+01	2.236608807287697687e+01	2.513104913629602066e+01	2.356732816609063264e+01	2.204850158162903639e+01	2.405526185402651507e+01	2.218595318641356329e+01	1.816031220374554422e+01	2.461713488678495665e+01	2.535181680363423240e+01	0.000000000000000000e+00	2.258006244867968704e+01	2.533939506553794274e+01	2.199815292676176526e+01	2.772380371493461482e+01	2.294359035558824189e+01	2.621814895046734861e+01	2.206574938209386616e+01
2.228646116234727970e+01	2.028624498678661681e+01	2.386580582507175308e+01	1.997400262162949858e+01	2.446764350873198168e+01	2.173002326023419783e+01	1.776339633270935536e+01	2.323167862511077786e+01	2.140557046259829477e+01	1.878390532044583594e+01	2.053191128063094339e+01	2.132960698691759660e+01	2.258006244867968704e+01	0.000000000000000000e+00	2.386463978470284886e+01	2.170163816017165104e+01	2.181498937015705408e+01	1.887966112234078864e+01	2.124322781785187786e+01	1.902527772715068721e+01
2.466164306931894501e+01	2.156272701693449889e+01	2.938392516108422470e+01	2.330201213273900862e+01	2.560750408441316850e+01	2.292026751467775014e+01	2.178409052651465316e+01	2.709765792561179865e+01	2.267233175810388346e+01	2.224287702521581878e+01	2.392571926118796100e+01	2.306037216421669100e+01	2.533939506553794274e+01	2.386463978470284886e+01	0.000000000000000000e+00	2.303048004606250387e+01	2.512197189770305528e+01	2.530091652163639537e+01	2.274119386386320585e+01	2.358807821800431270e+01
2.500384108810736805e+01	1.930336208291398847e+01	2.641305750920978568e+01	2.121693070458618635e+01	2.230505050683879986e+01	2.293643367476849804e+01	2.128338723869829963e+01	2.299646253619972569e+01	2.203805870037535186e+01	2.226540966063984683e+01	2.163584639485262073e+01	2.342185599231247650e+01	2.199815292676176526e+01	2.170163816017165104e+01	2.303048004606250387e+01	0.000000000000000000e+00	2.355595155012305497e+01	2.061726126029082451e+01	2.060720065482838237e+01	2.318766934397815760e+01
2.881301141832107149e+01	2.562117873124627465e+01	3.055604496349849697e+01	2.132475663142252742e+01	2.511397180274004981e+01	2.788921245619530609e+01	2.726049758082072572e+01	3.037838954651158119e+01	2.285672490643632671e+01	2.453361547085042105e+01	2.709022072648895474e+01	2.587471371070382986e+01	2.772380371493461482e+01	2.181498937015705408e+01	2.512197189770305528e+01	2.355595155012305497e+01	0.000000000000000000e+00	2.575544539051918846e+01	2.498902868666750265e+01	2.652511544627851947e+01
2.019526517636728258e+01	2.251183857874077887e+01	2.664513593821009252e+01	1.975399321454514023e+01	2.487749906341706208e+01	2.409288769397855390e+01	2.340414604997127768e+01	2.630515192678842240e+01	2.121694468147201107e+01	2.317327856946022280e+01	2.171937681887300187e+01	2.321882888497773578e+01	2.294359035558824189e+01	1.887966112234078864e+01	2.530091652163639537e+01	2.061726126029082451e+01	2.575544539051918846e+01	0.000000000000000000e+00	2.113582099254771407e+01	2.369960191541235517e+01
2.113866768491067205e+01	2.527623437328223233e+01	2.875430446507510851e+01	2.032084334993742303e+01	2.464053310761643800e+01	2.026201514458209729e+01	2.246008873764001734e+01	2.374461734998419260e+01	2.142220022699471471e+01	2.137811910278643879e+01	2.171653384043770885e+01	2.218718198150507703e+01	2.621814895046734861e+01	2.124322781785187786e+01	2.274119386386320585e+01	2.060720065482838237e+01	2.498902868666750265e+01	2.113582099254771407e+01	0.000000000000000000e+00	2.163996770418029314e+01
2.108678279067800787e+01	2.129150629362547065e+01	2.321856814933964586e+01	2.042672433529753917e+01	2.598940933001658848e+01	2.279084015309006972e+01	2.214752492239379578e+01	2.368797920681293689e+01	1.988692399351548801e+01	2.166673756971910692e+01	2.289514032850373582e+01	2.259241819191857559e+01	2.206574938209386616e+01	1.902527772715068721e+01	2.358807821800431270e+01	2.318766934397815760e+01	2.652511544627851947e+01	2.369960191541235517e+01	2.163996770418029314e+01	0.000000000000000000e+00
