0.000000000000000000e+00	2.611280160407173057e+01	2.946319977799245748e+01	2.612441276557394687e+01	2.621531304386976302e+01	2.621108870784387079e+01	2.316894962250530199e+01	2.880128556200740064e+01	2.444967998524638375e+01	2.398705623620133665e+01	2.388938559638925341e+01	2.672817170322522173e+01	2.361402772018128715e+01	2.318875613796358337e+01	2.546954365062770975e+01	1.999300339182445185e+01	2.414607342347249030e+01	2.369349471420433773e+01	2.557838444654740329e+01	2.322606751443202100e+01
2.611280160407173057e+01	0.000000000000000000e+00	2.646801794002321628e+01	2.412801974708694530e+01	2.302681283627191888e+01	2.595508200735818605e+01	2.496849313029237294e+01	2.727424163939727464e+01	2.177544065817875207e+01	2.214128964723091286e+01	2.285791636452002962e+01	2.265342137213685803e+01	2.250993213396292703e+01	2.013116879130783587e+01	2.720804610093598441e+01	2.253581822869156071e+01	2.296906009227521750e+01	2.659182047913672875e+01	2.164986952950345511e+01	2.504655486578063872e+01
2.946319977799245748e+01	2.646801794002321628e+01	0.000000000000000000e+00	2.623468264256937488e+01	2.683089904891388144e+01	2.542437912642111542e+01	2.304686718836475023e+01	2.755949719049118585e+01	2.563621932963055627e+01	2.628843318751578195e+01	2.362056502261008717e+01	2.436035875352765601e+01	2.669150706695782915e+01	2.108689092574662993e+01	2.622542182624828655e+01	2.303794757564114448e+01	2.606389999053937245e+01	2.660889862232286873e+01	2.467211614622818416e+01	2.776841694421739959e+01
2.612441276557394687e+01	2.412801974708694530e+01	2.623468264256937488e+01	0.000000000000000000e+00	2.543796712706243213e+01	2.789247437984204581e+01	2.227030535938655831e+01	2.717688892104939313e+01	2.469333017470441050e+01	2.510430588354854464e+01	2.289896657811091529e+01	2.600257826853004417e+01	2.504115219167670148e+01	1.845458362694684240e+01	2.455468810182406614e+01	2.068109591840939387e+01	2.479555003294510129e+01	2.566661189157145628e+01	2.703269177710401650e+01	2.618643024242513562e+01
2.621531304386976302e+01	2.302681283627191888e+01	2.683089904891388144e+01	2.543796712706243213e+01	0.000000000000000000e+00	2.556695971851918614e+01	2.213650158041367177e+01	2.460708504783050898e+01	2.436645621732063915e+01	2.202134167585026248e+01	2.262539822235358145e+01	2.131545885184334921e+01	2.440064443524147109e+01	1.953344141909022014e+01	2.348084858253837126e+01	2.228627057587186755e+01	2.447968084963065394e+01	2.552104324454768758e+01	2.402180466518882440e+01	2.448688580565997697e+01
2.621108870784387079e+01	2.595508200735818605e+01	2.542437912642111542e+01	2.789247437984204581e+01	2.556695971851918614e+01	0.000000000000000000e+00	2.344090978689320082e+01	2.857228932561135437e+01	2.759563345613086582e+01	2.596917729341067016e+01	2.380164258518286857e+01	2.493377479372673733e+01	2.591053841297232196e+01	1.993266697629275441e+01	2.828322673642843199e+01	2.494726986646333700e+01	2.464730391333016968e+01	2.556138026698528520e+01	2.440858064949003747e+01	2.706069172301916836e+01
2.316894962250530199e+01	2.496849313029237294e+01	2.304686718836475023e+01	2.227030535938655831e+01	2.213650158041367177e+01	2.344090978689320082e+01	0.000000000000000000e+00	2.463165150498794986e+01	2.164442388527020000e+01	2.232743268114159818e+01	2.003357151723335505e+01	2.129693836113862204e+01	2.207948514316542088e+01	1.737347890831428643e+01	2.424022767883827001e+01	1.903309374683443522e+01	2.124047331745181211e+01	2.443121073683976974e+01	2.386797441092325300e+01	2.210823600352344798e+01
2.880128556200740064e+01	2.727424163939727464e+01	2.755949719049118585e+01	2.717688892104939313e+01	2.460708504783050898e+01	2.857228932561135437e+01	2.463165150498794986e+01	0.000000000000000000e+00	2.596979420978179931e+01	2.369428689213824768e+01	2.414389728210499442e+01	2.479429598720248151e+01	2.432434966208984406e+01	2.058511456921772265e+01	2.903436219992616785e+01	2.333141567541788319e+01	2.162138178324711646e+01	2.590487979811439345e+01	2.507613717218154292e+01	2.665711242812625770e+01
2.444967998524638375e+01	2.177544065817875207e+01	2.563621932963055627e+01	2.469333017470441050e+01	2.436645621732063915e+01	2.759563345613086582e+01	2.164442388527020000e+01	2.596979420978179931e+01	0.000000000000000000e+00	2.126804330892441897e+01	2.262563122584805342e+01	2.323375717769690141e+01	2.480053267822422924e+01	2.010842258931437243e+01	2.502347452912256642e+01	2.165506920992313766e+01	2.287737295007024585e+01	2.090000179766720834e+01	2.525341991086659021e+01	2.364200808463391112e+01
2.398705623620133665e+01	2.214128964723091286e+01	2.628843318751578195e+01	2.510430588354854464e+01	2.202134167585026248e+01	2.596917729341067016e+01	2.232743268114159818e+01	2.369428689213824768e+01	2.126804330892441897e+01	0.000000000000000000e+00	2.449320828852382448e+01	1.987779492611386090e+01	2.626664468961956800e+01	1.743665623686232280e+01	2.193864451190417952e+01	2.012847556167909246e+01	2.042351453768923264e+01	2.310489619488065927e+01	2.226805128671174572e+01	2.308584823977142619e+01
2.388938559638925341e+01	2.285791636452002962e+01	2.362056502261008717e+01	2.289896657811091529e+01	2.262539822235358145e+01	2.380164258518286857e+01	2.003357151723335505e+01	2.414389728210499442e+01	2.262563122584805342e+01	2.449320828852382448e+01	0.000000000000000000e+00	2.084192352868213405e+01	2.450036297167186916e+01	1.784514476603197863e+01	2.137665235759132898e+01	2.096679082157268681e+01	2.177201374903373221e+01	2.263532456132377746e+01	2.206972004487876049e+01	2.096119154698419607e+01
2.672817170322522173e+01	2.265342137213685803e+01	2.436035875352765601e+01	2.600257826853004417e+01	2.131545885184334921e+01	2.493377479372673733e+01	2.129693836113862204e+01	2.479429598720248151e+01	2.323375717769690141e+01	1.987779492611386090e+01	2.084192352868213405e+01	0.000000000000000000e+00	2.199036931764417702e+01	1.853574265686506806e+01	2.172588617065083127e+01	1.861304345381438452e+01	1.897249217247243891e+01	2.439339951096948766e+01	2.225351063537985397e+01	2.055203276235309673e+01
2.361402772018128715e+01	2.250993213396292703e+01	2.669150706695782915e+01	2.504115219167670148e+01	2.440064443524147109e+01	2.591053841297232196e+01	2.207948514316542088e+01	2.432434966208984406e+01	2.480053267822422924e+01	2.626664468961956800e+01	2.450036297167186916e+01	2.199036931764417702e+01	0.000000000000000000e+00	2.001191831740391081e+01	2.527580037779618038e+01	2.069846706408085169e+01	2.255562978321996326e+01	2.348152720432168294e+01	2.432358958570545582e+01	2.549665493880694811e+01
2.318875613796358337e+01	2.013116879130783587e+01	2.108689092574662993e+01	1.845458362694684240e+01	1.953344141909022014e+01	1.993266697629275441e+01	1.737347890831428643e+01	2.058511456921772265e+01	2.010842258931437243e+01	1.743665623686232280e+01	1.784514476603197863e+01	1.853574265686506806e+01	2.001191831740391081e+01	0.000000000000000000e+00	2.085905071314289572e+01	1.850402071083473388e+01	1.770406625813850354e+01	1.961584984341729765e+01	1.916121940484746133e+01	2.093290108207161992e+01
2.546954365062770975e+01	2.720804610093598441e+01	2.622542182624828655e+01	2.455468810182406614e+01	2.348084858253837126e+01	2.828322673642843199e+01	2.424022767883827001e+01	2.903436219992616785e+01	2.502347452912256642e+01	2.193864451190417952e+01	2.137665235759132898e+01	2.172588617065083127e+01	2.527580037779618038e+01	2.085905071314289572e+01	0.000000000000000000e+00	2.143308847376556514e+01	2.501421402169043162e+01	2.591194606794352495e+01	2.627241096874823967e+01	2.531579391584291727e+01
1.999300339182445185e+01	2.253581822869156071e+01	2.303794757564114448e+01	2.068109591840939387e+01	2.228627057587186755e+01	2.494726986646333700e+01	1.903309374683443522e+01	2.333141567541788319e+01	2.165506920992313766e+01	2.012847556167909246e+01	2.096679082157268681e+01	1.861304345381438452e+01	2.069846706408085169e+01	1.850402071083473388e+01	2.143308847376556514e+01	0.000000000000000000e+00	2.152073925800335630e+01	2.280643394540847169e+01	2.145984454047053802e+01	2.128435796303942951e+01
2.414607342347249030e+01	2.296906009227521750e+01	2.606389999053937245e+01	2.479555003294510129e+01	2.447968084963065394e+01	2.464730391333016968e+01	2.124047331745181211e+01	2.162138178324711646e+01	2.287737295007024585e+01	2.042351453768923264e+01	2.177201374903373221e+01	1.897249217247243891e+01	2.255562978321996326e+01	1.770406625813850354e+01	2.501421402169043162e+01	2.152073925800335630e+01	0.000000000000000000e+00	2.099034346675886553e+01	2.494173161645973380e+01	2.504530173984552732e+01
2.369349471420433773e+01	2.659182047913672875e+01	2.660889862232286873e+01	2.566661189157145628e+01	2.552104324454768758e+01	2.556138026698528520e+01	2.443121073683976974e+01	2.590487979811439345e+01	2.090000179766720834e+01	2.310489619488065927e+01	2.263532456132377746e+01	2.439339951096948766e+01	2.348152720432168294e+01	1.961584984341729765e+01	2.591194606794352495e+01	2.280643394540847169e+01	2.099034346675886553e+01	0.000000000000000000e+00	2.248598981341884340e+01	2.571136268661954460e+01
2.557838444654740329e+01	2.164986952950345511e+01	2.467211614622818416e+01	2.703269177710401650e+01	2.402180466518882440e+01	2.440858064949003747e+01	2.386797441092325300e+01	2.507613717218154292e+01	2.525341991086659021e+01	2.226805128671174572e+01	2.206972004487876049e+01	2.225351063537985397e+01	2.432358958570545582e+01	1.916121940484746133e+01	2.627241096874823967e+01	2.145984454047053802e+01	2.494173161645973380e+01	2.248598981341884340e+01	0.000000000000000000e+00	2.459849248213017248e+01
2.322606751443202100e+01	2.504655486578063872e+01	2.776841694421739959e+01	2.618643024242513562e+01	2.448688580565997697e+01	2.706069172301916836e+01	2.210823600352344798e+01	2.665711242812625770e+01	2.364200808463391112e+01	2.308584823977142619e+01	2.096119154698419607e+01	2.055203276235309673e+01	2.549665493880694811e+01	2.093290108207161992e+01	2.531579391584291727e+01	2.128435796303942951e+01	2.504530173984552732e+01	2.571136268661954460e+01	2.459849248213017248e+01	0.000000000000000000e+00
