0.000000000000000000e+00	2.292806556500727666e+01	2.855335639795100988e+01	2.297740671656386624e+01	2.525799638591961482e+01	2.664503530973278345e+01	2.197991519547121797e+01	2.625402045361787273e+01	2.233027024324708876e+01	2.263423006358035749e+01	2.997401770994765258e+01	2.472542317346800900e+01	2.303482984240866926e+01	2.034577875606765573e+01	2.791424580118947674e+01	2.108199013205894090e+01	2.650116821033405401e+01	2.421470853813420021e+01	2.410008677048059766e+01	2.694504179031073221e+01
2.292806556500727666e+01	0.000000000000000000e+00	2.639819938554137124e+01	1.820849750192440197e+01	2.232101488916387311e+01	2.326290110171630943e+01	1.865289418143478173e+01	2.418244471269174412e+01	2.030418526180073258e+01	2.491025017715463008e+01	2.404275155767430405e+01	2.271105984142432277e+01	1.886888887511300084e+01	2.004523678557912447e+01	2.036356699973246265e+01	1.691818892513150985e+01	2.534301628550239727e+01	2.174260346745262495e+01	2.073023040105765347e+01	2.019713061137378673e+01
2.855335639795100988e+01	2.639819938554137124e+01	0.000000000000000000e+00	2.247050054108448336e+01	2.802512456031608679e+01	2.627538479278149097e+01	2.350740005126566601e+01	2.757062005091650292e+01	2.546655921614681617e+01	2.448484324027914738e+01	3.046512670633051556e+01	2.700552018070951021e+01	2.278971618415664224e+01	2.067262740535602106e+01	2.594397942986282501e+01	2.322408528453759047e+01	2.913233037016462390e+01	2.391234544282817254e+01	2.676935254286421184e+01	2.763202371577470728e+01
2.297740671656386624e+01	1.820849750192440197e+01	2.247050054108448336e+01	0.000000000000000000e+00	2.053764228106137324e+01	1.969294845690766849e+01	2.047073282353430201e+01	2.195049873636191151e+01	1.702546979844374775e+01	1.952210600180500322e+01	2.584345793050975004e+01	1.790883931808351193e+01	2.027049628102064815e+01	1.713980389643925406e+01	2.110349287069109181e+01	1.768176412992073665e+01	1.822193462199517100e+01	2.021556899602263968e+01	1.955081372991434918e+01	2.186690610686022040e+01
2.525799638591961482e+01	2.232101488916387311e+01	2.802512456031608679e+01	2.053764228106137324e+01	0.000000000000000000e+00	2.860844746629850022e+01	2.064361944804429783e+01	2.856257556360676375e+01	2.196806120891571368e+01	2.071860089853815978e+01	3.186698107281009840e+01	2.471547285584949094e+01	2.575328673633138621e+01	1.968940408381812546e+01	2.856170856419003101e+01	2.206931750302467421e+01	2.806544708559820478e+01	2.428101925369734815e+01	2.499418207098324274e+01	2.757887410436368825e+01
2.664503530973278345e+01	2.326290110171630943e+01	2.627538479278149097e+01	1.969294845690766849e+01	2.860844746629850022e+01	0.000000000000000000e+00	2.354338784788525984e+01	2.884375313546608055e+01	2.207075408422101503e+01	2.580879508993732330e+01	2.702275965219473974e+01	2.620666019622477450e+01	2.442396660442748768e+01	2.214833907123799506e+01	2.735264680606951870e+01	1.959362778631849977e+01	2.515298846921013265e+01	2.400013961072433588e+01	2.305658374977442904e+01	2.741580403396711318e+01
2.197991519547121797e+01	1.865289418143478173e+01	2.350740005126566601e+01	2.047073282353430201e+01	2.064361944804429783e+01	2.354338784788525984e+01	0.000000000000000000e+00	2.267092770910750943e+01	1.762529234305282699e+01	2.175170214861823226e+01	2.713811045706765412e+01	2.341751323444836075e+01	2.163312532880456018e+01	1.850886941369186545e+01	2.272955490807240508e+01	1.712494874152254098e+01	2.453143385121941478e+01	2.025047106672606745e+01	2.043501561730244731e+01	2.026313151524108847e+01
2.625402045361787273e+01	2.418244471269174412e+01	2.757062005091650292e+01	2.195049873636191151e+01	2.856257556360676375e+01	2.884375313546608055e+01	2.267092770910750943e+01	0.000000000000000000e+00	2.128110734196258491e+01	2.501238390377603338e+01	2.989106994827028174e+01	2.343684035303644819e+01	2.458570101391194740e+01	2.124525037579958564e+01	2.836484252345709223e+01	2.441173636496920807e+01	2.640855197055409675e+01	2.195843528031166159e+01	2.341495402257794467e+01	2.459926939921791345e+01
2.233027024324708876e+01	2.030418526180073258e+01	2.546655921614681617e+01	1.702546979844374775e+01	2.196806120891571368e+01	2.207075408422101503e+01	1.762529234305282699e+01	2.128110734196258491e+01	0.000000000000000000e+00	2.220207630821714773e+01	2.529764842325007024e+01	2.135911639368246995e+01	2.211621467762277504e+01	1.864311822281324282e+01	2.062524077131896050e+01	1.935384617207862590e+01	2.405231712477381123e+01	2.075543337621352080e+01	2.029915209597718473e+01	2.253259503163305411e+01
2.263423006358035749e+01	2.491025017715463008e+01	2.448484324027914738e+01	1.952210600180500322e+01	2.071860089853815978e+01	2.580879508993732330e+01	2.175170214861823226e+01	2.501238390377603338e+01	2.220207630821714773e+01	0.000000000000000000e+00	2.512837638872894885e+01	2.308037853425047459e+01	2.270423827460608024e+01	2.103832618212401684e+01	2.411382772259690910e+01	2.211876741890069553e+01	2.402948368994461958e+01	2.211747824023449027e+01	2.238894574246181080e+01	2.407472932309050151e+01
2.997401770994765258e+01	2.404275155767430405e+01	3.046512670633051556e+01	2.584345793050975004e+01	3.186698107281009840e+01	2.702275965219473974e+01	2.713811045706765412e+01	2.989106994827028174e+01	2.529764842325007024e+01	2.512837638872894885e+01	0.000000000000000000e+00	3.036976883861255772e+01	2.793567560542217620e+01	2.373699192867265495e+01	2.920471915409485675e+01	2.484980010388476401e+01	3.110775560835282150e+01	2.844080885607395004e+01	2.516280270351931492e+01	3.237628359308234849e+01
2.472542317346800900e+01	2.271105984142432277e+01	2.700552018070951021e+01	1.790883931808351193e+01	2.471547285584949094e+01	2.620666019622477450e+01	2.341751323444836075e+01	2.343684035303644819e+01	2.135911639368246995e+01	2.308037853425047459e+01	3.036976883861255772e+01	0.000000000000000000e+00	2.272278890127293849e+01	1.911942212577066869e+01	2.473468730095228096e+01	1.908553491130137658e+01	2.484497464838802117e+01	2.126440197424233247e+01	2.339453639299313181e+01	2.269603025163052479e+01
2.303482984240866926e+01	1.886888887511300084e+01	2.278971618415664224e+01	2.027049628102064815e+01	2.575328673633138621e+01	2.442396660442748768e+01	2.163312532880456018e+01	2.458570101391194740e+01	2.211621467762277504e+01	2.270423827460608024e+01	2.793567560542217620e+01	2.272278890127293849e+01	0.000000000000000000e+00	2.032350410488631809e+01	2.322467137077013888e+01	2.183680238897355963e+01	2.489958584018104659e+01	2.288263136199111969e+01	2.170126159369359087e+01	2.546039988535924437e+01
2.034577875606765573e+01	2.004523678557912447e+01	2.067262740535602106e+01	1.713980389643925406e+01	1.968940408381812546e+01	2.214833907123799506e+01	1.850886941369186545e+01	2.124525037579958564e+01	1.864311822281324282e+01	2.103832618212401684e+01	2.373699192867265495e+01	1.911942212577066869e+01	2.032350410488631809e+01	0.000000000000000000e+00	2.278219268834615363e+01	1.765227972041577331e+01	2.380334894973070803e+01	2.120134243135110452e+01	1.932498905073658335e+01	1.942662379413890505e+01
2.791424580118947674e+01	2.036356699973246265e+01	2.594397942986282501e+01	2.110349287069109181e+01	2.856170856419003101e+01	2.735264680606951870e+01	2.272955490807240508e+01	2.836484252345709223e+01	2.062524077131896050e+01	2.411382772259690910e+01	2.920471915409485675e+01	2.473468730095228096e+01	2.322467137077013888e+01	2.278219268834615363e+01	0.000000000000000000e+00	2.172326083637627292e+01	2.546037620339543750e+01	2.408739996559182117e+01	2.385794647391171708e+01	2.542786883482268578e+01
2.108199013205894090e+01	1.691818892513150985e+01	2.322408528453759047e+01	1.768176412992073665e+01	2.206931750302467421e+01	1.959362778631849977e+01	1.712494874152254098e+01	2.441173636496920807e+01	1.935384617207862590e+01	2.211876741890069553e+01	2.484980010388476401e+01	1.908553491130137658e+01	2.183680238897355963e+01	1.765227972041577331e+01	2.172326083637627292e+01	0.000000000000000000e+00	2.418407521997449194e+01	1.877724687000129578e+01	1.823815083544659643e+01	2.035399317663911489e+01
2.650116821033405401e+01	2.534301628550239727e+01	2.913233037016462390e+01	1.822193462199517100e+01	2.806544708559820478e+01	2.515298846921013265e+01	2.453143385121941478e+01	2.640855197055409675e+01	2.405231712477381123e+01	2.402948368994461958e+01	3.110775560835282150e+01	2.484497464838802117e+01	2.489958584018104659e+01	2.380334894973070803e+01	2.546037620339543750e+01	2.418407521997449194e+01	0.000000000000000000e+00	2.597218887914219465e+01	2.562177086090159861e+01	2.902755384574575714e+01
2.421470853813420021e+01	2.174260346745262495e+01	2.391234544282817254e+01	2.021556899602263968e+01	2.428101925369734815e+01	2.400013961072433588e+01	2.025047106672606745e+01	2.195843528031166159e+01	2.075543337621352080e+01	2.211747824023449027e+01	2.844080885607395004e+01	2.126440197424233247e+01	2.288263136199111969e+01	2.120134243135110452e+01	2.408739996559182117e+01	1.877724687000129578e+01	2.597218887914219465e+01	0.000000000000000000e+00	1.949344314223688102e+01	2.516386466870805450e+01
2.410008677048059766e+01	2.073023040105765347e+01	2.676935254286421184e+01	1.955081372991434918e+01	2.499418207098324274e+01	2.305658374977442904e+01	2.043501561730244731e+01	2.341495402257794467e+01	2.029915209597718473e+01	2.238894574246181080e+01	2.516280270351931492e+01	2.339453639299313181e+01	2.170126159369359087e+01	1.932498905073658335e+01	2.385794647391171708e+01	1.823815083544659643e+01	2.562177086090159861e+01	1.949344314223688102e+01	0.000000000000000000e+00	2.397578760877156867e+01
2.694504179031073221e+01	2.019713061137378673e+01	2.763202371577470728e+01	2.186690610686022040e+01	2.757887410436368825e+01	2.741580403396711318e+01	2.026313151524108847e+01	2.459926939921791345e+01	2.253259503163305411e+01	2.407472932309050151e+01	3.237628359308234849e+01	2.269603025163052479e+01	2.546039988535924437e+01	1.942662379413890505e+01	2.542786883482268578e+01	2.035399317663911489e+01	2.902755384574575714e+01	2.516386466870805450e+01	2.397578760877156867e+01	0.000000000000000000e+00
