0.000000000000000000e+00	3.310236700443758195e+01	2.578753621521008554e+01	1.941843659810665557e+01	3.124746731176676207e+01	3.446654497767828218e+01	1.611115932226401881e+01	1.615136132902630450e+01	1.568989386248269469e+01	2.346547768118200494e+01	1.785086307262132621e+01	3.368261756651545369e+01	2.368149021314377123e+01	1.634557335586333693e+01	2.352408118958183181e+01	1.269035532994923798e+01	2.113605854649890503e+01	1.767137224709433241e+01	1.889100502250819957e+01	2.133395087366344711e+01
3.310236700443758195e+01	0.000000000000000000e+00	3.029972506515655084e+01	4.257043195920161338e+01	2.403311126354274307e+01	4.118117372543785137e+01	2.531502784768394676e+01	2.506589261277459713e+01	1.939635479614160118e+01	2.757019358486971683e+01	2.536259045510125176e+01	2.825964317214508270e+01	3.623283802116861807e+01	2.229708781351294533e+01	3.441641055761425605e+01	1.522842639593908487e+01	2.937679013206933476e+01	2.507325321342961644e+01	4.031606731187420678e+01	2.979805559185065889e+01
2.578753621521008554e+01	3.029972506515655084e+01	0.000000000000000000e+00	2.178437743922452796e+01	2.421996268972475619e+01	2.391958454707059545e+01	2.907273168908766792e+01	2.331146766110725466e+01	3.440623779261473203e+01	2.738427084647516807e+01	2.900794311383824819e+01	2.871202026038784894e+01	2.981617579664788309e+01	2.050982145573834003e+01	3.074279103006261238e+01	1.546284042953839766e+01	2.576913471357254082e+01	4.319063768202381226e+01	2.629656628917099326e+01	2.381341843125346713e+01
1.941843659810665557e+01	4.257043195920161338e+01	2.178437743922452796e+01	0.000000000000000000e+00	1.779593986454900900e+01	1.680336052207943354e+01	1.476695892939547683e+01	1.911069785479747551e+01	1.292108906322104289e+01	2.310281572980050768e+01	1.564601155539290289e+01	3.201781460460263418e+01	2.180617794434926537e+01	1.414440213896241971e+01	2.192023280367969562e+01	8.998615597600368332e+00	1.796070948876596773e+01	1.499769266266728174e+01	1.657262678880762863e+01	2.703661139324402995e+01
3.124746731176676207e+01	2.403311126354274307e+01	2.421996268972475619e+01	1.779593986454900900e+01	0.000000000000000000e+00	2.132659027300842780e+01	1.755416523029467513e+01	1.737835470509518743e+01	1.413336123797989252e+01	2.400763045809049601e+01	2.170171550519585324e+01	2.622720317662895795e+01	2.425648439615952867e+01	1.453622519612367192e+01	2.421260208906973688e+01	1.476695892939547683e+01	1.754680462963965937e+01	2.312489753176556206e+01	1.771893485451163386e+01	2.127166706493610704e+01
3.446654497767828218e+01	4.118117372543785137e+01	2.391958454707059545e+01	1.680336052207943354e+01	2.132659027300842780e+01	0.000000000000000000e+00	2.347283828183702070e+01	1.967833143715821365e+01	1.883608181443587881e+01	2.386466133899827469e+01	1.940371539679661694e+01	2.448353782910382037e+01	4.036347622038029925e+01	1.534931371306625181e+01	2.408803447161506028e+01	1.512594058044946443e+01	2.413927737935987139e+01	2.292332490427351033e+01	2.154996340562521340e+01	1.922422457126962314e+01
1.611115932226401881e+01	2.531502784768394676e+01	2.907273168908766792e+01	1.476695892939547683e+01	1.755416523029467513e+01	2.347283828183702070e+01	0.000000000000000000e+00	2.466302865463081773e+01	4.278344603260537582e+01	3.783910452080626641e+01	1.982130055625043497e+01	2.176597593758698324e+01	2.932211377001497965e+01	1.269035532994923798e+01	2.246553773805741017e+01	2.394902694969066914e+01	2.003731308821220480e+01	2.061230727122795869e+01	2.758216317363971015e+01	1.852466277079919266e+01
1.615136132902630450e+01	2.506589261277459713e+01	2.331146766110725466e+01	1.911069785479747551e+01	1.737835470509518743e+01	1.967833143715821365e+01	2.466302865463081773e+01	0.000000000000000000e+00	2.021312361341168895e+01	2.407331327030502521e+01	2.525642433928412345e+01	2.112501764551637606e+01	3.884862853426763252e+01	2.018028220730442612e+01	2.605479165491666294e+01	2.156836490726275812e+01	2.031560942890131116e+01	2.216883989573076263e+01	2.175493503660445427e+01	2.835146253059925314e+01
1.568989386248269469e+01	1.939635479614160118e+01	3.440623779261473203e+01	1.292108906322104289e+01	1.413336123797989252e+01	1.883608181443587881e+01	4.278344603260537582e+01	2.021312361341168895e+01	0.000000000000000000e+00	2.356428319634411750e+01	1.864555008792635959e+01	1.731607089636785446e+01	2.284631989423613518e+01	1.321042630489267644e+01	2.048773965377328565e+01	2.466355679748910390e+01	1.545916012921088978e+01	2.275119467940153584e+01	2.055370376282813183e+01	1.684356252884171568e+01
2.346547768118200494e+01	2.757019358486971683e+01	2.738427084647516807e+01	2.310281572980050768e+01	2.400763045809049601e+01	2.386466133899827469e+01	3.783910452080626641e+01	2.407331327030502521e+01	2.356428319634411750e+01	0.000000000000000000e+00	1.963076882974091220e+01	3.483996653320198789e+01	3.568360594044542466e+01	2.055002346250062217e+01	3.586028460162791731e+01	1.905209434639764865e+01	2.275487497972904549e+01	2.177333653824199899e+01	2.810959474923816614e+01	2.887035797173725626e+01
1.785086307262132621e+01	2.536259045510125176e+01	2.900794311383824819e+01	1.564601155539290289e+01	2.170171550519585324e+01	1.940371539679661694e+01	1.982130055625043497e+01	2.525642433928412345e+01	1.864555008792635959e+01	1.963076882974091220e+01	0.000000000000000000e+00	1.754312432931214616e+01	2.936574923108680579e+01	1.501977446463233612e+01	1.933775128774177077e+01	1.907049584803519338e+01	2.150608109853542516e+01	4.284269693195234652e+01	2.003731308821220480e+01	1.906681554770768372e+01
3.368261756651545369e+01	2.825964317214508270e+01	2.871202026038784894e+01	3.201781460460263418e+01	2.622720317662895795e+01	2.448353782910382037e+01	2.176597593758698324e+01	2.112501764551637606e+01	1.731607089636785446e+01	3.483996653320198789e+01	1.754312432931214616e+01	0.000000000000000000e+00	2.563352619513533526e+01	1.586570438768218061e+01	2.594862553909953462e+01	1.568989386248269469e+01	1.915089986155975765e+01	1.911437815512498872e+01	2.124222466231603690e+01	2.480967807405054870e+01
2.368149021314377123e+01	3.623283802116861807e+01	2.981617579664788309e+01	2.180617794434926537e+01	2.425648439615952867e+01	4.036347622038029925e+01	2.932211377001497965e+01	3.884862853426763252e+01	2.284631989423613518e+01	3.568360594044542466e+01	2.936574923108680579e+01	2.563352619513533526e+01	0.000000000000000000e+00	2.472531246335815425e+01	4.270934633401925140e+01	1.986518286334022676e+01	4.079618312607333053e+01	2.889692116388818022e+01	3.574480736247408430e+01	2.761868488007448263e+01
1.634557335586333693e+01	2.229708781351294533e+01	2.050982145573834003e+01	1.414440213896241971e+01	1.453622519612367192e+01	1.534931371306625181e+01	1.269035532994923798e+01	2.018028220730442612e+01	1.321042630489267644e+01	2.055002346250062217e+01	1.501977446463233612e+01	1.586570438768218061e+01	2.472531246335815425e+01	0.000000000000000000e+00	2.226056610707816930e+01	1.293212996420357008e+01	1.922790487159713280e+01	1.430917176317937667e+01	1.594270939771955398e+01	1.705617605731629638e+01
2.352408118958183181e+01	3.441641055761425605e+01	3.074279103006261238e+01	2.192023280367969562e+01	2.421260208906973688e+01	2.408803447161506028e+01	2.246553773805741017e+01	2.605479165491666294e+01	2.048773965377328565e+01	3.586028460162791731e+01	1.933775128774177077e+01	2.594862553909953462e+01	4.270934633401925140e+01	2.226056610707816930e+01	0.000000000000000000e+00	1.430549146285186879e+01	3.252331807714724476e+01	2.500728910437477026e+01	2.712069570709610389e+01	3.168301897710659176e+01
1.269035532994923798e+01	1.522842639593908487e+01	1.546284042953839766e+01	8.998615597600368332e+00	1.476695892939547683e+01	1.512594058044946443e+01	2.394902694969066914e+01	2.156836490726275812e+01	2.466355679748910390e+01	1.905209434639764865e+01	1.907049584803519338e+01	1.568989386248269469e+01	1.986518286334022676e+01	1.293212996420357008e+01	1.430549146285186879e+01	0.000000000000000000e+00	1.384402399630825897e+01	1.615136132902630450e+01	1.500873356364981070e+01	1.455094639743371054e+01
2.113605854649890503e+01	2.937679013206933476e+01	2.576913471357254082e+01	1.796070948876596773e+01	1.754680462963965937e+01	2.413927737935987139e+01	2.003731308821220480e+01	2.031560942890131116e+01	1.545916012921088978e+01	2.275487497972904549e+01	2.150608109853542516e+01	1.915089986155975765e+01	4.079618312607333053e+01	1.922790487159713280e+01	3.252331807714724476e+01	1.384402399630825897e+01	0.000000000000000000e+00	2.927965384274858707e+01	2.445069642299656110e+01	2.033033063021134268e+01
1.767137224709433241e+01	2.507325321342961644e+01	4.319063768202381226e+01	1.499769266266728174e+01	2.312489753176556206e+01	2.292332490427351033e+01	2.061230727122795869e+01	2.216883989573076263e+01	2.275119467940153584e+01	2.177333653824199899e+01	4.284269693195234652e+01	1.911437815512498872e+01	2.889692116388818022e+01	1.430917176317937667e+01	2.500728910437477026e+01	1.615136132902630450e+01	2.927965384274858707e+01	0.000000000000000000e+00	2.043281644570096489e+01	1.823164522880005123e+01
1.889100502250819957e+01	4.031606731187420678e+01	2.629656628917099326e+01	1.657262678880762863e+01	1.771893485451163386e+01	2.154996340562521340e+01	2.758216317363971015e+01	2.175493503660445427e+01	2.055370376282813183e+01	2.810959474923816614e+01	2.003731308821220480e+01	2.124222466231603690e+01	3.574480736247408430e+01	1.594270939771955398e+01	2.712069570709610389e+01	1.500873356364981070e+01	2.445069642299656110e+01	2.043281644570096489e+01	0.000000000000000000e+00	2.215347130347358018e+01
2.133395087366344711e+01	2.979805559185065889e+01	2.381341843125346713e+01	2.703661139324402995e+01	2.127166706493610704e+01	1.922422457126962314e+01	1.852466277079919266e+01	2.835146253059925314e+01	1.684356252884171568e+01	2.887035797173725626e+01	1.906681554770768372e+01	2.480967807405054870e+01	2.761868488007448263e+01	1.705617605731629638e+01	3.168301897710659176e+01	1.455094639743371054e+01	2.033033063021134268e+01	1.823164522880005123e+01	2.215347130347358018e+01	0.000000000000000000e+00
