0.000000000000000000e+00	2.332699024908545482e+01	2.867385642129915979e+01	2.232835867897805215e+01	2.493429295830562964e+01	2.577589840569768143e+01	2.419628761160349129e+01	2.513810288267760740e+01	2.211379070233630628e+01	2.051005000427995739e+01	2.534302261471977502e+01	1.915617494154491141e+01	2.627425096534141247e+01	1.804853344441616869e+01	2.350971808826742659e+01	1.907391818538275530e+01	2.261438269842066973e+01	2.380133793873559256e+01	2.513840703879506933e+01	2.224070053399798752e+01
2.332699024908545482e+01	0.000000000000000000e+00	2.521549528671098983e+01	2.304302874079786179e+01	2.433625622124709054e+01	2.660424247528545649e+01	2.423560346594911863e+01	2.428594829829983581e+01	2.218733674492213837e+01	2.102788054427322706e+01	2.478991447407360482e+01	2.125909078699413612e+01	2.716516075196029689e+01	1.932808711195437823e+01	2.854006525433256058e+01	2.283761482566150747e+01	2.420741655991307795e+01	2.340731284863885975e+01	2.442234760426217477e+01	2.425659151730867436e+01
2.867385642129915979e+01	2.521549528671098983e+01	0.000000000000000000e+00	2.672956402528728503e+01	2.679678982718640867e+01	3.018518898460114386e+01	2.770385968986051139e+01	2.963645745068143711e+01	2.684769351235412671e+01	2.465888425120279237e+01	3.012491066619295665e+01	2.561461098071106690e+01	3.031989414225985868e+01	2.146356398011923261e+01	3.016721595827522151e+01	2.161107766433227795e+01	2.714440803131174107e+01	2.618705943783490753e+01	2.732508174914735832e+01	2.918569410022211841e+01
2.232835867897805215e+01	2.304302874079786179e+01	2.672956402528728503e+01	0.000000000000000000e+00	2.459646244040420626e+01	2.417643221368851769e+01	2.342156935462836032e+01	2.223270680230715257e+01	2.296322953836802938e+01	1.843428258931305308e+01	2.771125749439219632e+01	2.103804984299817349e+01	2.399522100397711455e+01	2.051004858949429632e+01	2.360890699901117884e+01	2.335706297771003648e+01	2.159551399263492755e+01	2.560105870793297811e+01	2.530828047892353183e+01	2.554799521952287478e+01
2.493429295830562964e+01	2.433625622124709054e+01	2.679678982718640867e+01	2.459646244040420626e+01	0.000000000000000000e+00	2.705796041926920736e+01	2.410693535105546559e+01	2.299944520690509009e+01	2.311203685676905906e+01	2.089746215177183331e+01	2.671869421054686100e+01	2.103724602272796673e+01	2.970623045010993835e+01	2.076953627716986261e+01	2.544169689223330622e+01	2.403503715449141964e+01	2.433233008944584341e+01	2.272159295320767569e+01	2.850577955678231135e+01	2.472910029737536775e+01
2.577589840569768143e+01	2.660424247528545649e+01	3.018518898460114386e+01	2.417643221368851769e+01	2.705796041926920736e+01	0.000000000000000000e+00	2.576735509443441785e+01	2.599275594363851383e+01	2.347179634467902076e+01	2.160885476731758814e+01	2.632553061857308307e+01	2.096455230314457552e+01	2.781873290534840848e+01	2.204984195925893786e+01	2.655129009010439489e+01	2.044868394708609571e+01	2.126536878282466958e+01	2.332383270185704305e+01	2.696709319986790021e+01	2.719969721112127203e+01
2.419628761160349129e+01	2.423560346594911863e+01	2.770385968986051139e+01	2.342156935462836032e+01	2.410693535105546559e+01	2.576735509443441785e+01	0.000000000000000000e+00	2.381781667059623686e+01	2.264012049188089293e+01	2.038492355476629214e+01	2.437759981101489259e+01	2.038137398858149396e+01	2.366379820897298103e+01	1.713442205413235797e+01	2.665594901778618464e+01	1.952279710624684128e+01	2.147248472074879189e+01	2.095375895498149887e+01	2.413112537625633891e+01	2.478980568924755801e+01
2.513810288267760740e+01	2.428594829829983581e+01	2.963645745068143711e+01	2.223270680230715257e+01	2.299944520690509009e+01	2.599275594363851383e+01	2.381781667059623686e+01	0.000000000000000000e+00	2.261306776720408607e+01	1.911270247000037870e+01	2.661942278261427575e+01	2.325656183976985147e+01	2.574067951935900567e+01	1.924053514058561376e+01	2.673541604534861804e+01	2.263537137528170362e+01	2.351996397073569511e+01	2.192195103886567864e+01	2.521207731201811342e+01	2.786072011036946705e+01
2.211379070233630628e+01	2.218733674492213837e+01	2.684769351235412671e+01	2.296322953836802938e+01	2.311203685676905906e+01	2.347179634467902076e+01	2.264012049188089293e+01	2.261306776720408607e+01	0.000000000000000000e+00	1.922501010733651228e+01	2.396370854533936168e+01	1.978945132703980292e+01	2.442907313141344972e+01	1.741051318414621107e+01	2.597844171807358293e+01	1.936334049440790395e+01	2.015269693463771006e+01	2.258385431641713481e+01	2.340963296585267628e+01	2.406437778232367464e+01
2.051005000427995739e+01	2.102788054427322706e+01	2.465888425120279237e+01	1.843428258931305308e+01	2.089746215177183331e+01	2.160885476731758814e+01	2.038492355476629214e+01	1.911270247000037870e+01	1.922501010733651228e+01	0.000000000000000000e+00	2.038280832875040005e+01	1.977747936157618724e+01	2.053581385881225785e+01	1.603776795562340141e+01	2.282670967598253853e+01	1.699401939179030308e+01	2.005090790811753010e+01	2.388787852849930715e+01	2.063163484550408100e+01	2.009793628208943872e+01
2.534302261471977502e+01	2.478991447407360482e+01	3.012491066619295665e+01	2.771125749439219632e+01	2.671869421054686100e+01	2.632553061857308307e+01	2.437759981101489259e+01	2.661942278261427575e+01	2.396370854533936168e+01	2.038280832875040005e+01	0.000000000000000000e+00	2.549493744922871485e+01	2.753275096695209356e+01	2.035498859461237231e+01	2.794076770790735509e+01	2.293078200172202941e+01	2.428229441079673023e+01	2.408409321204824138e+01	2.733174543632870623e+01	2.759436013418949685e+01
1.915617494154491141e+01	2.125909078699413612e+01	2.561461098071106690e+01	2.103804984299817349e+01	2.103724602272796673e+01	2.096455230314457552e+01	2.038137398858149396e+01	2.325656183976985147e+01	1.978945132703980292e+01	1.977747936157618724e+01	2.549493744922871485e+01	0.000000000000000000e+00	2.230176044880256114e+01	1.706185889093341146e+01	2.214201737910998347e+01	2.087200314465301787e+01	2.140081019548442498e+01	1.989024271303980740e+01	2.233775815076064575e+01	2.671198663223258762e+01
2.627425096534141247e+01	2.716516075196029689e+01	3.031989414225985868e+01	2.399522100397711455e+01	2.970623045010993835e+01	2.781873290534840848e+01	2.366379820897298103e+01	2.574067951935900567e+01	2.442907313141344972e+01	2.053581385881225785e+01	2.753275096695209356e+01	2.230176044880256114e+01	0.000000000000000000e+00	2.157665572526423858e+01	2.753677649201580735e+01	2.200197232929082958e+01	2.498721497316734030e+01	2.406090996725059128e+01	2.636301838615966631e+01	2.610991504717400247e+01
1.804853344441616869e+01	1.932808711195437823e+01	2.146356398011923261e+01	2.051004858949429632e+01	2.076953627716986261e+01	2.204984195925893786e+01	1.713442205413235797e+01	1.924053514058561376e+01	1.741051318414621107e+01	1.603776795562340141e+01	2.035498859461237231e+01	1.706185889093341146e+01	2.157665572526423858e+01	0.000000000000000000e+00	2.101425133946521839e+01	1.829932889397522899e+01	1.740706172053298673e+01	1.963328601686980690e+01	2.036384020331201938e+01	1.948446022106833908e+01
2.350971808826742659e+01	2.854006525433256058e+01	3.016721595827522151e+01	2.360890699901117884e+01	2.544169689223330622e+01	2.655129009010439489e+01	2.665594901778618464e+01	2.673541604534861804e+01	2.597844171807358293e+01	2.282670967598253853e+01	2.794076770790735509e+01	2.214201737910998347e+01	2.753677649201580735e+01	2.101425133946521839e+01	0.000000000000000000e+00	1.983703409212324331e+01	2.389040468975125009e+01	2.592102130927537118e+01	2.579309469942112187e+01	2.604940425005784377e+01
1.907391818538275530e+01	2.283761482566150747e+01	2.161107766433227795e+01	2.335706297771003648e+01	2.403503715449141964e+01	2.044868394708609571e+01	1.952279710624684128e+01	2.263537137528170362e+01	1.936334049440790395e+01	1.699401939179030308e+01	2.293078200172202941e+01	2.087200314465301787e+01	2.200197232929082958e+01	1.829932889397522899e+01	1.983703409212324331e+01	0.000000000000000000e+00	1.966123715541469608e+01	1.812167037190409502e+01	2.252482591060343253e+01	2.346241278071346770e+01
2.261438269842066973e+01	2.420741655991307795e+01	2.714440803131174107e+01	2.159551399263492755e+01	2.433233008944584341e+01	2.126536878282466958e+01	2.147248472074879189e+01	2.351996397073569511e+01	2.015269693463771006e+01	2.005090790811753010e+01	2.428229441079673023e+01	2.140081019548442498e+01	2.498721497316734030e+01	1.740706172053298673e+01	2.389040468975125009e+01	1.966123715541469608e+01	0.000000000000000000e+00	2.293829732386875619e+01	2.574808334724236758e+01	2.381829393953776020e+01
2.380133793873559256e+01	2.340731284863885975e+01	2.618705943783490753e+01	2.560105870793297811e+01	2.272159295320767569e+01	2.332383270185704305e+01	2.095375895498149887e+01	2.192195103886567864e+01	2.258385431641713481e+01	2.388787852849930715e+01	2.408409321204824138e+01	1.989024271303980740e+01	2.406090996725059128e+01	1.963328601686980690e+01	2.592102130927537118e+01	1.812167037190409502e+01	2.293829732386875619e+01	0.000000000000000000e+00	2.374653348090624405e+01	2.375368880525859439e+01
2.513840703879506933e+01	2.442234760426217477e+01	2.732508174914735832e+01	2.530828047892353183e+01	2.850577955678231135e+01	2.696709319986790021e+01	2.413112537625633891e+01	2.521207731201811342e+01	2.340963296585267628e+01	2.063163484550408100e+01	2.733174543632870623e+01	2.233775815076064575e+01	2.636301838615966631e+01	2.036384020331201938e+01	2.579309469942112187e+01	2.252482591060343253e+01	2.574808334724236758e+01	2.374653348090624405e+01	0.000000000000000000e+00	2.776490093653357860e+01
2.224070053399798752e+01	2.425659151730867436e+01	2.918569410022211841e+01	2.554799521952287478e+01	2.472910029737536775e+01	2.719969721112127203e+01	2.478980568924755801e+01	2.786072011036946705e+01	2.406437778232367464e+01	2.009793628208943872e+01	2.759436013418949685e+01	2.671198663223258762e+01	2.610991504717400247e+01	1.948446022106833908e+01	2.604940425005784377e+01	2.346241278071346770e+01	2.381829393953776020e+01	2.375368880525859439e+01	2.776490093653357860e+01	0.000000000000000000e+00
