0.000000000000000000e+00	2.392567654071184791e+01	2.877575669472132702e+01	2.138243410651075038e+01	2.409463138638793822e+01	2.700890481350150907e+01	2.374953930761756382e+01	2.511693718354315408e+01	2.314339094723736778e+01	2.092159759109809158e+01	2.695564596713038696e+01	1.894555559520150112e+01	2.679569068676024557e+01	1.740465178731872697e+01	2.412802930686193648e+01	1.930089479649862483e+01	2.268406261052975026e+01	2.427125946476789053e+01	2.465643757495481125e+01	2.223003669728985088e+01
2.392567654071184791e+01	0.000000000000000000e+00	2.446772593615187930e+01	2.211802951853378829e+01	2.347820592269757967e+01	2.554343366024299655e+01	2.314955188586933232e+01	2.309500792402038982e+01	2.183668298488388970e+01	2.133881370857258020e+01	2.493998200725967607e+01	2.105535948532289225e+01	2.672785734053024953e+01	1.822435941142568083e+01	2.886645288497749817e+01	2.197289456239263927e+01	2.413375176311773274e+01	2.368211174411676012e+01	2.450147737453954733e+01	2.420963313347671431e+01
2.877575669472132702e+01	2.446772593615187930e+01	0.000000000000000000e+00	2.600025125045101149e+01	2.665361408799683929e+01	2.983039369071204305e+01	2.668716263501991648e+01	2.938835942049704997e+01	2.685826768582937518e+01	2.579341108897088120e+01	2.965464096683550466e+01	2.492912741038194113e+01	3.155715908458823904e+01	2.095998171564404089e+01	2.984170296358335861e+01	2.155594512532778140e+01	2.740923417329915068e+01	2.718338226927615153e+01	2.736350099890134402e+01	2.900918705109908657e+01
2.138243410651075038e+01	2.211802951853378829e+01	2.600025125045101149e+01	0.000000000000000000e+00	2.307135993454597056e+01	2.400354430918320858e+01	2.223474469672266807e+01	2.143519534388276426e+01	2.258835437139624958e+01	1.798609347752503851e+01	2.690285882531414430e+01	1.992301509669183446e+01	2.473134108222065208e+01	1.912716987765340448e+01	2.348229372380709989e+01	2.166032158691356457e+01	2.155396501381804697e+01	2.580592947986860608e+01	2.468076955179755672e+01	2.454368261978538968e+01
2.409463138638793822e+01	2.347820592269757967e+01	2.665361408799683929e+01	2.307135993454597056e+01	0.000000000000000000e+00	2.746639884509355412e+01	2.371851575715297855e+01	2.254997024685029672e+01	2.334397445669856097e+01	2.114255012855319293e+01	2.676644435644079678e+01	2.075751112068583737e+01	3.015394546960778399e+01	1.911633017655631051e+01	2.543836974860960254e+01	2.323722362510336126e+01	2.413995877805655255e+01	2.284965962067752088e+01	2.739458487573166323e+01	2.524948205592415462e+01
2.700890481350150907e+01	2.554343366024299655e+01	2.983039369071204305e+01	2.400354430918320858e+01	2.746639884509355412e+01	0.000000000000000000e+00	2.541424066313145147e+01	2.509321388079419890e+01	2.442107004007284488e+01	2.254144112671758649e+01	2.676110640940274266e+01	2.118468006052449937e+01	2.850943888099681089e+01	2.024628867094844509e+01	2.652470275820371626e+01	2.083181816226427330e+01	2.168394746096682724e+01	2.516788137261070446e+01	2.715516538268847668e+01	2.736527821904647695e+01
2.374953930761756382e+01	2.314955188586933232e+01	2.668716263501991648e+01	2.223474469672266807e+01	2.371851575715297855e+01	2.541424066313145147e+01	0.000000000000000000e+00	2.332452413368553934e+01	2.349877978561460523e+01	2.072513111971410993e+01	2.356697089470841533e+01	2.011205720494942284e+01	2.394157598420786570e+01	1.599552976215102440e+01	2.667443853580005353e+01	1.988703337938018834e+01	2.074728009368252657e+01	2.087586441670028492e+01	2.404601623483867812e+01	2.444668171918977251e+01
2.511693718354315408e+01	2.309500792402038982e+01	2.938835942049704997e+01	2.143519534388276426e+01	2.254997024685029672e+01	2.509321388079419890e+01	2.332452413368553934e+01	0.000000000000000000e+00	2.264448875754916912e+01	2.008682336246495836e+01	2.690903304251200723e+01	2.310916799351694806e+01	2.551847802239766594e+01	1.824630549402950308e+01	2.595723443974678446e+01	2.251997614011749604e+01	2.302764414956461891e+01	2.303879508129160669e+01	2.523167225022230298e+01	2.881302783209978813e+01
2.314339094723736778e+01	2.183668298488388970e+01	2.685826768582937518e+01	2.258835437139624958e+01	2.334397445669856097e+01	2.442107004007284488e+01	2.349877978561460523e+01	2.264448875754916912e+01	0.000000000000000000e+00	1.999111512333145413e+01	2.423519744541583520e+01	2.056792648840995241e+01	2.474846379570798405e+01	1.618511675545737205e+01	2.546312249509033521e+01	1.921401852719954206e+01	2.064146840563577356e+01	2.360746270885415754e+01	2.347337034517470400e+01	2.460530895107656946e+01
2.092159759109809158e+01	2.133881370857258020e+01	2.579341108897088120e+01	1.798609347752503851e+01	2.114255012855319293e+01	2.254144112671758649e+01	2.072513111971410993e+01	2.008682336246495836e+01	1.999111512333145413e+01	0.000000000000000000e+00	2.101540103199640086e+01	2.043778046248998592e+01	2.254236103144126702e+01	1.542355633562586803e+01	2.391184855788468866e+01	1.723946055990015580e+01	2.099406362348636890e+01	2.434722197907698060e+01	2.133663070569825138e+01	2.177085565460784977e+01
2.695564596713038696e+01	2.493998200725967607e+01	2.965464096683550466e+01	2.690285882531414430e+01	2.676644435644079678e+01	2.676110640940274266e+01	2.356697089470841533e+01	2.690903304251200723e+01	2.423519744541583520e+01	2.101540103199640086e+01	0.000000000000000000e+00	2.550634219715916373e+01	2.721133247545419209e+01	1.927175994874579601e+01	2.791944216621356034e+01	2.295191686843400092e+01	2.384858410876794110e+01	2.428454884914894052e+01	2.816049977708232177e+01	2.788979005316491921e+01
1.894555559520150112e+01	2.105535948532289225e+01	2.492912741038194113e+01	1.992301509669183446e+01	2.075751112068583737e+01	2.118468006052449937e+01	2.011205720494942284e+01	2.310916799351694806e+01	2.056792648840995241e+01	2.043778046248998592e+01	2.550634219715916373e+01	0.000000000000000000e+00	2.321225137616867329e+01	1.602552386888382685e+01	2.189189940987165173e+01	2.077257772521202028e+01	2.150099538074964300e+01	2.039973833162819972e+01	2.205988231425834201e+01	2.562845282482847864e+01
2.679569068676024557e+01	2.672785734053024953e+01	3.155715908458823904e+01	2.473134108222065208e+01	3.015394546960778399e+01	2.850943888099681089e+01	2.394157598420786570e+01	2.551847802239766594e+01	2.474846379570798405e+01	2.254236103144126702e+01	2.721133247545419209e+01	2.321225137616867329e+01	0.000000000000000000e+00	2.109803430234295973e+01	2.826043491964491139e+01	2.217542894639587914e+01	2.681480679032320324e+01	2.569647753819356240e+01	2.688506433286487152e+01	2.740842260784076601e+01
1.740465178731872697e+01	1.822435941142568083e+01	2.095998171564404089e+01	1.912716987765340448e+01	1.911633017655631051e+01	2.024628867094844509e+01	1.599552976215102440e+01	1.824630549402950308e+01	1.618511675545737205e+01	1.542355633562586803e+01	1.927175994874579601e+01	1.602552386888382685e+01	2.109803430234295973e+01	0.000000000000000000e+00	1.956722241914393123e+01	1.766077600271366776e+01	1.680691115748985709e+01	1.933939040361119410e+01	1.947600776384913601e+01	1.833322945685017658e+01
2.412802930686193648e+01	2.886645288497749817e+01	2.984170296358335861e+01	2.348229372380709989e+01	2.543836974860960254e+01	2.652470275820371626e+01	2.667443853580005353e+01	2.595723443974678446e+01	2.546312249509033521e+01	2.391184855788468866e+01	2.791944216621356034e+01	2.189189940987165173e+01	2.826043491964491139e+01	1.956722241914393123e+01	0.000000000000000000e+00	1.995252810742090688e+01	2.428482653822215553e+01	2.753064582669134097e+01	2.692424891611164028e+01	2.705770032352227261e+01
1.930089479649862483e+01	2.197289456239263927e+01	2.155594512532778140e+01	2.166032158691356457e+01	2.323722362510336126e+01	2.083181816226427330e+01	1.988703337938018834e+01	2.251997614011749604e+01	1.921401852719954206e+01	1.723946055990015580e+01	2.295191686843400092e+01	2.077257772521202028e+01	2.217542894639587914e+01	1.766077600271366776e+01	1.995252810742090688e+01	0.000000000000000000e+00	2.016242306550551078e+01	1.773732983621146531e+01	2.181111867294477236e+01	2.365552941458139102e+01
2.268406261052975026e+01	2.413375176311773274e+01	2.740923417329915068e+01	2.155396501381804697e+01	2.413995877805655255e+01	2.168394746096682724e+01	2.074728009368252657e+01	2.302764414956461891e+01	2.064146840563577356e+01	2.099406362348636890e+01	2.384858410876794110e+01	2.150099538074964300e+01	2.681480679032320324e+01	1.680691115748985709e+01	2.428482653822215553e+01	2.016242306550551078e+01	0.000000000000000000e+00	2.463052058701172342e+01	2.634217297371110078e+01	2.412774763954351442e+01
2.427125946476789053e+01	2.368211174411676012e+01	2.718338226927615153e+01	2.580592947986860608e+01	2.284965962067752088e+01	2.516788137261070446e+01	2.087586441670028492e+01	2.303879508129160669e+01	2.360746270885415754e+01	2.434722197907698060e+01	2.428454884914894052e+01	2.039973833162819972e+01	2.569647753819356240e+01	1.933939040361119410e+01	2.753064582669134097e+01	1.773732983621146531e+01	2.463052058701172342e+01	0.000000000000000000e+00	2.434795240058525323e+01	2.419600175541149767e+01
2.465643757495481125e+01	2.450147737453954733e+01	2.736350099890134402e+01	2.468076955179755672e+01	2.739458487573166323e+01	2.715516538268847668e+01	2.404601623483867812e+01	2.523167225022230298e+01	2.347337034517470400e+01	2.133663070569825138e+01	2.816049977708232177e+01	2.205988231425834201e+01	2.688506433286487152e+01	1.947600776384913601e+01	2.692424891611164028e+01	2.181111867294477236e+01	2.634217297371110078e+01	2.434795240058525323e+01	0.000000000000000000e+00	2.821783541589937627e+01
2.223003669728985088e+01	2.420963313347671431e+01	2.900918705109908657e+01	2.454368261978538968e+01	2.524948205592415462e+01	2.736527821904647695e+01	2.444668171918977251e+01	2.881302783209978813e+01	2.460530895107656946e+01	2.177085565460784977e+01	2.788979005316491921e+01	2.562845282482847864e+01	2.740842260784076601e+01	1.833322945685017658e+01	2.705770032352227261e+01	2.365552941458139102e+01	2.412774763954351442e+01	2.419600175541149767e+01	2.821783541589937627e+01	0.000000000000000000e+00
