0.000000000000000000e+00	2.594250627195090431e+01	3.124640182550095346e+01	2.343253332127872213e+01	2.367796520316271014e+01	2.197729135372457421e+01	2.244475766615079593e+01	2.544357833806028779e+01	2.431584389936017487e+01	2.088303457901951177e+01	2.537561498880485544e+01	2.672336781551654639e+01	2.475099034453836921e+01	2.003723374999442441e+01	2.314555960527704670e+01	2.590701256542519104e+01	2.625791754562098390e+01	1.996624633694300499e+01	1.834059198561761050e+01	2.329156651644120757e+01
2.594250627195090431e+01	0.000000000000000000e+00	3.063998475076787997e+01	2.223078740573119916e+01	2.186904405862724232e+01	2.190932800446913831e+01	2.343051727874806289e+01	2.388891139978631628e+01	2.233726852530833185e+01	1.954132987989980208e+01	2.318508539686407843e+01	3.177591963226775107e+01	1.908293575886154869e+01	1.957170184095573973e+01	2.088605864281550240e+01	2.834572123042636704e+01	2.438582329114627001e+01	2.046315822830295872e+01	2.254418263687061952e+01	2.509368137912982988e+01
3.124640182550095346e+01	3.063998475076787997e+01	0.000000000000000000e+00	2.936791443447611272e+01	2.689579624181845219e+01	2.771013544937914475e+01	3.804786201332149886e+01	2.760264630853668066e+01	3.569319957982626335e+01	2.516164472838526223e+01	3.403226025825617995e+01	2.976171427901307709e+01	3.042223227229742832e+01	3.040734831752337897e+01	3.014912098699990395e+01	3.068051856362023955e+01	3.466440883021069652e+01	2.746369554622982889e+01	2.477322999913310042e+01	3.294203556861243953e+01
2.343253332127872213e+01	2.223078740573119916e+01	2.936791443447611272e+01	0.000000000000000000e+00	2.011326126937250081e+01	2.403391028968514931e+01	2.163243450112076260e+01	2.457225042082945521e+01	2.336356195075796194e+01	1.947034246684837910e+01	2.353901444085585837e+01	2.610427806201654732e+01	2.201984120910759302e+01	1.926141231275543575e+01	2.173488353563657327e+01	2.294066153624542181e+01	2.208881257962835676e+01	1.954737800749178334e+01	1.901598043087144774e+01	3.247981377152856197e+01
2.367796520316271014e+01	2.186904405862724232e+01	2.689579624181845219e+01	2.011326126937250081e+01	0.000000000000000000e+00	2.204928678804132502e+01	2.053313762008905030e+01	1.978877780431444933e+01	2.233827654657366324e+01	1.756174648458262766e+01	2.715126287836095997e+01	2.311611402634331469e+01	2.092256037060654350e+01	2.032118340220011632e+01	2.197628333245923926e+01	2.860172810940349564e+01	2.176836119963162730e+01	1.820063320204542379e+01	1.724532718964722022e+01	2.265368782024373928e+01
2.197729135372457421e+01	2.190932800446913831e+01	2.771013544937914475e+01	2.403391028968514931e+01	2.204928678804132502e+01	0.000000000000000000e+00	1.904744205233583898e+01	2.113149052469948685e+01	2.166591216511581663e+01	2.003420968619843734e+01	2.427531008650781530e+01	2.254519065813594736e+01	2.120046189522024704e+01	1.978877780431444933e+01	3.071824622449686260e+01	2.233323644024700982e+01	3.256892711497026482e+01	2.604999541279336484e+01	2.853667522961070802e+01	2.046215020703763088e+01
2.244475766615079593e+01	2.343051727874806289e+01	3.804786201332149886e+01	2.163243450112076260e+01	2.053313762008905030e+01	1.904744205233583898e+01	0.000000000000000000e+00	2.155943104553868039e+01	2.435234562715121953e+01	1.996725435820833638e+01	2.321755503959379752e+01	2.265671188403973346e+01	2.226426506972624964e+01	1.792071563490105746e+01	2.391928336084225037e+01	2.427630460496858689e+01	2.442232501893731111e+01	2.109700483943910498e+01	1.932937566201086454e+01	3.154464973205129752e+01
2.544357833806028779e+01	2.388891139978631628e+01	2.760264630853668066e+01	2.457225042082945521e+01	1.978877780431444933e+01	2.113149052469948685e+01	2.155943104553868039e+01	0.000000000000000000e+00	2.357249210485090885e+01	2.193869194425974456e+01	2.342850123621740011e+01	2.856515824527388858e+01	1.968229668473731664e+01	1.925838824895944512e+01	2.728495562252091489e+01	2.682581685003236061e+01	2.434932156335522890e+01	2.014169882704090142e+01	1.985674115356988167e+01	2.442131699767198327e+01
2.431584389936017487e+01	2.233726852530833185e+01	3.569319957982626335e+01	2.336356195075796194e+01	2.233827654657366324e+01	2.166591216511581663e+01	2.435234562715121953e+01	2.357249210485090885e+01	0.000000000000000000e+00	2.162739439479411274e+01	3.258629489110568755e+01	3.114349418769365130e+01	2.219428567794015805e+01	1.965285110580358463e+01	2.258370842845765125e+01	2.690602622995344007e+01	2.499324838714467845e+01	2.134747682764974286e+01	2.184035663394837812e+01	2.234130061036965387e+01
2.088303457901951177e+01	1.954132987989980208e+01	2.516164472838526223e+01	1.947034246684837910e+01	1.756174648458262766e+01	2.003420968619843734e+01	1.996725435820833638e+01	2.193869194425974456e+01	2.162739439479411274e+01	0.000000000000000000e+00	2.137793042784880271e+01	2.042665650051191761e+01	1.823007878097915579e+01	1.109663882833741511e+01	2.000476410726470888e+01	2.637274888347957003e+01	2.180385490615733701e+01	1.625452747072329984e+01	1.402648812972614856e+01	1.710133632101371148e+01
2.537561498880485544e+01	2.318508539686407843e+01	3.403226025825617995e+01	2.353901444085585837e+01	2.715126287836095997e+01	2.427531008650781530e+01	2.321755503959379752e+01	2.342850123621740011e+01	3.258629489110568755e+01	2.137793042784880271e+01	0.000000000000000000e+00	3.096151228836849967e+01	2.396090683410306710e+01	2.007171943525480629e+01	2.229572669119064088e+01	2.626194963068230237e+01	2.244173360235480530e+01	2.734241211102176905e+01	2.247722730888051501e+01	2.657635288308705412e+01
2.672336781551654639e+01	3.177591963226775107e+01	2.976171427901307709e+01	2.610427806201654732e+01	2.311611402634331469e+01	2.254519065813594736e+01	2.265671188403973346e+01	2.856515824527388858e+01	3.114349418769365130e+01	2.042665650051191761e+01	3.096151228836849967e+01	0.000000000000000000e+00	2.374794459494880172e+01	1.844908914772540243e+01	2.445580268293236514e+01	3.021389699417309771e+01	3.057047313781249898e+01	2.109532030306203509e+01	2.194381368972952018e+01	2.644244222710684866e+01
2.475099034453836921e+01	1.908293575886154869e+01	3.042223227229742832e+01	2.201984120910759302e+01	2.092256037060654350e+01	2.120046189522024704e+01	2.226426506972624964e+01	1.968229668473731664e+01	2.219428567794015805e+01	1.823007878097915579e+01	2.396090683410306710e+01	2.374794459494880172e+01	0.000000000000000000e+00	1.816413147425438268e+01	2.176432911457030528e+01	2.102702544765301340e+01	2.257967634339632923e+01	2.148441154742593895e+01	1.805865837594258139e+01	2.360697779011128716e+01
2.003723374999442441e+01	1.957170184095573973e+01	3.040734831752337897e+01	1.926141231275543575e+01	2.032118340220011632e+01	1.978877780431444933e+01	1.792071563490105746e+01	1.925838824895944512e+01	1.965285110580358463e+01	1.109663882833741511e+01	2.007171943525480629e+01	1.844908914772540243e+01	1.816413147425438268e+01	0.000000000000000000e+00	1.915291515064764383e+01	2.128671940273331131e+01	1.820365726584141797e+01	2.210935419504145472e+01	1.639751031809147364e+01	1.996725435820833638e+01
2.314555960527704670e+01	2.088605864281550240e+01	3.014912098699990395e+01	2.173488353563657327e+01	2.197628333245923926e+01	3.071824622449686260e+01	2.391928336084225037e+01	2.728495562252091489e+01	2.258370842845765125e+01	2.000476410726470888e+01	2.229572669119064088e+01	2.445580268293236514e+01	2.176432911457030528e+01	1.915291515064764383e+01	0.000000000000000000e+00	2.303555963746408253e+01	2.619096221763088295e+01	2.099253976239263508e+01	2.000274806473404610e+01	2.452376603218779394e+01
2.590701256542519104e+01	2.834572123042636704e+01	3.068051856362023955e+01	2.294066153624542181e+01	2.860172810940349564e+01	2.233323644024700982e+01	2.427630460496858689e+01	2.682581685003236061e+01	2.690602622995344007e+01	2.637274888347957003e+01	2.626194963068230237e+01	3.021389699417309771e+01	2.102702544765301340e+01	2.128671940273331131e+01	2.303555963746408253e+01	0.000000000000000000e+00	2.728723503486660107e+01	2.155842302427335255e+01	1.872699067233910952e+01	2.393045323390400725e+01
2.625791754562098390e+01	2.438582329114627001e+01	3.466440883021069652e+01	2.208881257962835676e+01	2.176836119963162730e+01	3.256892711497026482e+01	2.442232501893731111e+01	2.434932156335522890e+01	2.499324838714467845e+01	2.180385490615733701e+01	2.244173360235480530e+01	3.057047313781249898e+01	2.257967634339632923e+01	1.820365726584141797e+01	2.619096221763088295e+01	2.728723503486660107e+01	0.000000000000000000e+00	2.346701900653910400e+01	2.159290870953373087e+01	3.060025022289981678e+01
1.996624633694300499e+01	2.046315822830295872e+01	2.746369554622982889e+01	1.954737800749178334e+01	1.820063320204542379e+01	2.604999541279336484e+01	2.109700483943910498e+01	2.014169882704090142e+01	2.134747682764974286e+01	1.625452747072329984e+01	2.734241211102176905e+01	2.109532030306203509e+01	2.148441154742593895e+01	2.210935419504145472e+01	2.099253976239263508e+01	2.155842302427335255e+01	2.346701900653910400e+01	0.000000000000000000e+00	2.687309798393222948e+01	2.035264502366450401e+01
1.834059198561761050e+01	2.254418263687061952e+01	2.477322999913310042e+01	1.901598043087144774e+01	1.724532718964722022e+01	2.853667522961070802e+01	1.932937566201086454e+01	1.985674115356988167e+01	2.184035663394837812e+01	1.402648812972614856e+01	2.247722730888051501e+01	2.194381368972952018e+01	1.805865837594258139e+01	1.639751031809147364e+01	2.000274806473404610e+01	1.872699067233910952e+01	2.159290870953373087e+01	2.687309798393222948e+01	0.000000000000000000e+00	2.148340352616060756e+01
2.329156651644120757e+01	2.509368137912982988e+01	3.294203556861243953e+01	3.247981377152856197e+01	2.265368782024373928e+01	2.046215020703763088e+01	3.154464973205129752e+01	2.442131699767198327e+01	2.234130061036965387e+01	1.710133632101371148e+01	2.657635288308705412e+01	2.644244222710684866e+01	2.360697779011128716e+01	1.996725435820833638e+01	2.452376603218779394e+01	2.393045323390400725e+01	3.060025022289981678e+01	2.035264502366450401e+01	2.148340352616060756e+01	0.000000000000000000e+00
