0.000000000000000000e+00	2.323349973037046823e+01	2.515794514071902555e+01	2.644186412519497154e+01	2.555634061081141439e+01	2.675861883148746756e+01	2.875075904114020986e+01	2.370195307185313283e+01	2.365207729469972620e+01	2.342443842952414101e+01	2.312376868566009946e+01	2.125277569991769155e+01	2.788154671321838762e+01	2.121063127019212402e+01	2.596565169015226715e+01	2.309012492398489869e+01	2.270963656415720777e+01	2.985867646996889135e+01	2.396581691002294789e+01	2.508443345978557204e+01
2.323349973037046823e+01	0.000000000000000000e+00	2.290733928236724992e+01	2.157939410525781199e+01	1.858205134104647271e+01	2.239659020065636241e+01	2.382394010404411233e+01	2.005919553962716861e+01	2.087849120459861751e+01	2.133844717854081807e+01	1.763686452163350182e+01	1.734199026948266820e+01	2.222132502427584910e+01	1.869920692720507205e+01	2.338155112587462270e+01	1.976027780942198220e+01	1.751470108360075528e+01	2.147756496273458282e+01	2.230538105777279512e+01	2.090481882110316292e+01
2.515794514071902555e+01	2.290733928236724992e+01	0.000000000000000000e+00	2.797347179951061946e+01	2.309919685262300959e+01	2.815968589446394788e+01	2.533690002901946414e+01	2.484757867266445430e+01	2.702381190201984040e+01	2.573779058466120162e+01	2.445719370937793968e+01	2.276012522583342346e+01	2.661078702774230820e+01	2.045647970785587333e+01	2.869504645404812138e+01	2.549676008310708397e+01	2.246727073774489725e+01	3.318203546369110768e+01	2.947564692530007946e+01	2.585259168607113267e+01
2.644186412519497154e+01	2.157939410525781199e+01	2.797347179951061946e+01	0.000000000000000000e+00	2.277404592078836032e+01	2.543897422489629179e+01	2.470207494127242143e+01	2.338504013884032418e+01	2.154312153618714731e+01	2.130864500579177090e+01	2.343220626520096062e+01	2.247100461301877417e+01	2.864276253244636194e+01	1.989599113370295314e+01	2.403838125970889905e+01	2.250335678804233908e+01	1.807116863657096317e+01	2.745726155931902213e+01	2.730001608984128225e+01	2.293632552843236283e+01
2.555634061081141439e+01	1.858205134104647271e+01	2.309919685262300959e+01	2.277404592078836032e+01	0.000000000000000000e+00	2.369460235206399901e+01	2.362588038820074843e+01	2.154367752508237643e+01	2.337074756340796711e+01	2.085293707587162260e+01	2.455730644548039976e+01	2.140785016523602025e+01	2.537066906055092730e+01	2.049477506239204416e+01	2.627412324412049216e+01	1.730274894869011959e+01	1.977593564614888777e+01	2.624906269742776743e+01	2.437950696955184071e+01	2.324780189983550116e+01
2.675861883148746756e+01	2.239659020065636241e+01	2.815968589446394788e+01	2.543897422489629179e+01	2.369460235206399901e+01	0.000000000000000000e+00	2.807802186496317276e+01	2.624920107501580446e+01	2.382498328847850289e+01	2.345494295270872698e+01	2.229030230595849460e+01	2.531914390221601607e+01	2.879556153135625962e+01	2.042321536618613464e+01	2.793691982625824721e+01	2.293029208630694171e+01	2.454095102982160626e+01	2.955581176946110489e+01	2.543804328443120255e+01	2.661255530717772189e+01
2.875075904114020986e+01	2.382394010404411233e+01	2.533690002901946414e+01	2.470207494127242143e+01	2.362588038820074843e+01	2.807802186496317276e+01	0.000000000000000000e+00	2.187447444718293710e+01	2.344953434980495643e+01	2.026657300164675490e+01	2.221975476438862884e+01	2.143291837792020971e+01	2.529865140700811565e+01	1.975347226018194391e+01	2.664523442174997925e+01	2.257309674094386409e+01	1.782903835623546129e+01	2.806911202660535309e+01	2.446925893337708047e+01	2.486332582120324020e+01
2.370195307185313283e+01	2.005919553962716861e+01	2.484757867266445430e+01	2.338504013884032418e+01	2.154367752508237643e+01	2.624920107501580446e+01	2.187447444718293710e+01	0.000000000000000000e+00	2.185438040870795717e+01	2.254082675830702698e+01	2.298137972137557128e+01	2.224910593536596792e+01	2.398103765610853344e+01	1.856676802326446207e+01	2.328423650999065586e+01	2.216749184592757871e+01	2.062969821086855404e+01	2.502269745722569283e+01	2.293233766650924466e+01	2.428509628248327701e+01
2.365207729469972620e+01	2.087849120459861751e+01	2.702381190201984040e+01	2.154312153618714731e+01	2.337074756340796711e+01	2.382498328847850289e+01	2.344953434980495643e+01	2.185438040870795717e+01	0.000000000000000000e+00	2.368504930981129775e+01	2.161570238529966304e+01	2.232087403912214896e+01	2.572035051350280099e+01	1.870603140840096756e+01	2.544537259193394263e+01	2.089960353989452457e+01	1.949710266166659167e+01	2.416676973002996931e+01	2.577069334030066017e+01	2.187121116816111055e+01
2.342443842952414101e+01	2.133844717854081807e+01	2.573779058466120162e+01	2.130864500579177090e+01	2.085293707587162260e+01	2.345494295270872698e+01	2.026657300164675490e+01	2.254082675830702698e+01	2.368504930981129775e+01	0.000000000000000000e+00	2.305108185374902163e+01	2.258633799612532300e+01	2.625170919158576766e+01	1.960303758615108194e+01	2.199180123232401129e+01	2.075676857801643749e+01	1.891941256224399126e+01	2.582847737342428829e+01	2.530391467675865513e+01	2.139753278660167624e+01
2.312376868566009946e+01	1.763686452163350182e+01	2.445719370937793968e+01	2.343220626520096062e+01	2.455730644548039976e+01	2.229030230595849460e+01	2.221975476438862884e+01	2.298137972137557128e+01	2.161570238529966304e+01	2.305108185374902163e+01	0.000000000000000000e+00	2.121205772073268747e+01	2.778287197229715844e+01	1.744454146940556072e+01	2.345213898999492486e+01	1.922090018320350424e+01	1.868717897814320139e+01	2.174715836600743302e+01	2.563871837104637663e+01	2.507655687702489544e+01
2.125277569991769155e+01	1.734199026948266820e+01	2.276012522583342346e+01	2.247100461301877417e+01	2.140785016523602025e+01	2.531914390221601607e+01	2.143291837792020971e+01	2.224910593536596792e+01	2.232087403912214896e+01	2.258633799612532300e+01	2.121205772073268747e+01	0.000000000000000000e+00	2.556979922920912074e+01	1.595821151415055894e+01	2.375677561010065375e+01	2.084099129217455015e+01	1.761541981503030030e+01	2.519876174290277149e+01	2.130231127610882780e+01	2.252549795400547694e+01
2.788154671321838762e+01	2.222132502427584910e+01	2.661078702774230820e+01	2.864276253244636194e+01	2.537066906055092730e+01	2.879556153135625962e+01	2.529865140700811565e+01	2.398103765610853344e+01	2.572035051350280099e+01	2.625170919158576766e+01	2.778287197229715844e+01	2.556979922920912074e+01	0.000000000000000000e+00	2.184920321581689961e+01	2.940887599190993740e+01	2.592362862392193179e+01	2.036898041570227136e+01	3.131425173605985535e+01	3.140815081545803622e+01	2.673757937234692506e+01
2.121063127019212402e+01	1.869920692720507205e+01	2.045647970785587333e+01	1.989599113370295314e+01	2.049477506239204416e+01	2.042321536618613464e+01	1.975347226018194391e+01	1.856676802326446207e+01	1.870603140840096756e+01	1.960303758615108194e+01	1.744454146940556072e+01	1.595821151415055894e+01	2.184920321581689961e+01	0.000000000000000000e+00	1.989118841589109721e+01	1.652941173791741747e+01	1.871020006333922936e+01	2.267553365842463720e+01	2.333172110303026869e+01	1.837909592533433667e+01
2.596565169015226715e+01	2.338155112587462270e+01	2.869504645404812138e+01	2.403838125970889905e+01	2.627412324412049216e+01	2.793691982625824721e+01	2.664523442174997925e+01	2.328423650999065586e+01	2.544537259193394263e+01	2.199180123232401129e+01	2.345213898999492486e+01	2.375677561010065375e+01	2.940887599190993740e+01	1.989118841589109721e+01	0.000000000000000000e+00	2.296646021384489345e+01	2.215492415628776257e+01	2.758495202299429749e+01	2.643111314711464033e+01	2.635889179538827776e+01
2.309012492398489869e+01	1.976027780942198220e+01	2.549676008310708397e+01	2.250335678804233908e+01	1.730274894869011959e+01	2.293029208630694171e+01	2.257309674094386409e+01	2.216749184592757871e+01	2.089960353989452457e+01	2.075676857801643749e+01	1.922090018320350424e+01	2.084099129217455015e+01	2.592362862392193179e+01	1.652941173791741747e+01	2.296646021384489345e+01	0.000000000000000000e+00	1.776732974331140014e+01	2.184220003448253422e+01	2.154316881430277419e+01	1.919278021303039239e+01
2.270963656415720777e+01	1.751470108360075528e+01	2.246727073774489725e+01	1.807116863657096317e+01	1.977593564614888777e+01	2.454095102982160626e+01	1.782903835623546129e+01	2.062969821086855404e+01	1.949710266166659167e+01	1.891941256224399126e+01	1.868717897814320139e+01	1.761541981503030030e+01	2.036898041570227136e+01	1.871020006333922936e+01	2.215492415628776257e+01	1.776732974331140014e+01	0.000000000000000000e+00	2.326527059626037897e+01	1.836115940975037475e+01	2.074529465205204914e+01
2.985867646996889135e+01	2.147756496273458282e+01	3.318203546369110768e+01	2.745726155931902213e+01	2.624906269742776743e+01	2.955581176946110489e+01	2.806911202660535309e+01	2.502269745722569283e+01	2.416676973002996931e+01	2.582847737342428829e+01	2.174715836600743302e+01	2.519876174290277149e+01	3.131425173605985535e+01	2.267553365842463720e+01	2.758495202299429749e+01	2.184220003448253422e+01	2.326527059626037897e+01	0.000000000000000000e+00	2.598954955321663007e+01	2.623249809209285743e+01
2.396581691002294789e+01	2.230538105777279512e+01	2.947564692530007946e+01	2.730001608984128225e+01	2.437950696955184071e+01	2.543804328443120255e+01	2.446925893337708047e+01	2.293233766650924466e+01	2.577069334030066017e+01	2.530391467675865513e+01	2.563871837104637663e+01	2.130231127610882780e+01	3.140815081545803622e+01	2.333172110303026869e+01	2.643111314711464033e+01	2.154316881430277419e+01	1.836115940975037475e+01	2.598954955321663007e+01	0.000000000000000000e+00	2.359185367818371759e+01
2.508443345978557204e+01	2.090481882110316292e+01	2.585259168607113267e+01	2.293632552843236283e+01	2.324780189983550116e+01	2.661255530717772189e+01	2.486332582120324020e+01	2.428509628248327701e+01	2.187121116816111055e+01	2.139753278660167624e+01	2.507655687702489544e+01	2.252549795400547694e+01	2.673757937234692506e+01	1.837909592533433667e+01	2.635889179538827776e+01	1.919278021303039239e+01	2.074529465205204914e+01	2.623249809209285743e+01	2.359185367818371759e+01	0.000000000000000000e+00
