0.000000000000000000e+00	2.608231171686704641e+01	3.019056837452155762e+01	2.328119155134153928e+01	2.432406181608763163e+01	2.403715822366606503e+01	2.181686776625324597e+01	2.594209342876335711e+01	2.414688681970521600e+01	2.249686686133474112e+01	2.517674942093726642e+01	2.638534678995378613e+01	2.309060974879480455e+01	2.048969888603632938e+01	2.440899641234458883e+01	2.498166047437396386e+01	2.672048984082297451e+01	2.069243110268265085e+01	1.931766881299540728e+01	2.324800627346223791e+01
2.608231171686704641e+01	0.000000000000000000e+00	3.131509685288304468e+01	2.348586895520055506e+01	2.109584371219914090e+01	2.389952477308924017e+01	2.427705328811413921e+01	2.519800312084792537e+01	2.251066252251440147e+01	2.156549109804923603e+01	2.385629820777089449e+01	2.793991533950243067e+01	2.175105418627629916e+01	2.010929868084506822e+01	2.281171925978786774e+01	2.334199256388072996e+01	2.541095919502449973e+01	2.143928314142315372e+01	2.493342115426201033e+01	2.563943417523162083e+01
3.019056837452155762e+01	3.131509685288304468e+01	0.000000000000000000e+00	2.693136044725762801e+01	2.697767112661643552e+01	2.746274988993996047e+01	3.297078483777329438e+01	2.795241815978407374e+01	3.045142361536141351e+01	2.634472447722248489e+01	3.452500702835700253e+01	2.918977651834142861e+01	2.934452723524340456e+01	2.474445546605266699e+01	3.028200687942012692e+01	2.904981772015889163e+01	3.091595149510684593e+01	2.811962141760042755e+01	2.583688519573039244e+01	3.181395077319867681e+01
2.328119155134153928e+01	2.348586895520055506e+01	2.693136044725762801e+01	0.000000000000000000e+00	1.952234822333979025e+01	2.356113186454694741e+01	2.088506118909227283e+01	2.247435856499840412e+01	2.241108669208067639e+01	2.111546187208093173e+01	2.302712466443991346e+01	2.500924220020180755e+01	2.240739684140928389e+01	1.923994410933175914e+01	2.224133079062098162e+01	2.126757629207952149e+01	2.219284330938178584e+01	1.903602326773094688e+01	1.892708378677015801e+01	2.690392245001655525e+01
2.432406181608763163e+01	2.109584371219914090e+01	2.697767112661643552e+01	1.952234822333979025e+01	0.000000000000000000e+00	2.337259555567765901e+01	2.090834544529526440e+01	2.088429066225105402e+01	2.181520121412615509e+01	1.917072983769173078e+01	2.318993150406175729e+01	2.309504727903346932e+01	2.188811884371807182e+01	2.050009925296409818e+01	2.415295186716829789e+01	2.439560722081432687e+01	2.257531223758970285e+01	1.930315998999020621e+01	1.829426511722359194e+01	2.306398747958953166e+01
2.403715822366606503e+01	2.389952477308924017e+01	2.746274988993996047e+01	2.356113186454694741e+01	2.337259555567765901e+01	0.000000000000000000e+00	2.028832808254989928e+01	2.249909257513762739e+01	2.170960113144415260e+01	2.202642369127766386e+01	2.545190720907069348e+01	2.407380695822114092e+01	2.389038103818836944e+01	2.061659718989706747e+01	2.804890362433489415e+01	2.281964778889570766e+01	2.872440551853586399e+01	2.586706794251085029e+01	2.345448168895770635e+01	2.114374929949269344e+01
2.181686776625324597e+01	2.427705328811413921e+01	3.297078483777329438e+01	2.088506118909227283e+01	2.090834544529526440e+01	2.028832808254989928e+01	0.000000000000000000e+00	2.245230281742241374e+01	2.524693975344794694e+01	2.163598301806223745e+01	2.382034783013140000e+01	2.271452512701497994e+01	2.365824141981879691e+01	1.746889693859656845e+01	2.398900457578037049e+01	2.177099464942100937e+01	2.443285473562881194e+01	2.209021635419074059e+01	2.112247004443431209e+01	2.701610737240405413e+01
2.594209342876335711e+01	2.519800312084792537e+01	2.795241815978407374e+01	2.247435856499840412e+01	2.088429066225105402e+01	2.249909257513762739e+01	2.245230281742241374e+01	0.000000000000000000e+00	2.421745150700558113e+01	2.295202162081010400e+01	2.500522277942047467e+01	2.718484648228748668e+01	2.245196940824306253e+01	2.049011606464053514e+01	2.725790180191289735e+01	2.668293419080100293e+01	2.517166527735139780e+01	2.188576829391406164e+01	2.214034375750414796e+01	2.513680615790906359e+01
2.414688681970521600e+01	2.251066252251440147e+01	3.045142361536141351e+01	2.241108669208067639e+01	2.181520121412615509e+01	2.170960113144415260e+01	2.524693975344794694e+01	2.421745150700558113e+01	0.000000000000000000e+00	2.294209198873142697e+01	2.678298156770517124e+01	2.641409501916637481e+01	2.328198222959277786e+01	1.912873177666818947e+01	2.323381806898464319e+01	2.504249162609056967e+01	2.352252753097185689e+01	2.204730114416576114e+01	2.274144960863953457e+01	2.150326088069209618e+01
2.249686686133474112e+01	2.156549109804923603e+01	2.634472447722248489e+01	2.111546187208093173e+01	1.917072983769173078e+01	2.202642369127766386e+01	2.163598301806223745e+01	2.295202162081010400e+01	2.294209198873142697e+01	0.000000000000000000e+00	2.271143636826256795e+01	2.203760228217948125e+01	2.174153180290915799e+01	1.286718559983036414e+01	2.140395116091413286e+01	2.155829226766724815e+01	2.309392965797980679e+01	1.804309369830830079e+01	1.669854145040262239e+01	1.941323308613617726e+01
2.517674942093726642e+01	2.385629820777089449e+01	3.452500702835700253e+01	2.302712466443991346e+01	2.318993150406175729e+01	2.545190720907069348e+01	2.382034783013140000e+01	2.500522277942047467e+01	2.678298156770517124e+01	2.271143636826256795e+01	0.000000000000000000e+00	2.829779994242383268e+01	2.525743109995717361e+01	2.063111045288492917e+01	2.385215653718859841e+01	2.549530299216985796e+01	2.303509707765385173e+01	2.643521294265008947e+01	2.300880230902732748e+01	2.657573557639196338e+01
2.638534678995378613e+01	2.793991533950243067e+01	2.918977651834142861e+01	2.500924220020180755e+01	2.309504727903346932e+01	2.407380695822114092e+01	2.271452512701497994e+01	2.718484648228748668e+01	2.641409501916637481e+01	2.203760228217948125e+01	2.829779994242383268e+01	0.000000000000000000e+00	2.510869710356969975e+01	1.879421754637759534e+01	2.537632247572470590e+01	2.644932091295153143e+01	2.590765381661553235e+01	2.124408979745465231e+01	2.338083674148131763e+01	2.535408289035661156e+01
2.309060974879480455e+01	2.175105418627629916e+01	2.934452723524340456e+01	2.240739684140928389e+01	2.188811884371807182e+01	2.389038103818836944e+01	2.365824141981879691e+01	2.245196940824306253e+01	2.328198222959277786e+01	2.174153180290915799e+01	2.525743109995717361e+01	2.510869710356969975e+01	0.000000000000000000e+00	1.974403514397198123e+01	2.502611590525921414e+01	2.186939754649798218e+01	2.501927882291603567e+01	2.358811985696540603e+01	2.043051709653575188e+01	2.490538402436595788e+01
2.048969888603632938e+01	2.010929868084506822e+01	2.474445546605266699e+01	1.923994410933175914e+01	2.050009925296409818e+01	2.061659718989706747e+01	1.746889693859656845e+01	2.049011606464053514e+01	1.912873177666818947e+01	1.286718559983036414e+01	2.063111045288492917e+01	1.879421754637759534e+01	1.974403514397198123e+01	0.000000000000000000e+00	2.039856361140475016e+01	1.896457225252102674e+01	1.845854807512723283e+01	2.005807203537780481e+01	1.712162848636239687e+01	2.023392542039575304e+01
2.440899641234458883e+01	2.281171925978786774e+01	3.028200687942012692e+01	2.224133079062098162e+01	2.415295186716829789e+01	2.804890362433489415e+01	2.398900457578037049e+01	2.725790180191289735e+01	2.323381806898464319e+01	2.140395116091413286e+01	2.385215653718859841e+01	2.537632247572470590e+01	2.502611590525921414e+01	2.039856361140475016e+01	0.000000000000000000e+00	2.175498156382050396e+01	2.666721517433131439e+01	2.226565699489010441e+01	2.136557002803130345e+01	2.574982795621955134e+01
2.498166047437396386e+01	2.334199256388072996e+01	2.904981772015889163e+01	2.126757629207952149e+01	2.439560722081432687e+01	2.281964778889570766e+01	2.177099464942100937e+01	2.668293419080100293e+01	2.504249162609056967e+01	2.155829226766724815e+01	2.549530299216985796e+01	2.644932091295153143e+01	2.186939754649798218e+01	1.896457225252102674e+01	2.175498156382050396e+01	0.000000000000000000e+00	2.609421282490147931e+01	2.178361637915655180e+01	1.995112015431569930e+01	2.273605591884089705e+01
2.672048984082297451e+01	2.541095919502449973e+01	3.091595149510684593e+01	2.219284330938178584e+01	2.257531223758970285e+01	2.872440551853586399e+01	2.443285473562881194e+01	2.517166527735139780e+01	2.352252753097185689e+01	2.309392965797980679e+01	2.303509707765385173e+01	2.590765381661553235e+01	2.501927882291603567e+01	1.845854807512723283e+01	2.666721517433131439e+01	2.609421282490147931e+01	0.000000000000000000e+00	2.457722952633808688e+01	2.278899468305665721e+01	2.575038623610301869e+01
2.069243110268265085e+01	2.143928314142315372e+01	2.811962141760042755e+01	1.903602326773094688e+01	1.930315998999020621e+01	2.586706794251085029e+01	2.209021635419074059e+01	2.188576829391406164e+01	2.204730114416576114e+01	1.804309369830830079e+01	2.643521294265008947e+01	2.124408979745465231e+01	2.358811985696540603e+01	2.005807203537780481e+01	2.226565699489010441e+01	2.178361637915655180e+01	2.457722952633808688e+01	0.000000000000000000e+00	2.181836992839043177e+01	2.183213910137415326e+01
1.931766881299540728e+01	2.493342115426201033e+01	2.583688519573039244e+01	1.892708378677015801e+01	1.829426511722359194e+01	2.345448168895770635e+01	2.112247004443431209e+01	2.214034375750414796e+01	2.274144960863953457e+01	1.669854145040262239e+01	2.300880230902732748e+01	2.338083674148131763e+01	2.043051709653575188e+01	1.712162848636239687e+01	2.136557002803130345e+01	1.995112015431569930e+01	2.278899468305665721e+01	2.181836992839043177e+01	0.000000000000000000e+00	2.298189932631495935e+01
2.324800627346223791e+01	2.563943417523162083e+01	3.181395077319867681e+01	2.690392245001655525e+01	2.306398747958953166e+01	2.114374929949269344e+01	2.701610737240405413e+01	2.513680615790906359e+01	2.150326088069209618e+01	1.941323308613617726e+01	2.657573557639196338e+01	2.535408289035661156e+01	2.490538402436595788e+01	2.023392542039575304e+01	2.574982795621955134e+01	2.273605591884089705e+01	2.575038623610301869e+01	2.183213910137415326e+01	2.298189932631495935e+01	0.000000000000000000e+00
