0.000000000000000000e+00	2.590604537330986901e+01	3.076449207497767802e+01	2.373592457063629269e+01	2.470571209854239925e+01	2.417668532552340110e+01	2.240830239693007186e+01	2.661516586309896937e+01	2.447258293855185940e+01	2.241114749436937714e+01	2.640642063302462006e+01	2.604685018996296009e+01	2.286789746861953887e+01	2.086539660722265666e+01	2.497977194163550863e+01	2.558658323741781970e+01	2.708032686532314059e+01	2.131164845504951444e+01	1.981464663648217694e+01	2.397185688741761922e+01
2.590604537330986901e+01	0.000000000000000000e+00	3.120279098179018717e+01	2.218477835769193973e+01	2.098686951683257362e+01	2.319972800377264832e+01	2.376706940864650974e+01	2.501791463053460518e+01	2.235436449805719050e+01	2.129495212215346811e+01	2.367792306307181960e+01	2.733135907600315306e+01	1.988435022211773529e+01	1.978998521344983175e+01	2.158152098206874570e+01	2.320714182087601785e+01	2.507316996054067104e+01	2.097218809427775810e+01	2.377841831799889860e+01	2.497712847876879394e+01
3.076449207497767802e+01	3.120279098179018717e+01	0.000000000000000000e+00	2.708032061128639256e+01	2.757035236494245822e+01	2.774111996073453312e+01	3.251293552938331288e+01	2.811910845531085457e+01	2.992381846870175011e+01	2.602990727217727951e+01	3.475450040080409764e+01	2.930890170279018747e+01	2.856977025447018192e+01	2.469087563983381628e+01	2.980702429647115892e+01	2.967689849250448475e+01	3.121246328059408626e+01	2.693899123882494706e+01	2.591629555102998594e+01	3.235198336199863434e+01
2.373592457063629269e+01	2.218477835769193973e+01	2.708032061128639256e+01	0.000000000000000000e+00	1.991051252570183294e+01	2.383974278714776318e+01	2.135125985018608930e+01	2.257482797066005276e+01	2.260365014541680040e+01	2.057647846249233936e+01	2.398491511724359526e+01	2.399416252396577320e+01	2.187482949988398317e+01	1.941456035440894112e+01	2.216451935233814297e+01	2.201738141801168425e+01	2.213418174627877022e+01	1.938999780645859516e+01	1.904910823820029009e+01	2.668977376827077919e+01
2.470571209854239925e+01	2.098686951683257362e+01	2.757035236494245822e+01	1.991051252570183294e+01	0.000000000000000000e+00	2.415686314501867926e+01	2.115089097717136468e+01	2.194570720521414486e+01	2.232676420771404580e+01	1.902250413447901423e+01	2.456606817287676492e+01	2.334581396802718700e+01	2.192552406343081373e+01	2.084170291503248151e+01	2.465410497803929246e+01	2.491222251441748980e+01	2.356791441148073574e+01	1.936019871271103909e+01	1.897497521347314731e+01	2.385885159018953772e+01
2.417668532552340110e+01	2.319972800377264832e+01	2.774111996073453312e+01	2.383974278714776318e+01	2.415686314501867926e+01	0.000000000000000000e+00	2.050014625649135169e+01	2.314096846874314650e+01	2.187237590573749557e+01	2.215480817138600500e+01	2.603990545081916963e+01	2.408099063880229807e+01	2.295254124709112631e+01	2.112576825594121388e+01	2.833473864121956254e+01	2.305483082666909311e+01	2.861363602201266687e+01	2.569502002443512012e+01	2.352069053363690543e+01	2.190035903106900506e+01
2.240830239693007186e+01	2.376706940864650974e+01	3.251293552938331288e+01	2.135125985018608930e+01	2.115089097717136468e+01	2.050014625649135169e+01	0.000000000000000000e+00	2.201619636256524259e+01	2.375804898095992002e+01	2.088803067672213842e+01	2.475175629529918098e+01	2.275990766563566936e+01	2.292718118822986639e+01	1.795746510517544081e+01	2.398821333239754949e+01	2.113334882222259381e+01	2.478397232280283546e+01	2.189759820598952800e+01	2.055681431301324125e+01	2.703225196663362695e+01
2.661516586309896937e+01	2.501791463053460518e+01	2.811910845531085457e+01	2.257482797066005276e+01	2.194570720521414486e+01	2.314096846874314650e+01	2.201619636256524259e+01	0.000000000000000000e+00	2.391248192338542111e+01	2.272414845468682287e+01	2.535402551808887850e+01	2.700077291894121601e+01	2.137046362580640135e+01	2.049634516845568655e+01	2.732820752614502169e+01	2.682196970777984646e+01	2.538257659456417770e+01	2.139694818157898837e+01	2.188520590542080768e+01	2.493953151492912568e+01
2.447258293855185940e+01	2.235436449805719050e+01	2.992381846870175011e+01	2.260365014541680040e+01	2.232676420771404580e+01	2.187237590573749557e+01	2.375804898095992002e+01	2.391248192338542111e+01	0.000000000000000000e+00	2.256490979993108326e+01	2.703072151154380620e+01	2.648390080113519574e+01	2.275032447894465548e+01	1.942439010026918567e+01	2.285145594052884732e+01	2.451402842518012903e+01	2.405107346295271498e+01	2.151552518269581427e+01	2.233351581030957789e+01	2.170201660632661245e+01
2.241114749436937714e+01	2.129495212215346811e+01	2.602990727217727951e+01	2.057647846249233936e+01	1.902250413447901423e+01	2.215480817138600500e+01	2.088803067672213842e+01	2.272414845468682287e+01	2.256490979993108326e+01	0.000000000000000000e+00	2.311691086168734799e+01	2.143225362171528658e+01	2.046498317072116890e+01	1.271829515887885442e+01	2.072085571958750805e+01	2.173707367277358671e+01	2.299829644428064412e+01	1.784460764515739584e+01	1.628853518600169537e+01	1.915026720062677867e+01
2.640642063302462006e+01	2.367792306307181960e+01	3.475450040080409764e+01	2.398491511724359526e+01	2.456606817287676492e+01	2.603990545081916963e+01	2.475175629529918098e+01	2.535402551808887850e+01	2.703072151154380620e+01	2.311691086168734799e+01	0.000000000000000000e+00	2.946507478798097779e+01	2.505258776249609554e+01	2.154418265424039447e+01	2.465099355405017789e+01	2.600799660803679814e+01	2.403319301135075747e+01	2.577218576996690658e+01	2.328968479628639443e+01	2.792606032342576228e+01
2.604685018996296009e+01	2.733135907600315306e+01	2.930890170279018747e+01	2.399416252396577320e+01	2.334581396802718700e+01	2.408099063880229807e+01	2.275990766563566936e+01	2.700077291894121601e+01	2.648390080113519574e+01	2.143225362171528658e+01	2.946507478798097779e+01	0.000000000000000000e+00	2.451519638296479542e+01	1.888507233641688998e+01	2.526344135880156472e+01	2.638793851815199787e+01	2.607258013394673313e+01	2.113848744324493723e+01	2.333596101839326309e+01	2.511913963031897268e+01
2.286789746861953887e+01	1.988435022211773529e+01	2.856977025447018192e+01	2.187482949988398317e+01	2.192552406343081373e+01	2.295254124709112631e+01	2.292718118822986639e+01	2.137046362580640135e+01	2.275032447894465548e+01	2.046498317072116890e+01	2.505258776249609554e+01	2.451519638296479542e+01	0.000000000000000000e+00	1.920170183336630743e+01	2.367779659077395493e+01	2.182381822494976120e+01	2.411214593705621212e+01	2.275484289964099105e+01	1.910781591589193695e+01	2.459272391043101891e+01
2.086539660722265666e+01	1.978998521344983175e+01	2.469087563983381628e+01	1.941456035440894112e+01	2.084170291503248151e+01	2.112576825594121388e+01	1.795746510517544081e+01	2.049634516845568655e+01	1.942439010026918567e+01	1.271829515887885442e+01	2.154418265424039447e+01	1.888507233641688998e+01	1.920170183336630743e+01	0.000000000000000000e+00	2.053337808677245135e+01	1.921221342895675122e+01	1.869589857680752232e+01	2.045882980175683841e+01	1.742044228446449594e+01	2.055275853038348188e+01
2.497977194163550863e+01	2.158152098206874570e+01	2.980702429647115892e+01	2.216451935233814297e+01	2.465410497803929246e+01	2.833473864121956254e+01	2.398821333239754949e+01	2.732820752614502169e+01	2.285145594052884732e+01	2.072085571958750805e+01	2.465099355405017789e+01	2.526344135880156472e+01	2.367779659077395493e+01	2.053337808677245135e+01	0.000000000000000000e+00	2.224269537653029971e+01	2.611842718573278788e+01	2.186625057364630464e+01	2.112399574724509677e+01	2.585978190501111129e+01
2.558658323741781970e+01	2.320714182087601785e+01	2.967689849250448475e+01	2.201738141801168425e+01	2.491222251441748980e+01	2.305483082666909311e+01	2.113334882222259381e+01	2.682196970777984646e+01	2.451402842518012903e+01	2.173707367277358671e+01	2.600799660803679814e+01	2.638793851815199787e+01	2.182381822494976120e+01	1.921221342895675122e+01	2.224269537653029971e+01	0.000000000000000000e+00	2.676728589244197920e+01	2.165418356207993256e+01	1.997036035809971466e+01	2.311678632776411035e+01
2.708032686532314059e+01	2.507316996054067104e+01	3.121246328059408626e+01	2.213418174627877022e+01	2.356791441148073574e+01	2.861363602201266687e+01	2.478397232280283546e+01	2.538257659456417770e+01	2.405107346295271498e+01	2.299829644428064412e+01	2.403319301135075747e+01	2.607258013394673313e+01	2.411214593705621212e+01	1.869589857680752232e+01	2.611842718573278788e+01	2.676728589244197920e+01	0.000000000000000000e+00	2.417880467082622786e+01	2.279997334202076331e+01	2.650290424652644106e+01
2.131164845504951444e+01	2.097218809427775810e+01	2.693899123882494706e+01	1.938999780645859516e+01	1.936019871271103909e+01	2.569502002443512012e+01	2.189759820598952800e+01	2.139694818157898837e+01	2.151552518269581427e+01	1.784460764515739584e+01	2.577218576996690658e+01	2.113848744324493723e+01	2.275484289964099105e+01	2.045882980175683841e+01	2.186625057364630464e+01	2.165418356207993256e+01	2.417880467082622786e+01	0.000000000000000000e+00	2.141078533001244821e+01	2.214697392078436877e+01
1.981464663648217694e+01	2.377841831799889860e+01	2.591629555102998594e+01	1.904910823820029009e+01	1.897497521347314731e+01	2.352069053363690543e+01	2.055681431301324125e+01	2.188520590542080768e+01	2.233351581030957789e+01	1.628853518600169537e+01	2.328968479628639443e+01	2.333596101839326309e+01	1.910781591589193695e+01	1.742044228446449594e+01	2.112399574724509677e+01	1.997036035809971466e+01	2.279997334202076331e+01	2.141078533001244821e+01	0.000000000000000000e+00	2.321253771033437019e+01
2.397185688741761922e+01	2.497712847876879394e+01	3.235198336199863434e+01	2.668977376827077919e+01	2.385885159018953772e+01	2.190035903106900506e+01	2.703225196663362695e+01	2.493953151492912568e+01	2.170201660632661245e+01	1.915026720062677867e+01	2.792606032342576228e+01	2.511913963031897268e+01	2.459272391043101891e+01	2.055275853038348188e+01	2.585978190501111129e+01	2.311678632776411035e+01	2.650290424652644106e+01	2.214697392078436877e+01	2.321253771033437019e+01	0.000000000000000000e+00
