0.000000000000000000e+00	2.309800220722921793e+01	2.613330833068547321e+01	1.986227003567082150e+01	2.045669183037279026e+01	2.827449641468879449e+01	2.321407734284107960e+01	1.858021076140275341e+01	1.985884665284646999e+01	2.167773388398206080e+01	2.191153449919663743e+01	2.315952423366477575e+01	1.993997118350556264e+01	2.186715073674606913e+01	2.450335248526116061e+01	2.050051172385178688e+01	2.352169378939843725e+01	2.282103479509315491e+01	2.685002232594501592e+01	2.560753452779388084e+01
2.309800220722921793e+01	0.000000000000000000e+00	2.680487315540028348e+01	2.141510138860187595e+01	2.758667208863444031e+01	2.898232409777382301e+01	2.573422395218180725e+01	2.333019798070823114e+01	2.359725059253494450e+01	2.269102375758745538e+01	2.683146096614024501e+01	2.582318815499504439e+01	2.507965550834531854e+01	2.444449548697934915e+01	2.317851870821759519e+01	2.726046394408431084e+01	2.707161665721302057e+01	2.567241020644064875e+01	2.997098553361841056e+01	2.913107137411331138e+01
2.613330833068547321e+01	2.680487315540028348e+01	0.000000000000000000e+00	2.409908449284882437e+01	2.686181819505179291e+01	2.859265431347323272e+01	2.625730905044354557e+01	2.111742546569607981e+01	2.331231234762550031e+01	2.660023121884871600e+01	2.528901311422989551e+01	2.749350078096027161e+01	2.510062679261050178e+01	2.537062313859777163e+01	2.523166258106383708e+01	2.252830787821450187e+01	2.499907363322746079e+01	2.867156506070708488e+01	2.990941333891204579e+01	2.697870458390741533e+01
1.986227003567082150e+01	2.141510138860187595e+01	2.409908449284882437e+01	0.000000000000000000e+00	2.047673335498028990e+01	2.455628437194155822e+01	1.869659216588269501e+01	1.643105216858007367e+01	1.744817055461756183e+01	2.104798362914560883e+01	2.437398028989402476e+01	2.065335521084798032e+01	2.063102444723422479e+01	1.942403872620755223e+01	1.883701367955755401e+01	1.725219402336101737e+01	1.801760980841852344e+01	2.285011557555398554e+01	2.279282872818888706e+01	2.294927373205552712e+01
2.045669183037279026e+01	2.758667208863444031e+01	2.686181819505179291e+01	2.047673335498028990e+01	0.000000000000000000e+00	2.377066295263298557e+01	2.173633433278623528e+01	2.028053813128456540e+01	2.159730930136428739e+01	2.265410625685933255e+01	2.370273403659667366e+01	2.546884279154433628e+01	1.913438403933786347e+01	2.370987763627237754e+01	2.158143602352936341e+01	2.030885551694153435e+01	2.019606435633327735e+01	2.767215300250030907e+01	2.675631119876726416e+01	2.476524813223563370e+01
2.827449641468879449e+01	2.898232409777382301e+01	2.859265431347323272e+01	2.455628437194155822e+01	2.377066295263298557e+01	0.000000000000000000e+00	2.817626653756099486e+01	2.299107225898212903e+01	2.450548614023211513e+01	2.544178763846958802e+01	2.821548909316487652e+01	2.733240790963486688e+01	2.307506473081287268e+01	2.647698659256172249e+01	2.803093975247409020e+01	2.244131467369893684e+01	2.588131468307433281e+01	2.695299942056607989e+01	3.139171504231800469e+01	2.835485385008004044e+01
2.321407734284107960e+01	2.573422395218180725e+01	2.625730905044354557e+01	1.869659216588269501e+01	2.173633433278623528e+01	2.817626653756099486e+01	0.000000000000000000e+00	2.023263286649002524e+01	2.098704538371412553e+01	2.191789072977125485e+01	2.289462616679871942e+01	2.319464545459149818e+01	2.271600324477463673e+01	2.392331162271102230e+01	2.386586883596271846e+01	2.189366787402321890e+01	2.242452107802961336e+01	2.570545353688217105e+01	2.706880556040634644e+01	2.963926495857920074e+01
1.858021076140275341e+01	2.333019798070823114e+01	2.111742546569607981e+01	1.643105216858007367e+01	2.028053813128456540e+01	2.299107225898212903e+01	2.023263286649002524e+01	0.000000000000000000e+00	1.867635531286911998e+01	1.929943611477005661e+01	2.109775882550445303e+01	1.971760787876173993e+01	2.053671426015430512e+01	1.939457966044234993e+01	2.030597279095303165e+01	1.910866914611774092e+01	1.625721840445278588e+01	2.088518354018001233e+01	2.489919247126440283e+01	2.624090236954752342e+01
1.985884665284646999e+01	2.359725059253494450e+01	2.331231234762550031e+01	1.744817055461756183e+01	2.159730930136428739e+01	2.450548614023211513e+01	2.098704538371412553e+01	1.867635531286911998e+01	0.000000000000000000e+00	2.080059966104962754e+01	2.241122526977218143e+01	2.244022057143700266e+01	2.146760785759155965e+01	2.056281131966068187e+01	2.199429461863642743e+01	1.995258396878389107e+01	1.961228010841460190e+01	2.120512280868704380e+01	2.934560787198203613e+01	2.763580287293146398e+01
2.167773388398206080e+01	2.269102375758745538e+01	2.660023121884871600e+01	2.104798362914560883e+01	2.265410625685933255e+01	2.544178763846958802e+01	2.191789072977125485e+01	1.929943611477005661e+01	2.080059966104962754e+01	0.000000000000000000e+00	2.032754730582010438e+01	2.224201535018611509e+01	1.920867880006385064e+01	2.172590358354338846e+01	2.312186687710298472e+01	1.757900428280039407e+01	2.011814524168711671e+01	2.369505219153889541e+01	2.809656853906129115e+01	2.461488805261804558e+01
2.191153449919663743e+01	2.683146096614024501e+01	2.528901311422989551e+01	2.437398028989402476e+01	2.370273403659667366e+01	2.821548909316487652e+01	2.289462616679871942e+01	2.109775882550445303e+01	2.241122526977218143e+01	2.032754730582010438e+01	0.000000000000000000e+00	2.555275774186987192e+01	2.537401640373640888e+01	2.514945640025427664e+01	2.361169418491305194e+01	2.043716485039126596e+01	2.383524207321117672e+01	2.454071203462832074e+01	3.014114774320813694e+01	2.554148865352056674e+01
2.315952423366477575e+01	2.582318815499504439e+01	2.749350078096027161e+01	2.065335521084798032e+01	2.546884279154433628e+01	2.733240790963486688e+01	2.319464545459149818e+01	1.971760787876173993e+01	2.244022057143700266e+01	2.224201535018611509e+01	2.555275774186987192e+01	0.000000000000000000e+00	2.451775841438114512e+01	2.290586076361632095e+01	2.545205445694067237e+01	2.219019595448220272e+01	2.213841896982413360e+01	2.446840980285594469e+01	2.789328173579359316e+01	2.660987093347793220e+01
1.993997118350556264e+01	2.507965550834531854e+01	2.510062679261050178e+01	2.063102444723422479e+01	1.913438403933786347e+01	2.307506473081287268e+01	2.271600324477463673e+01	2.053671426015430512e+01	2.146760785759155965e+01	1.920867880006385064e+01	2.537401640373640888e+01	2.451775841438114512e+01	0.000000000000000000e+00	2.184096560960663780e+01	1.937126787169561482e+01	2.075296127389235323e+01	1.841209263711709099e+01	2.355292041294428174e+01	2.406058789771246609e+01	2.428946801245511367e+01
2.186715073674606913e+01	2.444449548697934915e+01	2.537062313859777163e+01	1.942403872620755223e+01	2.370987763627237754e+01	2.647698659256172249e+01	2.392331162271102230e+01	1.939457966044234993e+01	2.056281131966068187e+01	2.172590358354338846e+01	2.514945640025427664e+01	2.290586076361632095e+01	2.184096560960663780e+01	0.000000000000000000e+00	2.353510555355304845e+01	2.113865312356817938e+01	2.361507015941831966e+01	2.645306804781097654e+01	2.739587726747430452e+01	2.567180779441175176e+01
2.450335248526116061e+01	2.317851870821759519e+01	2.523166258106383708e+01	1.883701367955755401e+01	2.158143602352936341e+01	2.803093975247409020e+01	2.386586883596271846e+01	2.030597279095303165e+01	2.199429461863642743e+01	2.312186687710298472e+01	2.361169418491305194e+01	2.545205445694067237e+01	1.937126787169561482e+01	2.353510555355304845e+01	0.000000000000000000e+00	2.080203017367828622e+01	2.229972148666671217e+01	2.090510452921868634e+01	2.808081858756535354e+01	2.578324913586207501e+01
2.050051172385178688e+01	2.726046394408431084e+01	2.252830787821450187e+01	1.725219402336101737e+01	2.030885551694153435e+01	2.244131467369893684e+01	2.189366787402321890e+01	1.910866914611774092e+01	1.995258396878389107e+01	1.757900428280039407e+01	2.043716485039126596e+01	2.219019595448220272e+01	2.075296127389235323e+01	2.113865312356817938e+01	2.080203017367828622e+01	0.000000000000000000e+00	1.758843001328490274e+01	2.222133347554727933e+01	2.317901432930903383e+01	2.374564793753273761e+01
2.352169378939843725e+01	2.707161665721302057e+01	2.499907363322746079e+01	1.801760980841852344e+01	2.019606435633327735e+01	2.588131468307433281e+01	2.242452107802961336e+01	1.625721840445278588e+01	1.961228010841460190e+01	2.011814524168711671e+01	2.383524207321117672e+01	2.213841896982413360e+01	1.841209263711709099e+01	2.361507015941831966e+01	2.229972148666671217e+01	1.758843001328490274e+01	0.000000000000000000e+00	2.127910931739824107e+01	2.610741902842930529e+01	2.271396182258378360e+01
2.282103479509315491e+01	2.567241020644064875e+01	2.867156506070708488e+01	2.285011557555398554e+01	2.767215300250030907e+01	2.695299942056607989e+01	2.570545353688217105e+01	2.088518354018001233e+01	2.120512280868704380e+01	2.369505219153889541e+01	2.454071203462832074e+01	2.446840980285594469e+01	2.355292041294428174e+01	2.645306804781097654e+01	2.090510452921868634e+01	2.222133347554727933e+01	2.127910931739824107e+01	0.000000000000000000e+00	2.647981293455752549e+01	2.554064544700068851e+01
2.685002232594501592e+01	2.997098553361841056e+01	2.990941333891204579e+01	2.279282872818888706e+01	2.675631119876726416e+01	3.139171504231800469e+01	2.706880556040634644e+01	2.489919247126440283e+01	2.934560787198203613e+01	2.809656853906129115e+01	3.014114774320813694e+01	2.789328173579359316e+01	2.406058789771246609e+01	2.739587726747430452e+01	2.808081858756535354e+01	2.317901432930903383e+01	2.610741902842930529e+01	2.647981293455752549e+01	0.000000000000000000e+00	3.005849432723421444e+01
2.560753452779388084e+01	2.913107137411331138e+01	2.697870458390741533e+01	2.294927373205552712e+01	2.476524813223563370e+01	2.835485385008004044e+01	2.963926495857920074e+01	2.624090236954752342e+01	2.763580287293146398e+01	2.461488805261804558e+01	2.554148865352056674e+01	2.660987093347793220e+01	2.428946801245511367e+01	2.567180779441175176e+01	2.578324913586207501e+01	2.374564793753273761e+01	2.271396182258378360e+01	2.554064544700068851e+01	3.005849432723421444e+01	0.000000000000000000e+00
