0.0	0.00200153535377	0.00190060384059	0.00214732531725	0.00190060384059	0.00190060384059	0.00152300578231	0.00152300578231	0.00133245022001	0.00113873143537	0.00113873143537	0.0	0.0	0.0	0.0	0.0	0.0	0.0	0.0	0.0	0.000157004576061	0.0	0.0	0.000190648413789	0.0	0.0	0.000185041107501	0.0	0.0	0.0	0.0	0.000207470332652	0.0	2.80365314395e-05	0.0	0.0	0.0	1.12146125758e-05	0.000151397269773	0.0	0.0	0.000145789963485	5.6073062879e-05	0.000140182657197	0.0	0.000117753432046	0.0	0.0	0.0	0.0	0.0	0.0	0.0	0.0	0.0	0.0	0.000218684945228	0.0	0.0	0.0	0.000179433801213	0.000218684945228	0.0	0.0	3.36438377274e-05	0.000179433801213	0.0	4.48584503032e-05	0.0	0.000196255720076	0.0	0.0	0.0	6.72876754548e-05	0.0	0.000157004576061	0.0	0.0	0.0	0.0	0.0	0.0	0.000157004576061	0.0	0.0	0.0	0.0	3.36438377274e-05	0.000269150701819	0.000168219188637	0.0	0.0	0.00010653881947	0.0	0.0	0.0	0.0	0.0	0.000274758008107	0.0	0.000117753432046	0.0	0.0	0.000229899557804	2.24292251516e-05	0.0	0.0	0.0	0.0	0.0	0.0	0.000201863026364	0.0	0.0	0.0	0.000173826494925	4.48584503032e-05	0.0	2.24292251516e-05	0.0	0.00021307763894	0.0	0.0	0.0	0.000201863026364	0.00010653881947	7.28949817427e-05	0.0	0.000235506864092	0.0	9.53242068943e-05	0.0	0.0	0.0	0.0	0.0	0.0	5.6073062879e-06	0.0	0.0	0.0	5.6073062879e-06	0.0	0.000207470332652	0.0	0.0	0.000229899557804	0.000207470332652	0.000252328782955	0.0
0.00200153535377	0.0	0.00195667690347	0.00201835727263	0.00190060384059	0.00190060384059	0.00152300578231	0.00152300578231	0.00133245022001	0.00125087756112	0.00113873143537	0.0	0.0	0.0	8.97169006064e-05	0.0	0.0	0.0	0.0	0.0	0.0	0.000263543395531	0.0	0.0	0.0	0.0	0.0	0.0	0.000151397269773	0.000246721476668	0.0	0.0	5.6073062879e-06	0.0	0.0	0.0	5.6073062879e-05	0.0	0.000224292251516	0.00021307763894	0.0	8.41095943185e-05	0.0	0.0	0.000196255720076	0.0	0.0	0.0	0.0	0.000157004576061	0.0	0.0	0.0	0.0	0.000218684945228	0.0	0.000201863026364	0.0	0.0	0.0	0.0	0.000269150701819	0.0	0.0	0.0	0.000173826494925	0.0	0.0	0.0	0.0	0.0	0.0	0.0	0.0	0.0	0.0	0.0	0.0	0.0	0.0	0.0	0.0	0.0	0.0	5.6073062879e-05	0.000269150701819	0.0	0.0	0.0	0.0	0.000151397269773	0.0	0.000252328782955	0.000235506864092	0.0	0.0	0.0	0.000207470332652	0.0	3.92511440153e-05	0.0	0.0	0.0	0.0	0.000157004576061	0.0	0.0	0.0	0.0	0.0	0.0	0.0	0.0	0.00013457535091	0.0	0.000145789963485	0.0	0.0	0.0	0.0	0.0	0.0	0.0	0.0	0.0	0.0	0.0	0.000157004576061	0.0	0.0	0.0	8.41095943185e-05	5.04657565911e-05	0.0	0.0	0.000263543395531	0.0	5.6073062879e-06	4.48584503032e-05	0.000100931513182	0.0	0.000274758008107	0.0	0.000201863026364	0.0	0.0	0.0	0.0	7.85022880306e-05	0.000140182657197
0.00190060384059	0.00195667690347	0.0	0.00190060384059	0.00190060384059	0.00190060384059	0.00152300578231	0.00154543500746	0.00141655981432	0.00114994604794	0.00113873143537	0.0	0.0	0.0	0.0	0.0	0.0	0.0	0.0	0.00024111417038	0.000269150701819	0.0	0.0	0.0	5.6073062879e-06	0.000218684945228	0.0	0.0	0.0	0.000140182657197	0.0	0.0	0.000224292251516	6.72876754548e-05	7.28949817427e-05	0.0	0.0	5.6073062879e-06	0.0	0.0	0.0	0.0	0.0	0.0	0.0	0.000100931513182	0.000269150701819	0.0	0.0	0.0	0.0	0.0	0.000173826494925	0.000112146125758	0.0	8.41095943185e-05	0.0	0.0	0.0	0.0	0.0	0.0	8.41095943185e-05	0.0	0.0	0.0	0.0	0.0	0.0	0.000269150701819	8.97169006064e-05	0.0	0.0	0.0	0.0	0.000252328782955	0.0	0.0	0.0	0.0	0.0	0.000263543395531	0.000257936089243	0.000157004576061	0.0	0.0	0.000229899557804	0.0	0.0	0.0	0.0	0.0	0.0	0.0	0.000196255720076	0.0	0.0	3.92511440153e-05	0.000224292251516	0.0	0.0	3.92511440153e-05	0.0	0.000117753432046	0.0	0.000112146125758	0.000196255720076	0.0	0.0	0.0	0.0	0.0	0.0	0.000224292251516	0.0	0.0	6.72876754548e-05	7.28949817427e-05	0.0	0.0	0.0	0.0	0.0	5.6073062879e-06	0.0	0.000224292251516	0.0	0.0	0.0	0.0	2.80365314395e-05	0.0	9.53242068943e-05	5.6073062879e-05	7.85022880306e-05	0.0	0.0	8.97169006064e-05	0.0	0.0	6.16803691669e-05	0.000100931513182	0.000246721476668	2.80365314395e-05	0.0	0.0	0.0	0.0	0.0	0.0
0.00214732531725	0.00201835727263	0.00190060384059	0.0	0.00190621114688	0.00190060384059	0.00179776379042	0.00152300578231	0.00133245022001	0.00113873143537	0.00113873143537	0.0	0.0	6.16803691669e-05	0.0	0.0	0.0	0.0	0.0	0.0	0.000173826494925	0.0	0.0	0.0	0.00021307763894	0.0	0.0	0.0	0.0	0.000100931513182	0.0	0.000190648413789	7.28949817427e-05	0.0	0.0	3.92511440153e-05	0.0	0.0	0.0	0.0	0.0	0.0	0.0	0.0	0.0	0.000117753432046	0.0	0.0	0.0	0.0	0.0	0.0	0.0	0.0	8.41095943185e-05	0.0	0.0	0.0	0.000123360738334	0.0	0.0	0.0	0.000123360738334	0.0	7.85022880306e-05	5.6073062879e-05	0.0	4.48584503032e-05	0.000190648413789	0.0	0.0	0.0	5.6073062879e-06	1.68219188637e-05	0.00021307763894	0.000201863026364	1.68219188637e-05	0.0	0.0	0.0	0.0	0.0	1.68219188637e-05	0.0	0.0	0.0	0.0	0.0	0.0	0.0	0.0	0.0	0.0	0.00021307763894	0.0	0.000128968044622	0.0	0.00013457535091	0.0	0.0	0.0	0.00010653881947	0.000157004576061	0.0	0.0	0.000168219188637	0.000185041107501	0.0	0.0	0.000269150701819	0.0	0.0	0.0	0.000190648413789	0.000140182657197	0.0	0.0	0.0	0.0	2.24292251516e-05	0.000112146125758	0.0	0.0	0.0	0.000252328782955	0.0	0.000123360738334	0.0	0.0	0.0	0.0	0.0	0.0	0.0	0.0	0.0	0.0	0.0	0.0	0.0	0.0	0.000224292251516	1.12146125758e-05	0.0	9.53242068943e-05	0.0	0.0	0.00010653881947	0.0	0.0
0.00190060384059	0.00190060384059	0.00190060384059	0.00190621114688	0.0	0.00190060384059	0.00162954460178	0.0017585126464	0.00154552785895	0.00113873143537	0.00123405564226	2.80365314395e-05	0.0	0.0	0.0	0.0	0.0	0.0	0.0	0.0	0.0	0.0	0.0	0.0	0.000269150701819	0.0	0.0	1.68219188637e-05	0.0	0.000117753432046	0.0	0.0	0.00021307763894	0.00010653881947	0.0	6.16803691669e-05	0.0	0.00024111417038	0.000196255720076	0.0	0.0	0.0	0.0	0.0	0.000207470332652	0.0	0.0	0.0	9.53242068943e-05	0.0	0.0	0.0	0.0	0.00013457535091	0.0	0.0	0.0	0.0	0.0	0.0	0.0	0.0	0.000145789963485	0.0	0.0	0.00013457535091	0.000128968044622	0.0	0.0	0.0	0.0	0.0	0.000117753432046	0.0	9.53242068943e-05	0.0	0.0	0.000207470332652	2.80365314395e-05	6.72876754548e-05	0.00021307763894	0.0	0.0	0.0	0.0	0.0	2.24292251516e-05	0.0	0.0	0.0	0.0	0.0	0.0	0.0	0.000274758008107	0.000218684945228	0.000145789963485	0.0	0.0	6.72876754548e-05	7.85022880306e-05	0.000252328782955	0.0	0.0	0.0	0.0	0.0	0.0	0.0	0.0	0.0	0.0	0.000100931513182	0.0	0.000246721476668	0.0	0.0	1.68219188637e-05	0.000140182657197	0.0	0.0	0.0	0.0	0.0	0.0	0.0	0.0	0.0	0.0	0.0	0.0	0.0	0.0	0.0	0.0	0.0	0.0	0.000224292251516	0.0	0.0	6.72876754548e-05	0.0	0.0	0.0	7.28949817427e-05	0.0	0.0	0.0	0.000140182657197	0.0
0.00190060384059	0.00190060384059	0.00190060384059	0.00190060384059	0.00190060384059	0.0	0.00152300578231	0.00159029345776	0.00138852328288	0.00139106021832	0.00136302368688	0.0	0.0	0.0	0.0	0.00024111417038	0.0	0.0	0.0	0.000123360738334	0.0	0.0	0.0	0.0	0.0	0.0	0.0	9.53242068943e-05	0.0	0.0	0.0	0.0	0.0	0.0	9.53242068943e-05	0.0	0.0	0.0	0.000263543395531	0.000145789963485	0.000179433801213	0.0	0.0	0.000274758008107	0.0	0.000123360738334	0.0	0.0	0.0	0.0	0.0	0.0	0.0	0.0	0.0	0.0	0.0	0.0	0.000112146125758	0.0	0.0	7.28949817427e-05	0.000257936089243	0.0	0.0	0.0	0.0	7.28949817427e-05	0.0	0.000173826494925	0.0	0.0	0.0	0.0	0.0	0.0	0.0	0.0	4.48584503032e-05	0.0	0.0	0.000269150701819	0.0	0.0	0.0	0.0	0.0	0.0	0.0	0.0	0.0	0.0	0.00010653881947	5.6073062879e-06	6.72876754548e-05	0.0	0.00010653881947	0.0	0.0	0.0	0.0	0.000179433801213	0.0	0.0	0.0	0.0	0.0	0.000207470332652	0.0	0.0	0.0	0.0	0.0	0.0	0.000274758008107	0.0	0.0	0.000235506864092	0.0	0.0	0.0	0.0	0.0	0.0	0.000179433801213	0.0	0.000112146125758	0.0	0.0	0.0	0.000269150701819	6.72876754548e-05	0.0	0.0	0.0	6.16803691669e-05	0.000100931513182	0.000218684945228	0.0	0.0	0.0	0.0	0.0	8.97169006064e-05	0.000269150701819	0.0	0.0	0.0	5.04657565911e-05	8.41095943185e-05
0.00152300578231	0.00152300578231	0.00152300578231	0.00179776379042	0.00162954460178	0.00152300578231	0.0	0.00152300578231	0.00145020365205	0.00138545291203	0.00113873143537	6.72876754548e-05	0.000224292251516	0.0	0.0	7.85022880306e-05	0.0	0.0	0.0	0.0	0.0	0.0	0.0	0.0	0.000235506864092	0.0	0.0	0.0	0.0	0.0	0.0	0.0	3.36438377274e-05	0.000263543395531	0.0	0.0	5.04657565911e-05	0.0	0.000123360738334	0.0	0.000168219188637	0.000151397269773	0.0	0.0	0.0	0.0	7.85022880306e-05	0.0	0.0	3.36438377274e-05	0.0	0.0	1.12146125758e-05	0.0	0.000179433801213	0.0	0.0	0.0	0.000128968044622	0.00024111417038	0.0	0.0	0.000207470332652	0.0	0.0	0.0	0.00010653881947	0.0	0.0	0.0	0.0	0.0	0.0	0.0	0.0	5.6073062879e-06	0.0	4.48584503032e-05	0.0	0.0	9.53242068943e-05	0.0	0.0	0.0	1.12146125758e-05	0.0	6.16803691669e-05	0.0	0.0	0.0	0.0	0.0	0.0	7.28949817427e-05	0.0	0.0	0.0	0.0	0.0	0.0	0.0	0.000185041107501	0.0	0.0	0.000207470332652	0.0	0.0	0.0	0.000269150701819	0.0	0.0	0.0	0.0	0.0	1.68219188637e-05	0.0	0.000252328782955	0.0	0.0	0.0	0.0	0.0	0.00013457535091	0.000117753432046	0.0	0.0	0.0	0.0	0.000100931513182	0.0	0.0	0.0	0.0	0.000269150701819	0.0	0.0	0.0	0.0	0.0	0.0	0.000100931513182	0.000123360738334	6.16803691669e-05	0.0	0.0	0.0	7.85022880306e-05	0.000162611882349	2.24292251516e-05	0.0
0.00152300578231	0.00152300578231	0.00154543500746	0.00152300578231	0.0017585126464	0.00159029345776	0.00152300578231	0.0	0.00133245022001	0.00113873143537	0.00113873143537	0.0	0.000117753432046	0.0	0.000224292251516	0.000112146125758	0.0	9.53242068943e-05	0.0	0.0	0.0	0.0	0.0	0.0	0.0	0.0	0.0	0.0	0.0	0.0	6.72876754548e-05	8.97169006064e-05	0.0	0.0	0.0	0.0	0.0	0.0	0.0	0.0	0.000224292251516	0.0	0.0	8.41095943185e-05	7.28949817427e-05	0.0	0.0	0.000128968044622	0.0	0.0	0.0	0.0	0.0	0.0	0.0	0.0	0.0	0.0	0.0	0.0	0.0	0.000263543395531	0.000246721476668	0.0	0.0	0.0	0.0	0.000246721476668	0.0	0.0	0.0	0.0	5.6073062879e-05	0.000185041107501	0.0	0.0	0.0	0.0	0.0	5.6073062879e-06	8.97169006064e-05	0.000263543395531	0.0	0.0	0.0	0.0	5.6073062879e-06	0.0	0.0	0.0	0.0	0.000201863026364	0.0	0.0	0.0	3.92511440153e-05	0.0	0.0	0.0	0.000201863026364	0.0	0.000179433801213	6.72876754548e-05	7.85022880306e-05	0.0	0.0	0.0	0.0	6.16803691669e-05	1.68219188637e-05	0.0	0.0	0.0	0.0	0.0	0.0	0.0	6.16803691669e-05	2.80365314395e-05	0.0	0.000190648413789	0.000207470332652	0.000257936089243	0.000128968044622	0.0	0.0	0.0	0.000162611882349	0.0	3.92511440153e-05	4.48584503032e-05	0.0	0.00021307763894	0.0	0.0	0.0	0.0	0.0	4.48584503032e-05	0.0	0.0	0.0	0.0	0.0	0.0	0.0	0.0	0.0	8.97169006064e-05	0.0
0.00133245022001	0.00133245022001	0.00141655981432	0.00133245022001	0.00154552785895	0.00138852328288	0.00145020365205	0.00133245022001	0.0	0.00113873143537	0.00123405564226	0.0	0.000123360738334	0.0	0.0	0.0	0.0	0.000257936089243	0.000207470332652	0.0	0.0	0.0	0.0	0.0	9.53242068943e-05	0.0	0.0	0.0	0.0	0.0	0.0	0.0	0.0	0.0	0.0	2.80365314395e-05	0.0	0.0	0.0	0.0	2.24292251516e-05	5.04657565911e-05	0.000128968044622	0.0	2.80365314395e-05	0.0	0.0	0.000100931513182	0.000185041107501	0.000207470332652	0.000123360738334	0.0	7.85022880306e-05	0.000128968044622	0.000224292251516	0.0	0.0	0.000157004576061	0.0	0.0	0.0	0.0	0.0	0.000145789963485	0.0	0.0	0.0	0.0	0.0	0.0	0.0	0.0	0.0	0.0	0.0	0.0	0.000269150701819	0.0	0.0	0.0	2.80365314395e-05	0.0	0.0	0.0	0.0	0.0	0.0	0.0	0.0	0.0	0.000123360738334	0.0	0.0	0.000218684945228	0.0	0.0	0.000123360738334	0.0	5.6073062879e-05	0.0	0.000274758008107	0.0	0.000128968044622	0.000117753432046	0.000157004576061	0.0	0.0	0.0	5.6073062879e-05	0.0	0.000140182657197	2.24292251516e-05	8.41095943185e-05	0.0	0.0	0.0	0.000196255720076	0.000179433801213	0.0	0.0	0.000185041107501	0.0	6.72876754548e-05	0.0	0.000162611882349	0.0	0.0	0.000123360738334	0.00024111417038	0.0	0.000190648413789	0.0	0.0	0.000257936089243	8.41095943185e-05	0.000162611882349	0.0	0.0	9.53242068943e-05	0.0	0.0	0.0	0.0	0.0	0.0	0.0	0.0	0.000257936089243	0.000168219188637	8.97169006064e-05
0.00113873143537	0.00125087756112	0.00114994604794	0.00113873143537	0.00113873143537	0.00139106021832	0.00138545291203	0.00113873143537	0.00113873143537	0.0	0.00113873143537	0.0	0.0	0.0	0.0	0.0	0.0	0.0	0.0	0.0	8.41095943185e-05	0.0	0.0	0.0	0.0	0.0	0.0	0.0	0.0	0.0	2.24292251516e-05	0.0	0.0	0.0	0.0	0.0	0.0	0.0	0.0	0.0	0.0	0.0	0.000229899557804	3.36438377274e-05	0.0	0.0	0.0	0.0	0.0	0.0	0.000145789963485	0.0	0.0	0.0	0.0	0.000128968044622	0.0	0.0	0.0	0.0	0.0	6.16803691669e-05	0.0	0.0	0.0	0.0	0.0	0.000257936089243	0.0	0.0	0.0	5.6073062879e-05	0.0	0.000157004576061	0.0	0.000201863026364	0.00024111417038	0.0	0.0	0.000123360738334	0.0	0.000185041107501	0.0	0.0	8.41095943185e-05	0.0	0.0	0.0	0.0	0.000229899557804	0.0	0.0	0.000190648413789	0.0	0.000224292251516	0.0	2.24292251516e-05	0.0	0.0	0.0	0.0	2.24292251516e-05	0.0	0.0	0.000274758008107	0.0	0.0	0.0	0.0	9.53242068943e-05	1.68219188637e-05	0.0	0.0	5.6073062879e-06	0.0	0.0	0.0	0.0	0.0	0.000196255720076	0.0	0.0	1.68219188637e-05	0.0	5.6073062879e-06	3.92511440153e-05	0.000117753432046	0.00013457535091	0.0	5.6073062879e-05	0.0	0.0	0.0	0.0	0.000246721476668	5.6073062879e-05	0.0	0.00013457535091	0.0	0.000229899557804	0.0	0.0	0.0	0.000112146125758	2.24292251516e-05	0.0	0.000100931513182	0.0	0.0	0.0
0.00113873143537	0.00113873143537	0.00113873143537	0.00113873143537	0.00123405564226	0.00136302368688	0.00113873143537	0.00113873143537	0.00123405564226	0.00113873143537	0.0	0.000145789963485	0.0	0.0	0.0	0.0	0.0	0.0	0.000151397269773	0.0	0.0	0.000128968044622	0.0	0.0	0.000157004576061	0.0	0.0	0.0	9.53242068943e-05	0.0	0.000123360738334	0.0	0.0	0.0	5.04657565911e-05	0.0	0.0	2.24292251516e-05	0.0	0.0	0.000190648413789	0.0	0.000185041107501	0.0	4.48584503032e-05	0.0	0.0	0.0	0.0	0.0	0.0	0.0	0.0	0.0	0.000263543395531	0.0	0.0	0.0	0.0	0.0	0.0	0.0	3.36438377274e-05	0.0	0.0	0.0	0.0	0.0	0.0	0.0	0.0	0.0	0.0	0.0	0.0	0.0	0.000196255720076	7.28949817427e-05	0.0	0.0	0.0	0.0	0.0	0.0	0.0	0.0	0.0	0.000269150701819	0.0	0.0	0.0	0.000157004576061	0.0	0.0	1.12146125758e-05	0.000100931513182	1.68219188637e-05	0.0	0.000168219188637	0.0	0.0	0.0	0.0	0.0	0.0	0.0	2.24292251516e-05	0.00024111417038	0.000201863026364	0.0	0.0	0.0	0.000140182657197	6.16803691669e-05	0.0	0.0	7.85022880306e-05	0.0	0.0	0.000201863026364	0.000112146125758	0.0	0.0	0.0	0.0	0.000112146125758	0.000123360738334	0.000179433801213	0.0	0.000179433801213	0.0	0.0	0.0	0.0	0.0	0.0	0.0	0.0	0.0	0.0	0.0	0.0	0.0	0.0	0.000145789963485	0.0	0.0	0.000196255720076	0.0	0.000185041107501
0.0	0.0	0.0	0.0	2.80365314395e-05	0.0	6.72876754548e-05	0.0	0.0	0.0	0.000145789963485	0.0	0.0	0.0	0.0	0.0	0.0	0.0	2.80365314395e-05	0.0	0.0	0.0	0.0	0.000168219188637	0.00024111417038	0.00010653881947	0.0	0.0	0.0	0.0	0.00013457535091	0.0	0.0	0.0	0.0	0.0	0.0	0.0	0.0	0.0	0.0	0.0	0.0	0.0	0.0	0.0	0.0	0.0	0.0	0.0	0.0	0.0	0.0	0.000162611882349	0.0	0.0	0.0	0.0	0.0	0.0	0.000201863026364	0.0	0.0	0.0	0.000162611882349	0.0	0.00024111417038	2.24292251516e-05	0.0	0.000185041107501	0.0	0.0	0.0	0.0	0.0	0.00010653881947	3.36438377274e-05	0.00021307763894	0.000229899557804	0.000190648413789	0.0	0.000128968044622	0.0	0.0	0.0	0.000140182657197	0.0	0.0	0.0	0.0	2.24292251516e-05	7.85022880306e-05	0.0	3.92511440153e-05	0.0	1.12146125758e-05	0.0	7.28949817427e-05	0.00013457535091	0.0	0.0	0.0	0.0	0.0	0.0	0.0	5.6073062879e-06	0.0	0.000190648413789	0.0	0.000229899557804	0.000196255720076	0.0	0.0	0.0	0.000185041107501	0.0	0.0	0.0	0.000229899557804	0.0	0.0	0.0	0.0	0.0	0.0	0.0	0.000269150701819	0.0	0.000162611882349	5.6073062879e-05	0.0	0.000151397269773	0.0	0.0	0.0	0.0	0.0	6.16803691669e-05	0.0	0.0	3.92511440153e-05	0.0	0.00021307763894	0.0	0.0	0.0	0.0	0.0	0.0
0.0	0.0	0.0	0.0	0.0	0.0	0.000224292251516	0.000117753432046	0.000123360738334	0.0	0.0	0.0	0.0	0.0	0.000201863026364	0.0	0.000269150701819	0.0	0.0	7.28949817427e-05	6.72876754548e-05	0.0	0.0	0.000201863026364	0.0	0.0	0.00021307763894	0.0	0.0	0.0	8.97169006064e-05	0.0	0.0	0.0	0.0	0.0	0.0	0.0	0.0	0.000190648413789	0.0	0.0	0.0	0.0	0.0	9.53242068943e-05	0.0	0.000218684945228	0.0	0.0	0.000235506864092	0.0	0.0	0.0	0.0	0.0	0.0	0.0	0.0	0.0	0.0	0.0	0.0	0.0	0.000246721476668	0.000274758008107	3.36438377274e-05	0.0	0.0	0.000224292251516	1.12146125758e-05	5.04657565911e-05	0.0	0.0	0.0	0.0	0.0	0.0	0.0	0.0	0.0	0.000252328782955	0.000173826494925	0.0	0.0	0.0	0.0	0.0	0.0	0.0	0.0	0.0	0.00013457535091	0.0	0.0	0.0	0.0	4.48584503032e-05	0.000263543395531	0.0	0.0	4.48584503032e-05	0.0	0.0	0.0	0.000157004576061	0.0	0.000123360738334	0.0	0.0	0.0	0.0	0.000123360738334	2.80365314395e-05	0.0	0.0	0.0	0.0	0.000257936089243	0.0	0.0	0.0	0.0	0.0	0.0	3.36438377274e-05	0.0	0.0	0.0	0.0	0.0	0.0	0.000162611882349	0.0	0.0	0.0	3.92511440153e-05	0.000157004576061	2.24292251516e-05	0.000128968044622	0.00021307763894	0.0	0.0	0.0	0.000190648413789	0.0	0.00010653881947	0.0	0.0	0.0
0.0	0.0	0.0	6.16803691669e-05	0.0	0.0	0.0	0.0	0.0	0.0	0.0	0.0	0.0	0.0	0.0	0.0	0.000140182657197	0.0	0.0	0.0	0.0	5.6073062879e-05	1.12146125758e-05	0.0	0.0	0.0	8.97169006064e-05	0.000140182657197	0.0	0.0	0.000168219188637	0.0	8.97169006064e-05	0.0	4.48584503032e-05	0.0	0.0	0.0	0.0	0.0	0.0	0.000229899557804	0.0	0.0	0.0	0.0	0.0	0.0	0.0	5.6073062879e-05	0.0	0.0	0.0	0.0	0.0	0.0	0.0	2.24292251516e-05	0.0	0.0	0.0	0.0	0.000201863026364	0.0	5.6073062879e-06	0.0	0.0	0.0	0.0	0.000274758008107	0.0	0.0	0.0	6.72876754548e-05	0.0	5.6073062879e-06	0.0	0.000100931513182	5.04657565911e-05	0.0	0.0	0.000168219188637	0.0	0.000123360738334	0.0	0.0	0.0	0.0	0.0	5.6073062879e-05	0.0	0.0	0.0	0.0	0.0	0.0	0.0	0.0	0.0	5.6073062879e-05	0.0	0.0	0.000173826494925	3.36438377274e-05	0.0	0.0	0.0	0.000229899557804	0.0	0.0	0.0	0.00013457535091	6.16803691669e-05	0.0	0.0	0.000229899557804	0.0	0.0	0.000269150701819	1.68219188637e-05	3.36438377274e-05	0.00024111417038	0.0	5.04657565911e-05	0.000157004576061	0.0	4.48584503032e-05	9.53242068943e-05	0.0	0.0	0.0	0.0	0.000140182657197	0.0	0.0	0.0	0.000112146125758	0.0	0.0	0.000145789963485	7.85022880306e-05	0.0	0.0	0.0	0.0	0.000173826494925	0.0	0.0	0.000168219188637	0.0
0.0	8.97169006064e-05	0.0	0.0	0.0	0.0	0.0	0.000224292251516	0.0	0.0	0.0	0.0	0.000201863026364	0.0	0.0	0.0	0.0	0.0	0.0	8.41095943185e-05	8.97169006064e-05	0.0	0.0	0.0	0.0	0.0	0.0	8.97169006064e-05	0.0	0.0	0.0	0.0	0.0	0.0	0.0	0.0	0.0	0.0	8.41095943185e-05	0.000168219188637	0.0	0.0	0.0	0.0	0.000269150701819	0.0	0.000190648413789	0.000140182657197	0.0	0.0	0.0	0.0	0.0	0.000128968044622	0.0	0.0	0.000179433801213	4.48584503032e-05	0.0	0.0	0.000207470332652	0.0	0.0	0.0	0.00024111417038	0.0	6.72876754548e-05	0.0	0.000123360738334	6.72876754548e-05	0.0	0.0	0.0	0.0	0.0	0.0	0.0	0.0	0.000269150701819	0.000190648413789	0.0	0.0	0.000246721476668	0.00013457535091	0.0	0.000252328782955	2.24292251516e-05	5.6073062879e-06	0.000218684945228	0.0	0.0	0.0	0.0	0.0	0.0	0.0	0.0	0.0	0.0	1.68219188637e-05	0.0	0.0	7.28949817427e-05	1.12146125758e-05	0.0	0.000173826494925	0.00010653881947	5.04657565911e-05	0.0	0.00010653881947	0.0	0.0	0.0	0.0	2.24292251516e-05	0.000218684945228	0.000179433801213	0.0	0.0	6.72876754548e-05	0.000145789963485	0.0	0.0	0.0	0.0	0.0	0.0	0.0	0.0	0.000162611882349	0.0	0.0	0.0	0.000185041107501	0.0	0.000257936089243	0.0	0.0	0.0	0.0	0.0	5.04657565911e-05	0.000235506864092	0.000201863026364	0.0	0.0	0.000162611882349	0.0	5.6073062879e-06	2.24292251516e-05
0.0	0.0	0.0	0.0	0.0	0.00024111417038	7.85022880306e-05	0.000112146125758	0.0	0.0	0.0	0.0	0.0	0.0	0.0	0.0	0.0	0.000201863026364	0.00021307763894	0.0	0.000128968044622	0.0	0.0	0.0	0.0	0.0	0.00021307763894	0.0	0.000252328782955	5.6073062879e-05	0.000140182657197	0.0	6.72876754548e-05	0.0	9.53242068943e-05	0.0	0.000229899557804	0.0	0.0	0.0	0.0	0.0	0.0	0.000179433801213	3.36438377274e-05	0.00021307763894	0.0	0.0	7.28949817427e-05	0.000185041107501	1.68219188637e-05	0.0	0.0	0.0	0.0	0.000145789963485	0.0	0.0	0.000117753432046	0.0	0.0	1.12146125758e-05	0.0	0.0	0.0	8.97169006064e-05	0.000246721476668	0.0	0.0	0.0	0.0	0.000179433801213	0.0	0.0	0.000274758008107	0.0	0.0	0.0	0.000117753432046	0.0	0.0	0.0	0.0	0.0	0.0	0.0	1.68219188637e-05	0.0	0.0	0.0	0.0	0.0	1.12146125758e-05	0.000173826494925	1.12146125758e-05	0.00024111417038	0.0	0.0	0.000257936089243	0.0	0.000257936089243	0.0	0.000229899557804	0.0	0.0	0.0	0.0	0.0	3.36438377274e-05	0.0	0.0	0.0	0.0	2.80365314395e-05	0.000190648413789	0.000218684945228	0.0	0.0	0.0	0.0	0.0	0.0	0.0	0.000229899557804	0.0	2.80365314395e-05	0.0	0.0	0.0	0.000112146125758	0.0	0.0	0.0	0.0	0.0	5.6073062879e-06	0.0	0.0	0.0	0.0	0.000274758008107	0.0	0.0	0.0	0.0	0.0	0.0	0.0	6.72876754548e-05	0.000157004576061
0.0	0.0	0.0	0.0	0.0	0.0	0.0	0.0	0.0	0.0	0.0	0.0	0.000269150701819	0.000140182657197	0.0	0.0	0.0	6.72876754548e-05	0.0	0.0	0.0	0.00021307763894	0.0	0.0	0.0	0.000257936089243	0.0	0.0	0.000207470332652	0.0	0.0	0.0	0.0	0.000173826494925	0.0	0.0	0.0	0.0	0.0	0.000112146125758	0.0	0.0	0.0	0.000274758008107	0.000168219188637	0.0	0.0	4.48584503032e-05	0.0	0.0	0.000269150701819	0.0	0.0	0.0	0.0	0.0	0.000269150701819	0.0	0.0	0.000196255720076	0.0	0.0	0.0	0.0	0.0	0.0	0.0	0.0	0.0	0.0	0.000257936089243	0.00024111417038	0.0	0.0	0.0	0.000252328782955	0.0	0.0	0.0	0.000179433801213	0.000168219188637	0.0	0.0	0.0	0.0	0.0	0.0	2.24292251516e-05	0.000151397269773	0.0	0.000128968044622	0.0	0.0	0.0	0.0	0.000145789963485	0.0	0.0	0.0	0.0	0.0	0.0	0.000117753432046	0.00021307763894	0.0	0.0	0.000128968044622	0.0	0.0	6.72876754548e-05	0.0	0.0	0.0	5.04657565911e-05	0.0	0.000190648413789	0.0	0.0	0.0	0.0	0.000207470332652	0.0	0.0	0.0	0.0	0.0	0.000257936089243	0.0	0.0	0.0	0.000263543395531	0.000235506864092	0.000257936089243	0.0	0.0	4.48584503032e-05	0.0	5.6073062879e-05	0.0	0.00021307763894	0.0	0.0	0.0	0.0	0.0	0.0	9.53242068943e-05	0.0	0.000145789963485	1.12146125758e-05
0.0	0.0	0.0	0.0	0.0	0.0	0.0	9.53242068943e-05	0.000257936089243	0.0	0.0	0.0	0.0	0.0	0.0	0.000201863026364	6.72876754548e-05	0.0	0.0	0.0	0.0	0.0	0.0	0.000173826494925	0.0	0.0	0.0	0.0	0.0	0.000185041107501	0.000224292251516	0.0	0.0	0.000252328782955	0.000157004576061	0.0	0.0	0.0	0.0	0.0	0.000207470332652	0.00024111417038	0.0	0.0	0.0	0.0	0.0	0.0	0.0	0.0	0.0	0.000207470332652	0.0	0.0	0.0	0.0	0.0	0.0	2.80365314395e-05	0.0	0.000252328782955	0.0	0.0	0.0	0.0	0.0	0.0	0.0	0.0	0.0	0.0	0.000190648413789	0.000207470332652	0.0	0.000179433801213	0.0	0.00024111417038	0.0	0.0	0.0	0.0	0.0	0.000229899557804	0.0	0.0	0.000269150701819	0.0	0.0	0.0	0.0	0.0	0.0	0.0	0.0	0.0	0.000201863026364	0.0	2.24292251516e-05	0.0	0.0	0.00024111417038	0.000257936089243	0.0	0.000145789963485	0.0	0.0	0.0	0.0	0.0	0.0	0.0	0.0	5.6073062879e-06	0.0	0.0	0.0	0.0	0.0	0.0	5.6073062879e-05	1.12146125758e-05	0.0	0.0	0.0	0.0	0.0	0.0	0.0	0.00021307763894	0.0	6.72876754548e-05	0.0	0.0	0.0	0.0	0.0	0.0	0.000185041107501	0.0	0.0	0.0	0.0	0.000168219188637	6.16803691669e-05	0.0	0.0	0.0	0.000140182657197	0.0	0.000235506864092
0.0	0.0	0.0	0.0	0.0	0.0	0.0	0.0	0.000207470332652	0.0	0.000151397269773	2.80365314395e-05	0.0	0.0	0.0	0.00021307763894	0.0	0.0	0.0	0.0	0.0	0.00024111417038	0.0	8.41095943185e-05	0.000123360738334	0.0	0.000117753432046	0.000168219188637	0.0	0.000123360738334	0.0	0.000224292251516	0.0	0.0	0.000100931513182	9.53242068943e-05	0.0	0.0	0.0	0.0	0.0	0.0	0.0	0.0	0.0	0.0	0.0	0.0	0.000274758008107	0.0	0.000201863026364	0.0	0.000151397269773	0.0	0.0	0.0	0.0	0.0	0.0	0.0	0.0	0.0	0.0	0.0	0.000207470332652	0.0	5.6073062879e-05	0.0	0.0	8.41095943185e-05	0.0	0.0	0.0	0.0	0.0	8.41095943185e-05	0.0	0.0	9.53242068943e-05	0.0	0.0	1.68219188637e-05	0.000207470332652	0.0	0.000246721476668	6.16803691669e-05	0.0	0.0	0.0	0.0	0.0	0.0	0.000100931513182	0.0	0.0	1.68219188637e-05	0.0	0.0	0.0	0.0	0.0	0.0	0.0	0.000145789963485	0.0	0.0	0.0	0.0	0.0	0.000218684945228	0.0	0.0	0.0	0.0	0.0	0.0	0.000218684945228	0.0	0.0	0.0	0.0	2.24292251516e-05	0.0	0.0	0.0	0.000218684945228	0.0	0.0	0.000263543395531	0.0	0.0	0.0	0.0	0.0	0.0	0.00013457535091	0.0	0.0	0.0	0.0	0.0	0.0	0.0	0.000173826494925	0.000229899557804	0.0	9.53242068943e-05	0.0	3.92511440153e-05	0.0
0.0	0.0	0.00024111417038	0.0	0.0	0.000123360738334	0.0	0.0	0.0	0.0	0.0	0.0	7.28949817427e-05	0.0	8.41095943185e-05	0.0	0.0	0.0	0.0	0.0	0.0	0.0	0.0	0.000168219188637	0.0	0.0	0.0	0.0	0.0	0.0	0.000151397269773	0.000207470332652	0.0	0.0	5.04657565911e-05	0.000123360738334	7.28949817427e-05	0.0	0.0	0.0	0.0	0.0	0.0	0.0	0.0	0.000179433801213	0.0	0.0	0.000229899557804	0.000190648413789	0.0	0.0	0.000257936089243	0.0	0.0	0.0	0.0	0.0	0.0	0.0	5.04657565911e-05	0.0	0.0	0.0	0.0	0.0	0.0	0.0	0.0	0.0	0.0	0.0	0.000185041107501	0.0	0.0	0.0	0.0	0.000140182657197	0.0	0.0	0.000218684945228	0.0	0.0	0.0	0.0	8.97169006064e-05	0.000229899557804	0.0	0.0	0.000117753432046	0.0	0.0	0.0	0.0	0.0	0.0	0.0	0.0	1.12146125758e-05	0.0	0.0	0.000201863026364	0.0	2.24292251516e-05	0.0	0.0	0.0	0.000123360738334	0.0	0.0	0.0	0.0	0.0	8.97169006064e-05	0.0	0.0	0.0	0.0	0.0	0.0	2.24292251516e-05	0.0	0.0	1.68219188637e-05	0.000257936089243	0.0	0.0	0.0	0.0	0.0	0.0	0.0	0.0	0.0	0.0	0.0	0.0	0.0	0.0	0.0	3.92511440153e-05	0.0	0.0	0.000100931513182	6.16803691669e-05	0.0	0.0	0.0	0.0	0.0
0.000157004576061	0.0	0.000269150701819	0.000173826494925	0.0	0.0	0.0	0.0	0.0	8.41095943185e-05	0.0	0.0	6.72876754548e-05	0.0	8.97169006064e-05	0.000128968044622	0.0	0.0	0.0	0.0	0.0	0.000157004576061	4.48584503032e-05	0.00013457535091	0.0	0.0	7.85022880306e-05	0.000201863026364	2.80365314395e-05	0.00010653881947	0.000168219188637	0.0	0.0	0.0	0.0	0.0	0.0	0.0	0.0	0.0	3.36438377274e-05	0.0	0.0	0.0	0.0	0.000145789963485	0.0	0.0	0.0	0.000140182657197	0.0	0.0	0.0	0.0	0.0	0.0	0.0	0.000252328782955	0.0	8.41095943185e-05	0.0	0.0	0.0	0.0	0.0	6.16803691669e-05	0.0	7.28949817427e-05	0.0	0.00021307763894	0.00024111417038	0.0	0.0	0.0	0.0	0.0	0.0	0.0	0.000224292251516	0.0	0.0	0.0	0.0	0.0	0.0	0.0	0.0	0.0	0.00024111417038	0.0	0.0	0.0	0.0	0.0	0.0	0.0	0.0	0.0	0.0	0.00024111417038	0.0	3.36438377274e-05	0.0	0.0	0.0	0.0	0.0	0.00013457535091	0.0	0.0	5.6073062879e-05	0.000157004576061	0.0	0.0	0.0	0.000201863026364	0.0	0.0	0.0	0.0	0.0	0.0	3.36438377274e-05	0.0	0.0	0.0	0.0	0.0	0.0	0.0	0.0	6.72876754548e-05	0.000190648413789	0.0	4.48584503032e-05	5.6073062879e-05	2.24292251516e-05	0.0	0.000179433801213	0.0	0.0	0.0	0.000157004576061	0.0	1.12146125758e-05	0.0	0.000269150701819	0.0	0.0	0.0
0.0	0.000263543395531	0.0	0.0	0.0	0.0	0.0	0.0	0.0	0.0	0.000128968044622	0.0	0.0	5.6073062879e-05	0.0	0.0	0.00021307763894	0.0	0.00024111417038	0.0	0.000157004576061	0.0	0.0	0.0	0.0	0.0	0.0	0.0	0.00013457535091	0.0	0.0	0.0	0.0	9.53242068943e-05	0.0	0.000218684945228	0.0	0.0	0.0	0.0	0.0	0.0	0.0	0.000117753432046	0.0	0.0	0.0	0.00024111417038	0.0	0.0	0.0	8.41095943185e-05	0.000263543395531	0.0	0.0	0.0	0.0	0.0	1.12146125758e-05	0.0	0.0	0.0	0.0	0.0	0.0	0.0	0.0	0.0	0.0	0.0	0.0	0.0	4.48584503032e-05	0.0	0.000140182657197	0.000252328782955	0.0	0.000117753432046	0.0	0.0	0.000179433801213	0.0	0.000179433801213	0.000257936089243	0.0	0.0	0.0	0.0	0.0	0.000190648413789	0.0	0.0	0.0	1.68219188637e-05	0.00013457535091	0.0	0.0	0.0	0.000173826494925	0.0	0.0	0.0	1.12146125758e-05	0.0	0.0	0.0	0.000190648413789	0.0	5.6073062879e-06	0.000269150701819	0.0	0.0	0.0	0.0	0.0	0.0	0.0	0.0	0.000190648413789	0.000218684945228	0.0	2.80365314395e-05	0.0	0.0	0.0	0.0	0.0	0.0	0.0	0.000179433801213	0.0	0.0	3.36438377274e-05	0.0	0.0	0.000151397269773	0.0	0.0	0.0	0.0	0.0	0.000190648413789	0.0	0.000157004576061	0.0	0.000252328782955	0.0	0.0	0.000196255720076	0.000218684945228
0.0	0.0	0.0	0.0	0.0	0.0	0.0	0.0	0.0	0.0	0.0	0.0	0.0	1.12146125758e-05	0.0	0.0	0.0	0.0	0.0	0.0	4.48584503032e-05	0.0	0.0	0.000157004576061	0.0	0.0	0.0	0.0	0.00024111417038	0.0	0.0	0.0	0.0	0.0	0.0	0.0	0.0	0.0	0.0	0.0	0.0	0.000269150701819	0.0	0.0	0.0	0.0	0.0	0.0	0.0	0.0	3.36438377274e-05	0.0	0.0	0.0	0.0	0.0	0.0	0.0	0.0	0.0	0.0	0.0	0.0	4.48584503032e-05	0.0	0.0	0.0	0.0	0.000263543395531	0.0	0.00010653881947	5.6073062879e-06	0.0	0.0	0.000229899557804	0.000168219188637	0.000229899557804	0.0	0.0	0.0	0.000235506864092	0.0	0.000246721476668	0.0	0.0	0.000173826494925	0.0	0.0	0.000252328782955	0.0	0.0	0.0	0.0	0.0	2.80365314395e-05	0.0	0.0	0.0	0.0	0.000235506864092	7.28949817427e-05	0.0	0.0	0.0	0.000274758008107	0.0	0.0	0.000269150701819	0.0	0.000100931513182	0.0	0.0	0.0	0.000235506864092	0.0	0.000252328782955	0.0	0.0	0.000168219188637	0.0	0.0	0.0	0.0	0.0	0.0	0.0	0.0	0.0	0.0	0.000145789963485	0.0	0.000224292251516	0.0	5.6073062879e-06	0.00021307763894	0.0	6.16803691669e-05	0.0	0.0	0.0	0.0	0.000218684945228	0.000263543395531	0.0	0.0	0.000117753432046	0.0	0.0	0.0	0.0
0.000190648413789	0.0	0.0	0.0	0.0	0.0	0.0	0.0	0.0	0.0	0.0	0.000168219188637	0.000201863026364	0.0	0.0	0.0	0.0	0.000173826494925	8.41095943185e-05	0.000168219188637	0.00013457535091	0.0	0.000157004576061	0.0	0.0	0.0	0.0	0.0	0.00021307763894	0.000168219188637	0.0	0.0	0.0	0.0	0.0	0.0	0.0	0.0	0.0	0.000145789963485	0.0	0.000100931513182	0.0	0.0	0.0	0.0	0.0	0.0	0.000151397269773	0.0	0.0	0.0	0.0	0.0	0.0	0.0	0.0	0.0	0.0	3.36438377274e-05	0.0	0.0	0.000196255720076	0.0	0.000274758008107	0.0	0.0	0.000274758008107	0.0	0.0	0.000162611882349	0.0	1.12146125758e-05	0.0	0.0	0.000100931513182	0.0	0.0	0.000218684945228	0.0	0.0	0.0	0.0	0.000257936089243	6.72876754548e-05	1.68219188637e-05	0.000173826494925	0.0	0.0	0.0	9.53242068943e-05	0.000168219188637	0.0	0.0	0.000218684945228	0.0	0.0	0.0	0.0	0.0	0.0	0.0	8.97169006064e-05	0.0	0.000128968044622	0.0	0.0	0.0	0.000168219188637	0.0	5.6073062879e-05	0.0	0.000218684945228	0.0	0.0	0.0	0.000123360738334	0.000218684945228	0.0	0.0	0.000229899557804	0.0	0.0	0.0	0.0	0.0	0.0	0.0	0.0	0.000218684945228	0.000123360738334	0.0	0.0	0.0	0.0	0.0	0.0	0.000257936089243	0.0	3.92511440153e-05	0.000235506864092	0.0	0.0	0.000168219188637	0.0	0.0	0.0	0.0	0.000224292251516	0.0
0.0	0.0	5.6073062879e-06	0.00021307763894	0.000269150701819	0.0	0.000235506864092	0.0	9.53242068943e-05	0.0	0.000157004576061	0.00024111417038	0.0	0.0	0.0	0.0	0.0	0.0	0.000123360738334	0.0	0.0	0.0	0.0	0.0	0.0	7.85022880306e-05	0.0	8.97169006064e-05	0.000173826494925	0.000128968044622	0.0	0.0	0.0	0.0	0.0	0.000246721476668	0.0	0.00024111417038	5.6073062879e-05	0.000185041107501	0.0	0.0	0.0	0.0	0.0	0.0	0.0	0.0	1.68219188637e-05	0.00024111417038	0.000190648413789	0.0	0.0	0.0	0.000224292251516	0.0	0.0	0.000128968044622	8.97169006064e-05	0.000173826494925	0.0	5.6073062879e-06	0.000140182657197	0.000117753432046	0.0	0.0	6.72876754548e-05	0.0	0.0	0.0	0.0	0.0	0.0	0.000207470332652	0.0	0.0	0.0	0.0	0.0	0.0	0.0	5.6073062879e-05	0.000168219188637	0.0	1.68219188637e-05	0.0	0.0	0.0	0.0	0.000145789963485	0.0	0.000218684945228	0.0	0.0	0.0	0.000123360738334	0.0	0.000123360738334	0.000140182657197	0.0	0.0	0.0	0.0	0.0	0.0	5.04657565911e-05	0.0	2.24292251516e-05	0.0	0.0	0.0	0.0	0.0	0.00021307763894	0.0	0.0	0.0	0.0	0.0	0.0	1.68219188637e-05	0.0	0.0	0.0	0.0	0.0	0.0	0.0	0.00010653881947	0.0	0.0	0.0	0.0	0.0	0.000100931513182	0.0	0.0	0.0	0.0	0.000246721476668	0.00010653881947	0.0	0.0	0.0	0.00024111417038	3.36438377274e-05	0.0	0.0	0.0	0.0
0.0	0.0	0.000218684945228	0.0	0.0	0.0	0.0	0.0	0.0	0.0	0.0	0.00010653881947	0.0	0.0	0.0	0.0	0.000257936089243	0.0	0.0	0.0	0.0	0.0	0.0	0.0	7.85022880306e-05	0.0	0.0	0.0	0.0	0.000269150701819	8.97169006064e-05	0.0	0.0	0.0	0.000112146125758	0.0	4.48584503032e-05	0.0	0.0	0.0	0.000257936089243	0.0	0.0	0.0	0.000269150701819	0.0	0.0	0.0	0.00010653881947	0.0	5.6073062879e-05	0.0	0.0	0.0	0.000157004576061	0.0	0.0	0.0	0.000263543395531	0.0	0.0	0.0	0.0	0.0	0.0	0.0	0.0	0.00021307763894	0.0	0.000128968044622	0.000201863026364	0.00021307763894	0.0	0.0	0.0	0.0	0.0	0.0	0.0	0.0	0.000218684945228	0.0	0.0	0.0	0.000229899557804	0.00013457535091	0.0	2.80365314395e-05	2.80365314395e-05	0.0	0.000140182657197	0.0	0.0	0.0	0.0	0.0	5.6073062879e-05	6.16803691669e-05	0.0	0.0	0.0	0.0	0.0	0.0	0.0	0.0	0.0	0.000185041107501	0.0	2.80365314395e-05	0.0	0.0	0.0	0.0	0.0	0.0	0.0	0.0	0.0	0.0	0.0	3.36438377274e-05	0.0	0.0	6.16803691669e-05	0.0	0.000112146125758	0.0	0.0	0.0	2.24292251516e-05	0.00013457535091	0.0	0.0	0.0	0.0	0.0	0.0	0.0	0.000196255720076	0.000100931513182	5.6073062879e-05	0.0	0.0	0.0	0.000100931513182	0.000117753432046	0.0	0.0	0.0
0.000185041107501	0.0	0.0	0.0	0.0	0.0	0.0	0.0	0.0	0.0	0.0	0.0	0.00021307763894	8.97169006064e-05	0.0	0.00021307763894	0.0	0.0	0.000117753432046	0.0	7.85022880306e-05	0.0	0.0	0.0	0.0	0.0	0.0	3.92511440153e-05	0.0	0.0	0.000229899557804	0.0	0.0	0.0	0.0	2.24292251516e-05	0.000123360738334	0.0	0.0	4.48584503032e-05	0.000100931513182	0.0	0.000185041107501	0.0	0.0	0.0	0.000224292251516	0.0	0.0	1.68219188637e-05	0.0	0.000151397269773	0.0	7.28949817427e-05	0.0	0.0	0.0	0.0	0.0	0.0	0.0	0.0	0.0	0.0	0.0	0.0	0.0	0.0	0.0	5.6073062879e-05	0.0	0.0	0.000151397269773	7.85022880306e-05	0.000190648413789	0.000185041107501	0.000151397269773	0.0	0.0	0.0	0.00021307763894	0.0	0.000140182657197	0.00021307763894	0.0	5.6073062879e-05	0.0	0.0	0.0	0.0	0.0	0.000112146125758	0.0	0.000140182657197	0.0	0.000252328782955	0.0	0.0	0.0	0.0	0.0	0.0	0.00024111417038	0.000185041107501	0.0	0.0	0.000100931513182	0.0	0.0	0.0	0.0	7.28949817427e-05	0.000140182657197	0.000257936089243	0.0	0.000145789963485	0.0	0.0	0.0	0.0	0.000201863026364	0.0	0.0	0.0	0.0	0.0	5.6073062879e-06	8.41095943185e-05	0.0	1.68219188637e-05	0.0	2.24292251516e-05	2.80365314395e-05	0.0	0.000145789963485	0.000269150701819	0.0	0.000218684945228	0.000218684945228	0.0	0.0	0.0	0.000246721476668	0.0	0.0	8.41095943185e-05	0.0	0.0	0.0	0.0
0.0	0.0	0.0	0.0	1.68219188637e-05	9.53242068943e-05	0.0	0.0	0.0	0.0	0.0	0.0	0.0	0.000140182657197	8.97169006064e-05	0.0	0.0	0.0	0.000168219188637	0.0	0.000201863026364	0.0	0.0	0.0	8.97169006064e-05	0.0	3.92511440153e-05	0.0	0.0	0.0	0.0	0.0	0.0	0.00024111417038	0.0	3.92511440153e-05	0.0	0.0	0.000246721476668	0.0	2.80365314395e-05	0.0	0.0	0.0	0.0	0.0	0.0	0.000201863026364	0.0	0.0	0.0	0.0	0.00010653881947	0.0	0.0	0.000257936089243	0.0	0.0	0.0	0.000263543395531	9.53242068943e-05	0.0	0.0	0.000207470332652	0.0	5.6073062879e-06	0.0	0.0	0.0	0.0	0.0	0.0	0.000185041107501	7.85022880306e-05	0.0	0.0	0.0	0.0	0.000201863026364	0.0	0.0	0.000235506864092	0.0	0.0	0.000257936089243	0.0	0.0	0.0	0.000252328782955	6.72876754548e-05	0.0	0.0	0.0	0.0	0.0	0.000185041107501	0.0	0.0	9.53242068943e-05	0.0	0.0	0.0	0.000274758008107	0.0	9.53242068943e-05	0.0	0.0	0.0	0.0	0.0	7.85022880306e-05	0.0	0.000123360738334	8.97169006064e-05	0.0	0.0	1.12146125758e-05	0.0	0.0	6.16803691669e-05	0.0	0.0	0.0	0.0	0.0	0.0	0.0	0.0	0.000257936089243	0.000140182657197	0.0	0.0	0.0	0.000151397269773	0.00010653881947	0.0	0.0	0.0	0.0	0.0	0.0	0.0	0.0	0.000246721476668	0.0	0.0	5.04657565911e-05	0.000196255720076	0.0	0.000173826494925
0.0	0.000151397269773	0.0	0.0	0.0	0.0	0.0	0.0	0.0	0.0	9.53242068943e-05	0.0	0.0	0.0	0.0	0.000252328782955	0.000207470332652	0.0	0.0	0.0	2.80365314395e-05	0.00013457535091	0.00024111417038	0.00021307763894	0.000173826494925	0.0	0.0	0.0	0.0	0.0	8.97169006064e-05	0.0	0.0	0.0	0.0	0.00013457535091	0.0	0.0	0.0	0.000190648413789	0.0	0.0	0.0	0.0	0.0	0.0	0.0	0.0	0.000117753432046	0.0	0.0	0.0	0.0	0.0	3.92511440153e-05	0.000128968044622	0.000112146125758	5.04657565911e-05	0.0	0.0	0.0	8.41095943185e-05	0.0	0.0	0.0	0.0	0.0	0.000128968044622	5.6073062879e-06	0.0	0.0	0.0	0.0	4.48584503032e-05	0.000269150701819	0.0	0.0	0.0	0.0	0.0	0.0	0.0	0.0	0.0	0.0	0.0	0.0	0.0	0.000201863026364	0.0	0.0	0.0	0.0	0.0	0.0	0.0	1.68219188637e-05	0.0	3.92511440153e-05	0.000185041107501	0.0	0.0	0.0	0.0	0.0	0.0	0.000151397269773	8.41095943185e-05	0.000218684945228	0.0	0.0	5.04657565911e-05	0.000224292251516	0.0	0.0	0.000218684945228	0.000173826494925	0.000140182657197	0.0	0.0	0.0	0.000263543395531	0.0	0.0	0.0	0.0	0.0	0.0	7.28949817427e-05	0.0	0.0	0.0	0.0	0.0	0.0	0.0	7.28949817427e-05	0.0	7.85022880306e-05	0.0	0.0	0.0	0.0	0.000168219188637	0.0	0.0	0.0	0.0	0.00013457535091	0.00010653881947
0.0	0.000246721476668	0.000140182657197	0.000100931513182	0.000117753432046	0.0	0.0	0.0	0.0	0.0	0.0	0.0	0.0	0.0	0.0	5.6073062879e-05	0.0	0.000185041107501	0.000123360738334	0.0	0.00010653881947	0.0	0.0	0.000168219188637	0.000128968044622	0.000269150701819	0.0	0.0	0.0	0.0	0.000207470332652	0.0	0.0	0.0	0.0	0.0	0.0	0.0	0.0	0.0	0.000112146125758	0.0	0.0	0.0	0.0	0.0	0.0	0.0	0.0	0.000224292251516	2.24292251516e-05	0.000246721476668	0.0	0.0	0.0	0.0	0.000224292251516	0.000224292251516	1.68219188637e-05	0.0	0.0	0.0	0.000274758008107	0.000224292251516	0.0	0.0	0.0	0.0	0.0	0.0	0.0	0.0	0.0	0.0	0.0	2.24292251516e-05	0.0	0.0	9.53242068943e-05	0.0	0.000173826494925	0.0	0.0	0.0	0.0	0.0	7.28949817427e-05	0.0	0.0	0.0	0.0	0.0	0.0	0.0	0.0	0.0	0.0	0.0	0.0	0.000263543395531	0.0	0.0	0.0	0.0	0.0	0.0	0.000274758008107	0.0	0.00010653881947	0.0	0.0	0.0	0.0	0.0	0.0	0.0	0.000117753432046	0.0	0.0	0.0	0.000140182657197	0.000112146125758	0.0	0.0	0.0	0.0	0.000117753432046	0.000229899557804	0.0	0.0	0.00021307763894	0.000257936089243	0.0	0.0	0.0	0.000162611882349	0.0	0.0	0.0	0.000168219188637	0.0	0.0	0.0	0.000173826494925	0.0	0.000274758008107	0.000145789963485	0.0	0.0	0.0
0.0	0.0	0.0	0.0	0.0	0.0	0.0	6.72876754548e-05	0.0	2.24292251516e-05	0.000123360738334	0.00013457535091	8.97169006064e-05	0.000168219188637	0.0	0.000140182657197	0.0	0.000224292251516	0.0	0.000151397269773	0.000168219188637	0.0	0.0	0.0	0.0	8.97169006064e-05	0.000229899557804	0.0	8.97169006064e-05	0.000207470332652	0.0	0.0	7.85022880306e-05	0.0	0.0	0.0	0.0	4.48584503032e-05	0.000274758008107	0.0	0.0	0.0	0.0	0.0	0.0	0.0	0.000185041107501	0.0	0.000263543395531	0.000263543395531	0.0	0.0	6.72876754548e-05	0.000218684945228	0.000173826494925	0.000185041107501	0.000224292251516	0.0	0.0	0.0	0.00010653881947	0.000157004576061	0.0	0.0	0.0	0.000196255720076	0.0	0.0	9.53242068943e-05	0.0	0.000201863026364	0.000168219188637	7.28949817427e-05	3.36438377274e-05	0.000117753432046	0.0	0.0	0.0	0.0	0.0	0.000151397269773	0.0	0.0	0.000157004576061	0.000269150701819	0.0	0.0	0.0	0.000179433801213	6.72876754548e-05	0.000162611882349	0.0	1.12146125758e-05	3.92511440153e-05	0.0	0.0	0.000168219188637	0.0	0.0	0.0	0.0	0.000123360738334	6.72876754548e-05	0.0	0.0	0.0	0.0	0.0	2.80365314395e-05	0.0	0.0	0.0	0.0	4.48584503032e-05	8.41095943185e-05	0.0	0.0	0.0	0.0	0.0	0.00010653881947	0.000190648413789	0.0	0.0	0.000257936089243	0.0	0.0	0.0	8.41095943185e-05	0.0	9.53242068943e-05	0.0	0.00013457535091	0.0	0.0	0.0	3.92511440153e-05	0.00010653881947	0.0	0.0	0.0	0.0	0.000173826494925	0.0	0.0	0.0	0.0	3.92511440153e-05	0.0	0.0
0.000207470332652	0.0	0.0	0.000190648413789	0.0	0.0	0.0	8.97169006064e-05	0.0	0.0	0.0	0.0	0.0	0.0	0.0	0.0	0.0	0.0	0.000224292251516	0.000207470332652	0.0	0.0	0.0	0.0	0.0	0.0	0.0	0.0	0.0	0.0	0.0	0.0	0.000157004576061	0.0	0.0	0.000140182657197	0.0	0.0	0.0	0.0	0.000252328782955	0.000274758008107	0.0	0.0	0.000190648413789	6.72876754548e-05	0.0	0.0	0.0	0.0	0.000218684945228	1.12146125758e-05	0.0	0.0	0.0	0.0	0.0	0.0	0.0	0.0	0.0	0.0	0.000151397269773	0.00010653881947	0.0	0.0	3.36438377274e-05	0.0	0.0	7.28949817427e-05	0.0	0.0	0.0	0.0	0.0	0.000207470332652	0.0	0.0	0.0	0.0	0.0	0.0	0.0	0.0	0.000263543395531	0.0	5.6073062879e-06	0.0	0.0	0.00021307763894	0.0	0.0	0.0	0.0	0.0	0.000207470332652	0.0	0.0	0.0	0.0	0.0	0.000123360738334	0.0	0.0	0.0	0.0	3.36438377274e-05	0.0	9.53242068943e-05	0.0	0.000112146125758	0.0	0.0	0.0	1.12146125758e-05	0.0	0.0	0.0	0.0	0.0	6.72876754548e-05	0.0	0.0	0.0	0.000224292251516	0.0	0.000173826494925	0.0	0.0	9.53242068943e-05	0.000190648413789	0.000112146125758	0.0	0.0	0.000162611882349	0.0	0.0	4.48584503032e-05	0.000168219188637	0.0	0.0	0.0	0.0	0.0	0.0	0.0	3.36438377274e-05	0.0	0.0	3.36438377274e-05
0.0	5.6073062879e-06	0.000224292251516	7.28949817427e-05	0.00021307763894	0.0	3.36438377274e-05	0.0	0.0	0.0	0.0	0.0	0.0	8.97169006064e-05	0.0	6.72876754548e-05	0.0	0.0	0.0	0.0	0.0	0.0	0.0	0.0	0.0	0.0	0.0	0.0	0.0	0.0	7.85022880306e-05	0.000157004576061	0.0	1.68219188637e-05	0.00010653881947	0.0	0.0	0.0	0.0	0.0	0.0	0.000269150701819	0.0	0.0	0.000140182657197	5.04657565911e-05	0.0	0.0	0.0	0.0	0.0	0.0	0.0	0.000168219188637	0.0	0.0	0.0	0.0	0.0	0.0	0.000162611882349	0.000252328782955	0.000257936089243	0.0	0.0	0.0	5.6073062879e-05	0.0	0.0	0.000190648413789	0.0	0.0	0.000162611882349	0.0	0.0	0.0	0.0	0.0	0.0	7.28949817427e-05	9.53242068943e-05	0.0	0.0	0.0	0.0	0.0	0.0	0.000252328782955	0.0	0.000263543395531	0.0	0.0	0.0	0.0	0.0	0.0	0.0	8.41095943185e-05	0.000123360738334	0.000263543395531	0.0	0.0	0.0	8.97169006064e-05	0.0	0.000100931513182	0.0	0.0	0.0	0.0	0.0	0.0	0.0	0.0	0.0	0.000218684945228	5.6073062879e-05	0.0	0.0	0.0	0.0	0.000190648413789	0.0	6.72876754548e-05	0.0	0.0	0.000112146125758	0.000151397269773	0.0	0.0	0.0	0.0	0.0	0.0	0.0	0.0	0.000157004576061	0.0	0.0	0.0	0.000229899557804	0.0	0.0	0.000117753432046	0.000224292251516	0.0	0.0	0.000157004576061	0.0	0.000252328782955
